4295098369
4295229443
4295491591
4296015887
4296409109
4296802331
4297850923
4297981997
4298375219
4299161663
4299817033
4300341329
4301127773
4301389921
4302307439
4302569587
4302962809
4304273549
4304928919
4305715363
4305846437
4306239659
4306632881
4306895029
4307026103
4307681473
4307812547
4309778657
4310827249
4311613693
4312924433
4314104099
4314366247
4314759469
4314890543
4315152691
4315676987
4316725579
4317643097
4318822763
4320264577
4320657799
4320788873
4322230687
4322623909
4323017131
4324196797
4324327871
4324983241
4327342573
4327866869
4328129017
4328522239
4329832979
4330095127
4330881571
4331274793
4332192311
4332454459
4332585533
4334420569
4335993457
4336517753
4336779901
4337173123
4337959567
4339925677
4341105343
4343202527
4344644341
4345168637
4347527969
4347921191
4348183339
4348969783
4349100857
4349887301
4350149449
4350542671
4351853411
4352508781
4353688447
4354868113
4355392409
4355785631
4356047779
4357620667
4358144963
4358800333
4359717851
4360111073
4360373221
4360897517
4361683961
4362732553
4362863627
4363912219
4364305441
4364829737
4365878329
