(441711766194596082395824375185729704722866733959109495047403986302796721, 2, 664613997892457936451903530140172297, 664613997892457936451903530140172393)
(441711766194597259352399760188372864118123775075364171554611795746357383, 4, 664613997892457936451903530140172297, 664613997892459707339334606257127439)
(441711766194598240149545914357242252007833029035815283413787812258906769, 4, 664613997892457936451903530140172297, 664613997892461183078860503021256777)
(441711766194598240149545914357242315810776826712088858984396102299557361, 4, 664613997892457936451903530140172393, 664613997892461183078860503021256777)
(441711766194610598193587456915049933262884807427516746351945260778669893, 4, 664613997892478301657360905485156441, 664613997892459412191429426904301773)
(441711766194597063192970529354599120526363899402793937886528268702582581, 5, 664613997892457936451903530140172297, 664613997892459412191429426904301773)
(441711766194597063192970529354599184329307697078897508263753251515552789, 5, 664613997892457936451903530140172393, 664613997892459412191429426904301773)
(441711766194609617396441302716126715009986559210675519369991007739314977, 5, 664613997892457936451903530140172297, 664613997892478301657360905485156441)
(441711766194609617396441302716126778812930356888592478476637934314333313, 5, 664613997892457936451903530140172393, 664613997892478301657360905485156441)
(441711766194611775150162841953757551120102679169693850147365870276450657, 5, 664613997892478301657360905485156441, 664613997892461183078860503021256777)


(441711766194597259352399760188372927921067572751496076130733996430591527, 6, 664613997892457936451903530140172393, 664613997892459707339334606257127439)
(441711766194610794353016687754834424583936140114858251881216574188684599, 7, 664613997892478301657360905485156441, 664613997892459707339334606257127439)
(441711766194620111925905152644603881434953038811303123843460762999735421, 8, 664613997892478301657360905485156441, 664613997892473726864830625516355781)
(441711766194606576925288224792631803827796465382671183464381330891998957, 9, 664613997892457936451903530140172297, 664613997892473726864830625516355781)
(441711766194606576925288224792631867630740263060148962488121380462153933, 9, 664613997892457936451903530140172393, 664613997892473726864830625516355781)
(441711766194607753881863609823238070810092343348881700409245900581374859, 9, 664613997892473726864830625516355781, 664613997892459707339334606257127439)
(441711766194608734679009764015409995186547463288497988365989527689377837, 9, 664613997892473726864830625516355781, 664613997892461183078860503021256777)
(441711766195756267340010141541282989649961202832414990530462005095039219, 10, 664613997892457936451903530140172297, 664613997894203588737086812428697627)
(441711766195757444296585529635279903708537914383879677751644352935887253, 10, 664613997894203588737086812428697627, 664613997892459707339334606257127439)
(441711766212747008621741897829676267373738979988488432126482397716808301, 10, 664613997918022762554823533857341463, 664613997894203588737086812428697627)


(441711766211600358678128952340349185242401939844940741080974800910813183, 11, 664613997918022762554823533857341463, 664613997892478301657360905485156441)
(441711766211586823677511504177016043114205733319002694715505213182050511, 12, 664613997892457936451903530140172297, 664613997918022762554823533857341463)
(441711777798033314067067874427244784992167764668811544873334388465604283, 12, 664614007521921910007614635765661949, 664614005721905741873536991540281367)
(1766847064773539191681296418217603194830485131554559420720575871098825449, 12, 1329227995781417042061858422206234793, 1329227995784769627116790690955132993)
(441711766211597318206975757463078780515413950023227877426791868711047603, 13, 664613997918022762554823533857341463, 664613997892473726864830625516355781)
(441711766211586823677511504177016106917149533449187899978564463486830959, 14, 664613997892457936451903530140172393, 664613997918022762554823533857341463)
(441711771415147431129272892839056172704644506529004239164773061615419921, 14, 664613997918022762554823533857341463, 664614005721905741873536991540281367)
(1766846932685319678745285811895316025446630337955069497351500434935651089, 14, 1329227995781417042061858422206234793, 1329227896412637884371684456170258473)
(441711771398170224648203668063849339354493684256844049263287151152334847, 15, 664613997892478301657360905485156441, 664614005721905741873536991540281367)
(441711772594486166422892415792915711096588940581246155306283706185963509, 15, 664613997892478301657360905485156441, 664614007521921910007614635765661949)


(441711771398156689647427292220277057196513719770614562559196317238689999, 16, 664613997892457936451903530140172297, 664614005721905741873536991540281367)
(441713502722930472226812591720494995564781794330349499854810890626935569, 16, 664613997892457936451903530140172393, 664616610729894247597606833779376233)
(1766846932689776028325397879511163911043589254973313714613492662900099689, 16, 1329227896412637884371684456170258473, 1329227995784769627116790690955132993)
(441711771398156689647427292220277120999458269073565782418747505105701231, 18, 664613997892457936451903530140172393, 664614005721905741873536991540281367)
(441711772594472631422079382250252844766965770545342143256876192620373957, 18, 664613997892457936451903530140172393, 664614007521921910007614635765661949)
(441711772611463372949942083189824006832587464194978533595390557519091387, 18, 664613997918022762554823533857341463, 664614007521921910007614635765661949)
(441713502722930472226812591720494931761587164260501730484554847806817201, 18, 664613997892457936451903530140172297, 664616610729894247597606833779376233)
(441713502722944007280640490468090355704595219825843195454051617402266753, 19, 664613997892478301657360905485156441, 664616610729894247597606833779376233)
(441711772594472631422079382250252780964021048440838782525871159116826853, 20, 664613997892457936451903530140172297, 664614007521921910007614635765661949)
(441713509122832181477029314627366940083160738228172866629206197563058117, 20, 664616610729894247597606833779376233, 664614007521921910007614635765661949)


(441713502722940966797534223358123351439826460448712868082622621483552973, 21, 664616610729894247597606833779376233, 664613997892473726864830625516355781)
(1766663555250360125677252598909235103080013965608385793386564101295047041, 22, 1329089967502614565489598815335874637, 1329227966839562177424489724130623493)
(1766663593721144954345229916393485040536264452324984806469737772310598541, 22, 1329227995784769627116790690955132993, 1329089967502614565489598815335874637)
(1766847026298759105849457449943472420347165294877472308539814287039791949, 22, 1329227995781417042061858422206234793, 1329227966839562177424489724130623493)
(441711772595632816383074844396333746554739835891497903341325193620495023, 24, 664614007521921910007614635765661949, 664613997894203588737086812428697627)
(441713502739921280305234415205541757062901186988849288300499427827648879, 24, 664613997918022762554823533857341463, 664616610729894247597606833779376233)
(879305945420873567534209877518486447519967606834112828166687044038307443, 25, 1323032520333797159227500626349916207, 664614007521921910007614635765661949)
(879598882546068070553360190833644269717584659534307305495747805046637441, 25, 664613997918022762554823533857341463, 1323473302249891456099381379090874407)
(1758611733888803755796223299186462044855807244400125975293258689081771911, 25, 1323032520333797159227500626349916207, 1329227896412637884371684456170258473)
(1758611865356930087287547739451286776245318620209088761979890668517990151, 25, 1323032520333797159227500626349916207, 1329227995781417042061858422206234793)


(1766663461646641605714603363736760457926668500265124721419237469815049301, 26, 1329227896412637884371684456170258473, 1329089967502614565489598815335874637)
(879305943039393639966197150516591473739117426782716205962602085653414969, 27, 1323032520333797159227500626349916207, 664614005721905741873536991540281367)
(1766663593716689067183520236054125095579006892329642714368482145235645141, 28, 1329227995781417042061858422206234793, 1329089967502614565489598815335874637)
(879305932680779577137296333794352116320069971537900409511917190492717479, 29, 664613997892457936451903530140172297, 1323032520333797159227500626349916207)
(879305932680779577137296333794352243331191923582427695351977320084673351, 29, 1323032520333797159227500626349916207, 664613997892457936451903530140172393)
(879305932714602673448137831999987558075349786927226475049952841836790841, 29, 1323032520333797159227500626349916207, 664613997918022762554823533857341463)
(1758611865361365666342408200770863774460477783123343925412682962091117551, 29, 1323032520333797159227500626349916207, 1329227995784769627116790690955132993)
(879305932680800468367108380161162592778492972771664226594339537350042667, 30, 1323032520333797159227500626349916207, 664613997892473726864830625516355781)
(879305932680806520966399720697341113999182501327896584712883502636339287, 30, 1323032520333797159227500626349916207, 664613997892478301657360905485156441)
(883335269556692980472168731004979468171781240435152537480331225345302421, 30, 1329089967502614565489598815335874637, 664616610729894247597606833779376233)


(879305932683089131879788824196204325164274704263184321141984833589740789, 31, 1323032520333797159227500626349916207, 664613997894203588737086812428697627)
(883331796860690650956175574554012940951038405723828952907788450506226497, 31, 1329089967502614565489598815335874637, 664613997892473726864830625516355781)
(883331796860696731267030975561606782908866815502565351111035643509086917, 31, 664613997892478301657360905485156441, 1329089967502614565489598815335874637)
(1758429249455348710678552821557518986478945702927599678589045446006541859, 31, 1323032520333797159227500626349916207, 1329089967502614565489598815335874637)
(879309389549678162369614026706482379666692826784681531450380664277308231, 33, 1323032520333797159227500626349916207, 664616610729894247597606833779376233)
(883331796860669664076771448495543128228856634376203111651876984372331189, 34, 664613997892457936451903530140172297, 1329089967502614565489598815335874637)
(883331796860669664076771448495543255821493514627201398653363256616296341, 34, 664613997892457936451903530140172393, 1329089967502614565489598815335874637)
(883331796894647617971111388803171663873574798323713901368558118670173931, 34, 664613997918022762554823533857341463, 1329089967502614565489598815335874637)
(883331809659093623757529245499308078556362863147366125944669359185087513, 34, 1329089967502614565489598815335874637, 664614007521921910007614635765661949)
(883426939401394347206532907693091681366810312587633309155575664323072209, 34, 1329227896412637884371684456170258473, 664616610729894247597606833779376233)


(883427005443535563357932057305202676393615260375154488577559391081874769, 36, 1329227995781417042061858422206234793, 664616610729894247597606833779376233)
(883423545186619890856649979986055300499454277784688500781486166559991557, 38, 1329227995781417042061858422206234793, 664614007521921910007614635765661949)
(883427005445763747074324838086881108986850073411269023806619893098355369, 38, 1329227995784769627116790690955132993, 664616610729894247597606833779376233)
(883331807266710193348027193539397179931112693169087073989444180018988779, 40, 1329089967502614565489598815335874637, 664614005721905741873536991540281367)
(883423466344985211152616429389513286896571472271161224941690643244122481, 40, 664613997892457936451903530140172297, 1329227896412637884371684456170258473)
(883423466344985211152616429389513414502449527884398124623398435588935889, 40, 664613997892457936451903530140172393, 1329227896412637884371684456170258473)
(883423466347305580867518517946070502211169639152932183432533391351743571, 40, 1329227896412637884371684456170258473, 664613997894203588737086812428697627)
(883423513185686406651299520093780113974418501762873137993675917590790259, 40, 664613997918022762554823533857341463, 1329227966839562177424489724130623493)
(883423523558825912704978061669234575878729004734058097459875710360354931, 40, 664614005721905741873536991540281367, 1329227966839562177424489724130623493)
(883426986208298074986141813366446967208478179952866798107262206915641869, 40, 664616610729894247597606833779376233, 1329227966839562177424489724130623493)


(883423513151731994828552572809398266993970216318508371373026277974868413, 41, 664613997892478301657360905485156441, 1329227966839562177424489724130623493)
(883423466378966691175555681144237161537102077247373668940413885329965999, 42, 664613997918022762554823533857341463, 1329227896412637884371684456170258473)
(883423479144737352303355582785299327957056910670014007251877533270943877, 42, 1329227896412637884371684456170258473, 664614007521921910007614635765661949)
(883423513151704924827908195823648953816811633623157654271916113055973421, 42, 664613997892457936451903530140172297, 1329227966839562177424489724130623493)
(883423542793988007313643752011177569120249222744965902426775552885002031, 42, 1329227995781417042061858422206234793, 664614005721905741873536991540281367)
(883423466345012281151826547592303560823915743599944268825781155810774593, 43, 1329227896412637884371684456170258473, 664613997892478301657360905485156441)
(883423476752105647625758446397288089190488387801354077268993575535772591, 44, 1329227896412637884371684456170258473, 664614005721905741873536991540281367)
(883423513151704924827908195823649081422696450221126687022929629595828749, 44, 664613997892457936451903530140172393, 1329227966839562177424489724130623493)
(883423545188848065845566617828194643376666647707842980179916353974583357, 44, 1329227995784769627116790690955132993, 664614007521921910007614635765661949)
(883423532386887781896759475364939596407863737118241388836663734608888333, 45, 1329227995781417042061858422206234793, 664613997892473726864830625516355781)


(883423532386866792837831831399119027017890326748151450094963028656129521, 46, 664613997892457936451903530140172297, 1329227995781417042061858422206234793)
(883423532386866792837831831399119154623777921764187488033371560454669649, 46, 664613997892457936451903530140172393, 1329227995781417042061858422206234793)
(883423532389094967794464872236506793274853792300840157575563405569294921, 46, 664613997892457936451903530140172297, 1329227995784769627116790690955132993)
(883423532389094967794464872236506920880741387638724360787469737262062249, 46, 664613997892457936451903530140172393, 1329227995784769627116790690955132993)
(883423532423076450357835391470966239505525269318698500509378856578188759, 46, 664613997918022762554823533857341463, 1329227995784769627116790690955132993)
(883423542796216182296525682549394153398293163737710546872157852124841431, 46, 1329227995784769627116790690955132993, 664614005721905741873536991540281367)
(883423466345006200209974999300372579777177184368818961267489707797782413, 47, 1329227896412637884371684456170258473, 664613997892473726864830625516355781)
(883423532420848275401116642379653881289895228699073344672948694152122159, 48, 1329227995781417042061858422206234793, 664613997918022762554823533857341463)
(883423532386893862839065615205504218312440345130567827132419905182251713, 49, 1329227995781417042061858422206234793, 664613997892478301657360905485156441)
(883423532389122037795698724318975441591064085420405694639561878565557913, 49, 1329227995784769627116790690955132993, 664613997892478301657360905485156441)


(883423532254729093475161327829899578938004298613731916564974518432437441, 51, 664613997918022762554823533857341463, 1329227995531468677377482046807474407)
(883423532389161760080117971136509474167089140882792367130237360458957259, 51, 664613997892457936451903530140172297, 1329227995784870124978504260592336947)
(883423532389161760080117971136509601772976736230324365066646377323304171, 51, 664613997892457936451903530140172393, 1329227995784870124978504260592336947)
(883423532389164113993268741060781494646953789085649244106184104207188733, 51, 664613997892459707339334606257127439, 1329227995784870124978504260592336947)
(883423532389200795806534906763897967836529693668668747756018557069073069, 51, 664613997892473726864830625516355781, 1329227995784897278585780761052315849)
(883423532391986259701612649435902029847780585840375712251608898971116151, 51, 1329227995784870124978504260592336947, 664613997894582853795242280809922733)
(883423532521340358676949805013467303131553470240941314537142380729994379, 51, 1329227995781417042061858422206234793, 664613997993624603318609580847530003)
(883423532389182749139045669627935168893714353756631329774585541883340607, 52, 664613997892473726864830625516355781, 1329227995784870124978504260592336947)
(883423532389162740877264125271622913731957101155270251790278323890819311, 53, 664613997892458674321666478522237013, 1329227995784870124978504260592336947)
(883423532389166075587561049331008248829258105852813265446865535391239819, 53, 664613997892461183078860503021256777, 1329227995784870124978504260592336947)


(883423532389191870552504904120798605307718252951309687252080122230998891, 56, 664613997892457936451903530140172297, 1329227995784915430181949291251106003)
(883423532389192066711934134954572444603893825137822769994271989459584461, 56, 664613997892457936451903530140172297, 1329227995784915725329854470603931813)
(883423532389192066711934134954572572209781420489732401660301167437038509, 56, 664613997892457936451903530140172393, 1329227995784915725329854470603931813)
(883423532389192655190221827455828743920807354800120416709380369161392487, 56, 664613997892458379173761299169411099, 1329227995784915725329854470603931813)
(883423532389195499501945674526711993992102057121675455321769265678281581, 56, 1329227995784911740833134549340782859, 664613997892462511244433810108973159)
(883423532389229435083202608094253331681480446181278575055868909884280957, 56, 1329227995784897278585780761052315849, 664613997892495272661908718272643093)
(883423532390849123490361602891376080295046938343922615159196754401820927, 56, 664613997893704641203381116476588287, 1329227995784915577755901880927518721)
(883423532389192164791648750371415865930433547751560315112839308216631419, 57, 664613997892458084025856119816585339, 1329227995784915577755901880927518721)
(883423532389192262871363365788324687932821879796153654523590941251489607, 57, 664613997892458084025856119816585339, 1329227995784915725329854470603931813)
(883423532389192459030792596622077077476829470795214325336901659475894183, 59, 1329227995784915725329854470603931813, 664613997892458231599808709492998491)


(1766847064778383937264439039075370619241741443776430071675874152196079497, 62, 1329227995784915872903807060280344457, 1329227995784915577755901880927518721)
(1766847064778384133423868269909144707103552227742191169798481506180510541, 62, 1329227995784915872903807060280344457, 1329227995784915725329854470603931813)
(1766847064778276834216079003834837851859715389726352510149424817987633233, 63, 1329227995784915872903807060280344457, 1329227995784835002377787917606060169)
(1766847064778378837119279037397250356237481966335545774734066018561262563, 64, 1329227995784915872903807060280344457, 1329227995784911740833134549340782859)
(1766847064778382367989005192405179681562033574418620502950791372618070041, 64, 1329227995784915872903807060280344457, 1329227995784914397164281163516215313)
(1766847064778383544945580577407822882163358484867145933686989336740888219, 64, 1329227995784915872903807060280344457, 1329227995784915282607996701574692867)
(1766847064778383741105009808241597028511201083369205439577107343060475371, 64, 1329227995784915872903807060280344457, 1329227995784915430181949291251106003)
(1766847064778346274654026718990787660332778020747771889171872826446048259, 65, 1329227995784915872903807060280344457, 1329227995784887243557004663056236587)
(1766847064778368048350671341539687244970355679606852643761319101494976969, 65, 1329227995784915872903807060280344457, 1329227995784903624265742117138071617)
(1766847064778369813785534419043652009983187159086912221462825420109903897, 65, 1329227995784915872903807060280344457, 1329227995784904952431315424225787921)


(1766847064758849400504486457704539772688299712398786134502602581481619337, 66, 1329227995784915872903807060280344457, 1329227995770219425687258955346083841)
(1766847064778359613495214415687411021403325671054419857054352175280398993, 66, 1329227995784915872903807060280344457, 1329227995784897278585780761052315849)
(1766847064778117160440685105142907632751183008385441785555581228686504819, 67, 1329227995784915872903807060280344457, 1329227995784714877180379921005936667)
(1766847064773733585675663662798237871931545231442168137715322215058092401, 68, 1329227995784915872903807060280344457, 1329227995781417042061858422206234793)
(1766847064719688328212272033922933206997098058804766358951167284513594897, 69, 1329227995784915872903807060280344457, 1329227995740757909366208545945550921)
(1766847064776823685164336987238009685833235388332560212999605617040555913, 69, 1329227995784915872903807060280344457, 1329227995783741774537003594739089409)
(1766847064778246233345118993766114176312381176483799286291034893795178483, 69, 1329227995784915872903807060280344457, 1329227995784811980841183928085643419)
(1766847064778323520160235942273018766229942859238377612205391019767752779, 69, 1329227995784915872903807060280344457, 1329227995784870124978504260592336947)
(1766847064774821878189036328575667755707714324168883769784594092271854739, 70, 1329227995784915872903807060280344457, 1329227995782235782350825946945159227)
(1766847064778189935588929744473013404445472162088241400150802150285369801, 70, 1329227995784915872903807060280344457, 1329227995784769627116790690955132993)


(1766847064358567842332051674582103434105917977955079550923898989555214173, 71, 1329227995784915872903807060280344457, 1329227995469081051050433394860097589)
(1766847062890952425003119548598763067947851551266099798995618867422690257, 72, 1329227995784915872903807060280344457, 1329227994364969926410527071788859401)
(1766847064045435210740574797179476667066814059981288396566963994159476429, 72, 1329227995784915872903807060280344457, 1329227995233506241774338912404111397)
(1766847064776350548621032216175435603082300984066280541536100590299378071, 72, 1329227995784915872903807060280344457, 1329227995783385826163357295231107103)
(1766847063254943311811274698552630697199524584952607540912933777707096427, 73, 1329227995784915872903807060280344457, 1329227994638806234374546957824688211)
(1766847064441495221836532806654459894383756126987832122255403416171811999, 73, 1329227995784915872903807060280344457, 1329227995531468677377482046807474407)
(1766847064775250878860764162039121192501034563489915396755164192925800573, 73, 1329227995784915872903807060280344457, 1329227995782558526585139569260232789)
(1766846932689970422305232858779026391688921136010932290962610791162834161, 74, 1329227995784915872903807060280344457, 1329227896412637884371684456170258473)
(1766847026303409849655816391647297725529391810226297001388740020216528301, 74, 1329227995784915872903807060280344457, 1329227966839562177424489724130623493)
(1766847064667330630318553268004231097170620127609459359247995122537721787, 74, 1329227995784915872903807060280344457, 1329227995701368355384687655865286691)


(1766300037149714027493624214070609836536128605389772004395972242563914091, 77, 1329227995784915872903807060280344457, 1328816457937078655556752025457786963)
(1766822918624367763374695983489080158968971794302359545638139648932820027, 77, 1329227995784915872903807060280344457, 1329209830237625915485934857746383011)
(1766840927624142127094362671905293410415787323163711217846703714467839881, 77, 1329227995784915872903807060280344457, 1329223378703225099103764391953170433)
(1766847063649651980599261494159424273368814131292565730795310306107042781, 77, 1329227995784915872903807060280344457, 1329227994935752033018299811419390133)
(1766762241602007100474923719246408810856366448753662372990449690731309531, 78, 1329227995784915872903807060280344457, 1329164181919539722296530169296322883)
(1766845059839221965434401486109689192428866332841111426625757324513376519, 78, 1329227995784915872903807060280344457, 1329226487436334047991104805380554767)
(1766841762420689383198845183511997071977669135835894571681434238946616429, 79, 1329227995784915872903807060280344457, 1329224006734345345824785003918131397)
(1766846256734169685100865105588463278375779275874836949197886588775823861, 79, 1329227995784915872903807060280344457, 1329227387880013774202353272550850573)
(1764015196203664757073314514272452042254518538989881553539041520680695833, 80, 1329227995784915872903807060280344457, 1327097534657329299801022129558781969)
(1766841936936796195497476128287247860021823315402578098154071520282934463, 80, 1329227995784915872903807060280344457, 1329224138025671864452603089940119559)


(1766814984105685228896035028116170137949634117076269417708269429187406137, 81, 1329227995784915872903807060280344457, 1329203860969217715051412911336456241)
(1766847045032403986152503480883584965393420847106148462364016963657651873, 81, 1329227995784915872903807060280344457, 1329227980929691332007275248851353689)
(936512443034277155371376654898310468537820782695336619742524573092929041, 82, 1329227995784915872903807060280344457, 704553655207406166679996485326602313)
(1750659979571334333642501011364898285297055060578939052442604217242216999, 82, 1329227995784915872903807060280344457, 1317050186365929448358455413162639407)
(1766663593721339328153542896991086074372387720894210751228716267729837109, 82, 1329227995784915872903807060280344457, 1329089967502614565489598815335874637)
(1766825676871105157463403414426905844970912956000134747836023671967703021, 82, 1329227995784915872903807060280344457, 1329211905311839023170309282420752453)
(1766835923147498367307126393503862962982711862318852160670902030230848007, 82, 1329227995784915872903807060280344457, 1329219613753450019608544211244155151)
(1766821060185003955478571060198135293651851617288323286459399675203015639, 84, 1329227995784915872903807060280344457, 1329208432103242874239308674820472927)
(1736222743888970152232839543113380520782508594365976026002668911482359601, 85, 1329227995784915872903807060280344457, 1306188817414819657356445393551884393)
(1766460285092168993480287017960014095397368907420232024800872185540376601, 85, 1329227995784915872903807060280344457, 1328937015089774148374686561652965393)


(1766671950501957904544882341022272624423743605895007418373275554836099203, 86, 1329227995784915872903807060280344457, 1329096254445595812036397148781150379)
(1766821692811162493362971123305181777193394002221901999873773948974916517, 86, 1329227995784915872903807060280344457, 1329208908038267222199603463475691581)
(1530940098092857539474873086885239042126581375014504702258747963097453013, 87, 1329227995784915872903807060280344457, 1151751319523502547915394669160169709)
(1718198461283393790589333985478410234662107235308660672559851612214902389, 87, 1329227995784915872903807060280344457, 1292628854291312819575862270976065677)
(1763462374643726938755187621040862335556544926170416703420383502473885721, 88, 1329227995784915872903807060280344457, 1326681637940068710970841442377793553)
(1766840488046986702835225350744911905276575088531324883724997168650506271, 88, 1329227995784915872903807060280344457, 1329223048002128809985509959506329703)
(1597996324312580652580450810751800056395447279974910351185276372147760369, 89, 1329227995784915872903807060280344457, 1202198817193099908025488452958027817)
(1700826080968469127294200017524043999187017318943680350858105059396264831, 89, 1329227995784915872903807060280344457, 1279559327942173457210597056482115783)
(1758611865361559154274592667588704051384684657345590004856248571046914599, 89, 1329227995784915872903807060280344457, 1323032520333797159227500626349916207)
(1051386841101979061431466407042924402825309445533468468415854119307170061, 90, 1329227995784915872903807060280344457, 790975547036330512647590410633347173)


(965534606678637509443251470452831955929740907045749270533943113684084573, 91, 1329227995784915872903807060280344457, 726387504431460930324457464566644789)
(1759197765024467411458968860104887751172643868036876985377055759285611999, 91, 1329227995784915872903807060280344457, 1323473302249891456099381379090874407)
(886946819539522278478549632015663146999994169179403908056107793160076717, 92, 1329227995784915872903807060280344457, 667264624543042131193991770643890181)
(888445559233982961742162734383761711681961507498145883706986507616101961, 92, 1329227995784915872903807060280344457, 668392150971324790011251715137863873)
(1153259224581259542720540005870067176201592448662018479555620393334042717, 92, 1329227995784915872903807060280344457, 867615810258535911791654260411728181)
(1452468823570844853787335846269455287242637330298783301353074806860279501, 92, 1329227995784915872903807060280344457, 1092716093985934028601562790474285093)
(953406450475064441966496950856579349084941492601224187644556873943734159, 93, 1329227995784915872903807060280344457, 717263293805419060262386831405875287)
(1422403878596004774030421911279550373597056030047939300566058326529404383, 93, 1329227995784915872903807060280344457, 1070097743281481270464999499843502119)
(883506333171570977490192515346982540778654688812727841285648612054760801, 95, 1329227995784915872903807060280344457, 664676290277693110810845344234995993)
(884192545648075289547402739157119795250526732213383314342587459851751179, 95, 1329227995784915872903807060280344457, 665192539167033648744368083937788147)


(883423615877248477219825304400485660216603554617496618206437099389833961, 96, 1329227995784915872903807060280344457, 664614060701890612543002467972939873)
(883423949832276060538523211810095911921602195839847602728091552999011663, 96, 1329227995784915872903807060280344457, 664614311941729558394094336539099159)
(883425314121689346811094514720895052459102694300445778384677853351336699, 96, 1329227995784915872903807060280344457, 664615338319008409380642769078321507)
(883426551418180787986494688334413113969691040116864128234260259458244113, 96, 1329227995784915872903807060280344457, 664616269157431437437275619444392009)
(928975844333656769231552780935478208659642915755865261116770933333288559, 96, 1329227995784915872903807060280344457, 698883748521330098605580594742034487)
(883423579595995904094139850317744358422453287258527906015735904177484421, 98, 1329227995784915872903807060280344457, 664614033406909850644873920458522653)
(883423840707988779824159161212834802836591529504294603330603719994631077, 98, 1329227995784915872903807060280344457, 664614229845740287361686559103385661)
(883427005445860944453625183440989772470698658525491540096973467839090481, 98, 1329227995784915872903807060280344457, 664616610729894247597606833779376233)
(883423545188945262844158764500505470875923066378375894008537218337966693, 100, 1329227995784915872903807060280344457, 664614007521921910007614635765661949)
(883423694049178290091714211093514562807654044196509343942773369502414597, 100, 1329227995784915872903807060280344457, 664614119511914220803651455223333021)


(883423532508492602620686465797409838055254190195432198056922256116790569, 102, 1329227995784915872903807060280344457, 664613997982209610511845520631136417)
(883423533998209891319344325583989665330550991730532803607925109785882317, 102, 1329227995784915872903807060280344457, 664613999102948335111888454176210981)
(883423535005520534406640380310904740036072737553153419503754997380677513, 102, 1329227995784915872903807060280344457, 664613999860764636214148951816798209)
(883423630556379958326012159253685629050760769422901395328312548045867183, 102, 1329227995784915872903807060280344457, 664614071745241736394471807280742519)
(883423532523665730631120689040017841419708043783742017210919578482243371, 103, 1329227995784915872903807060280344457, 664613997993624603318609580847530003)
(883423532705328978041795847020902992671095373103229223466084093487215713, 103, 1329227995784915872903807060280344457, 664613998130292840811908906860150809)
(883423532392016664413143525881411644153143444420566446536994288794840981, 104, 1329227995784915872903807060280344457, 664613997894582853795242280809922733)
(883423541480463569970380086793722895692046659711719641114080493522905639, 104, 1329227995784915872903807060280344457, 664614004731970370742974464005242927)
(883423542796313379294854584440554023340908655640142488443824793458832719, 104, 1329227995784915872903807060280344457, 664614005721905741873536991540281367)
(883423532460267395422573674992824134566709484834353844855499553865985503, 105, 1329227995784915872903807060280344457, 664613997945928996989531343542026279)


(883423532391512534680020283082565888247804694158938324080030707458503539, 106, 1329227995784915872903807060280344457, 664613997894203588737086812428697627)
(883423532411845244157513127079273282569211006694482761382670013694992603, 106, 1329227995784915872903807060280344457, 664613997909500219218817131334336579)
(883423532389241793127244151316248283448591346326707672521346685861885501, 108, 1329227995784915872903807060280344457, 664613997892495272661908718272643093)
(883423532423173647355023008354031995176293751868886919420186287908320591, 108, 1329227995784915872903807060280344457, 664613997918022762554823533857341463)
(883423532389213153850576449585263516603475219496441786446966966043255917, 109, 1329227995784915872903807060280344457, 664613997892473726864830625516355781)
(883423532389196480299091828714484412963548346804448485023686710605635089, 110, 1329227995784915872903807060280344457, 664613997892461183078860503021256777)
(883423532389233946750074917965293507321004277733212217244666809469104059, 110, 1329227995784915872903807060280344457, 664613997892489369703805131216125987)
(883423532389562513794036564536525515655977371434110930351612758283253547, 110, 1329227995784915872903807060280344457, 664613997892736556074392839207780371)
(883423532389751219164956626626988557702727826894381175922415350140872503, 110, 1329227995784915872903807060280344457, 664613997892878522216784107917017279)
(883423532394283482777335040972251771830287540366685885902265333411989679, 110, 1329227995784915872903807060280344457, 664613997896288218391368581437718647)


(883423532389194126385941058709198150000610087538648405547225051515822261, 111, 1329227995784915872903807060280344457, 664613997892459412191429426904301773)
(883423532389219234792882605432253338967855407151823711681537964012197537, 111, 1329227995784915872903807060280344457, 664613997892478301657360905485156441)
(883423532389192164791648750371459190787728161299557897418546556488907729, 112, 664613997892457936451903530140172297, 1329227995784915872903807060280344457)
(883423532389192753269936442872780824319090511146717435381822045558928243, 112, 1329227995784915872903807060280344457, 664613997892458379173761299169411099)
(883423532389194518704799520376745637184129838883748437620382534266255623, 112, 1329227995784915872903807060280344457, 664613997892459707339334606257127439)
(883423532389198245733954906218449281656163497507946149222143731087429663, 112, 1329227995784915872903807060280344457, 664613997892462511244433810108973159)
(883423532389192164791648750371459318393615756651481696184024343401975601, 114, 1329227995784915872903807060280344457, 664613997892457936451903530140172393)
(883423532389193145588794904540328641151153217150953947599130477834786941, 114, 1329227995784915872903807060280344457, 664613997892458674321666478522237013)
(883423532390849319649790834093112166185541948174355788166589116531575159, 114, 1329227995784915872903807060280344457, 664613997893704641203381116476588287)
(883423532389192360951077981205233212188139156019525350350800896456115923, 115, 1329227995784915872903807060280344457, 664613997892458084025856119816585339)