(645562469521727290757643292380222444258732404587739677993093968629963045411646325693244742218679943417981382349851464129, 3, 803469022129495137770981046170581301261101496891396417650789, 803469022129495316176942634415566433546847678078288465494061)
(645562469521727147413979793000752968582426448207305878207844816196118912415070998411753548531516944594279465790740639879, 4, 803469022129495137770981046170581301261101496891396417650789, 803469022129495137770981046170581301261101496891396417650811)
(645562469521727864132297289898100346963956230109474877134357330080686569783687600526538149959350624409756992196954823077, 4, 803469022129495137770981046170581301261101496891396417650789, 803469022129496029800788987395506962689832402825856656867393)
(645562469521728294163287788036508773992874099250776276490369932159521702168878006116248022850255784374836902692112056197, 4, 803469022129495137770981046170581301261101496891396417650789, 803469022129496565018673752130462359547070946386532800397473)
(645562469521728867537941785555500680747655846850939531867377721319193413893348392669191009117407189174982526526709306903, 4, 803469022129496386612712163885477227261324765199640752554071, 803469022129496029800788987395506962689832402825856656867393)
(645562469521729727599922781833749825726351770662949831453921145072369683277846811385706394466698243160101783385984205283, 4, 803469022129496565018673752130462359547070946386532800397473, 803469022129496921830596928620432624118563308760316896083971)
(2582249878086906296157303181931723064318722075157968327513235270754776600280017022127833647934652053191421623198929661193, 4, 1606938044258989026700230974626266676521979725474548500398263, 1606938044258990097136000504096177470236456812595900787458111)
(645562469521727290757643292380222444258732404587739677993111644948449894308602218431201884680217974066899104696092333471, 5, 803469022129495137770981046170581301261101496891396417650811, 803469022129495316176942634415566433546847678078288465494061)
(645562469521728007475960789277728966075913318215398399239031141501849697585172756798740629605944882712179472270306052973, 5, 803469022129495316176942634415566433546847678078288465494061, 803469022129496029800788987395506962689832402825856656867393)
(645562469521728437506951287416232879166221866391993631986687933181984117538471023915845432650888955575640332946120907853, 5, 803469022129496565018673752130462359547070946386532800397473, 803469022129495316176942634415566433546847678078288465494061)


(645562469521807563209202944883128822990067977630667557767845020450878851525871332276643438942519175885975878849041291491, 7, 803469022129495137770981046170581301261101496891396417650811, 803469022129595223515432051607240513564709142737835257757881)
(645562469524084290616563588996810989757573168060709547875595892978714011842091759318471892335008079557884905578731434501, 8, 803469022129495137770981046170581301261101496891396417650789, 803469022132428845403338146706096608071304934144231153336609)
(645562469521807563209202944883128822990067977630667557767827344132392000430953992771508079651220752284835646473370618109, 9, 803469022129495137770981046170581301261101496891396417650789, 803469022129595223515432051607240513564709142737835257757881)
(645562469522620751812235025909948047037003794330061098972269692668779333269074051690550583817738238524386480888853121971, 9, 803469022130507234791071159971236758299187370129983832850891, 803469022129595223515432051607240513564709142737835257757881)
(645562469535977944408097601717616279891691921794379134553445349444557208108743802297992927226759112421616339083069513089, 9, 803469022129495137770981046170581301261101496891396417650789, 803469022147231723254199597857477753289196554138116857790701)
(645562469522540336017011772731088480266116994408252060282104436781976605005191606552533220653345429445812040899068222601, 10, 803469022129495137770981046170581301261101496891396417650811, 803469022130507234791071159971236758299187370129983832850891)
(645562469524084290616563588996810989757573168060709547875613569297200925276690632757699426460385648266436078664104839899, 10, 803469022129495137770981046170581301261101496891396417650811, 803469022132428845403338146706096608071304934144231153336609)
(645562469531337479989632190152280210838966018010978684653678281290064890290330457627596285177209204303454115694207050323, 10, 803469022129495137770981046170581301261101496891396417650789, 803469022141456187059703342953790266828072990881852025733207)
(645562469531337479989632190152280210838966018010978684653695957608552002326445771101141268563079421909253516438773180877, 10, 803469022129495137770981046170581301261101496891396417650811, 803469022141456187059703342953790266828072990881852025733207)
(645562469536058360203322528779354241124074339133154370017795327127451108212836355586956874114917216199326466844431264581, 10, 803469022147231723254199597857477753289196554138116857790701, 803469022129595223515432051607240513564709142737835257757881)


(645562469535977944408097601717616279891691921794379134553463025763044447206655394689145791737331474745807377653940908511, 11, 803469022129495137770981046170581301261101496891396417650811, 803469022147231723254199597857477753289196554138116857790701)
(645562469536791133011147532593265930642682035097181114569552144108488110760804785371719756504487474232940761188619364591, 11, 803469022130507234791071159971236758299187370129983832850891, 803469022147231723254199597857477753289196554138116857790701)
(645562469548135637227797471421195765781382328287107925775589243496469983085120525707197652065299832609286547626489027673, 11, 803469022129495137770981046170581301261101496891396417650811, 803469022162363224886306596271472568851553920387154689654843)
(645563093044341489909367383712627320822734212882669357922234969933514971509959568035740439988951095877440894824305658227, 11, 803469798134778047964934547692930988581056515123748639080489, 803469022162363224886306596271472568851553920387154689654843)
(645562469522540336017011772731088480266116994408252060282086760463489733846026202987013853444662847323669181254745502999, 12, 803469022129495137770981046170581301261101496891396417650789, 803469022130507234791071159971236758299187370129983832850891)
(645562469545588276983962147042321935620474075200523317204690804075730502072920132713682261462248989865302949969671508107, 13, 803469022147231723254199597857477753289196554138116857790701, 803469022141456187059703342953790266828072990881852025733207)
(645562469548948825830862716844556760718910083881911268762174032294972162989631748241963431009205541943163691533475015113, 13, 803469022130507234791071159971236758299187370129983832850891, 803469022162363224886306596271472568851553920387154689654843)
(645562469557745969803843005382735435196438003608453832205049302763591295460371904121671631493288353356244379144833471501, 13, 803469022162363224886306596271472568851553920387154689654843, 803469022141456187059703342953790266828072990881852025733207)
(645562469532150668592676275624957989334449639609259528981005304220494727861808704091649794393326564841804807537378237437, 14, 803469022130507234791071159971236758299187370129983832850891, 803469022141456187059703342953790266828072990881852025733207)
(645562469548135637227797471421195765781382328287107925775571567177982411094173026962079679668785098423038030223316621127, 15, 803469022129495137770981046170581301261101496891396417650789, 803469022162363224886306596271472568851553920387154689654843)


(645562469562386434222498247774849922965270373055055034830935691560774591596936806318015962034293610323002930253225014943, 16, 803469022147231723254199597857477753289196554138116857790701, 803469022162363224886306596271472568851553920387154689654843)
(645562555029990929707232021494185001646948451383840736485586708010478346353601836938363528439776620178989677196051746861, 16, 803469022129495137770981046170581301261101496891396417650789, 803469128553341517889269638238156690606186006821879370743849)
(645562555029990929707232021494185001646948451383840736485604384331306519866995400870404767886969956271139758542208111539, 16, 803469022129495137770981046170581301261101496891396417650811, 803469128553341517889269638238156690606186006821879370743849)
(645563093017932974589740464647080340245912166901006292653415509882883284838998968430137208911561779217387322286465355821, 16, 803469022129495137770981046170581301261101496891396417650789, 803469798134778047964934547692930988581056515123748639080489)
(645563093017932974589740464647080340245912166901006292653433186218442249956054196990186453393310562460720044756525126579, 16, 803469022129495137770981046170581301261101496891396417650811, 803469798134778047964934547692930988581056515123748639080489)
(645562555044241728588945478984935561373467913352944882965260932632552686008092576151847154352726966796691016289125148149, 17, 803469022147231723254199597857477753289196554138116857790701, 803469128553341517889269638238156690606186006821879370743849)
(645562555056399423018997953884379406220976369320330422497233161750264243461703836046075284852193181279190511033975310707, 17, 803469128553341517889269638238156690606186006821879370743849, 803469022162363224886306596271472568851553920387154689654843)
(645563093032183785347542309129794983565237351154333602566208675774541274589869089247582325055779243087593683372654732789, 17, 803469798134778047964934547692930988581056515123748639080489, 803469022147231723254199597857477753289196554138116857790701)
(645563093018746163978165078785008865262262808846238253275474637135111149277380106553736527531307283746558519909684365699, 18, 803469798134778047964934547692930988581056515123748639080489, 803469022130507234791071159971236758299187370129983832850891)
(645563178526279342350011287853728176635437763164827750689188439361006016936070951046854632602879450681048980043312662161, 18, 803469798134778047964934547692930988581056515123748639080489, 803469128553341517889269638238156690606186006821879370743849)


(645680430715342306538836777847564149619513969959339689692930449926858182403621977185794335249841764165984309401039672553, 21, 803469022129495137770981046170581301261101496891396417650789, 803615836991507512050264541518473380525585385169685498036277)
(645562555030804118417975259012366277739855548839514593300891620418796098554977688182700943289723365568839943100972419459, 22, 803469022130507234791071159971236758299187370129983832850891, 803469128553341517889269638238156690606186006821879370743849)
(645680430715342306538836777847564149619513969959339689692948129475271995568887083005707741664213327044458042481996470647, 23, 803469022129495137770981046170581301261101496891396417650811, 803615836991507512050264541518473380525585385169685498036277)
(645680430715369403441648374159527285627611009351385577575405853290567272215365237211061407398177441539939941048435882859, 23, 803615836991507512050264541518473380525585385169685498036277, 803469022129528856497721224472771303267129741213993460039967)
(645680430717699880453301803000589591509184423730781913698201140136294278154879075242541586134959472036452133345874164693, 23, 803615836991507512050264541518473380525585385169685498036277, 803469022132428845403338146706096608071304934144231153336609)
(645681054325477242245931039266650501411717002178007958279901351860325318963863385486749320604837663701604267428444899453, 23, 803469798134778047964934547692930988581056515123748639080489, 803615836991507512050264541518473380525585385169685498036277)
(645680430715422737028134690710057902532436928154777483883393970529726757614187490255565171944239734894889850555420649037, 24, 803469022129595223515432051607240513564709142737835257757881, 803615836991507512050264541518473380525585385169685498036277)
(645680430729595707527304875976871517434240770165826650524770239754531499285242125576594747681178337695763744204171260177, 24, 803469022147231723254199597857477753289196554138116857790701, 803615836991507512050264541518473380525585385169685498036277)
(645680430741755621876328903485619562549322230675731310521843187305396727302486417877057955631110693156557293243422739511, 24, 803469022162363224886306596271472568851553920387154689654843, 803615836991507512050264541518473380525585385169685498036277)
(712862260678230190554462112799852076410328135994642184169745265336512445188937778364622255756715413058051497982343251563, 24, 887068457170989785679867292371020780906332599156191042469919, 803615836991507512050264541518473380525585385169685498036277)


(645680430724954395174290021970614364047333594299680997537679547262357826303035861062078593335536032418763990869609550339, 27, 803469022141456187059703342953790266828072990881852025733207, 803615836991507512050264541518473380525585385169685498036277)
(645680516239230691153212190821848147169082864081076196804425488570709958074907904951143805448906221136938965934276610173, 27, 803469128553341517889269638238156690606186006821879370743849, 803615836991507512050264541518473380525585385169685498036277)
(712732120250332316559797922957593642138164617053505096170237520705452182323620536322793854277273996888067822421236778231, 27, 803469128553341517889269638238156690606186006821879370743849, 887068457170989785679867292371020780906332599156191042469919)
(712732025845183884852756463692749564774306425977351492803439585330557058428359096807236174889678976842481823592327681639, 28, 887068457170989785679867292371020780906332599156191042469919, 803469022129595223515432051607240513564709142737835257757881)
(712732025845095101945841500347960378694576743228922725999645449716493600290817293045312152175871529713444475421113454309, 29, 803469022129495137770981046170581301261101496891396417650811, 887068457170989785679867292371020780906332599156191042469919)
(712732025855705371484534552911322573934143321099971284983368819735869728693297858828047705153126579506282437412216900233, 29, 887068457170989785679867292371020780906332599156191042469919, 803469022141456187059703342953790266828072990881852025733207)
(1291360839854273094628462236160554048561950541324829358234141148760485106655051022494592477217608444966453678769717650491, 29, 1606938017409828617373660586634191508706549884644270861713583, 803615836991507512050264541518473380525585385169685498036277)
(1425464036244784247096992944770508512888924755773105677875903490145580976969700932818461196408616511595533868018660542493, 29, 887068457170989785679867292371020780906332599156191042469919, 1606938026847249578490595462783308842217282101467122688327747)
(712732025860828667465921555337098547123250307935772475246330924692339406113143286097837243935487274822024142796590423219, 30, 803469022147231723254199597857477753289196554138116857790701, 887068457170989785679867292371020780906332599156191042469919)
(712732025874251345273395024300190913170082825418813217597572199435135584936491794701317844954060370233744893124320167717, 30, 803469022162363224886306596271472568851553920387154689654843, 887068457170989785679867292371020780906332599156191042469919)


(645680430716155643732753105243156057418109231711066260891286956728123584359969517314672343390927445463492622583049772807, 31, 803469022130507234791071159971236758299187370129983832850891, 803615836991507512050264541518473380525585385169685498036277)
(712732025845095101945841500347960378694576743228922725999625934210435838515532335964879989718691590396263039218179116091, 31, 803469022129495137770981046170581301261101496891396417650789, 887068457170989785679867292371020780906332599156191042469919)
(712732025845992901287960193850614661458046422786563357154332321649324219455805043496758246887747299575955368667879847829, 31, 803469022130507234791071159971236758299187370129983832850891, 887068457170989785679867292371020780906332599156191042469919)
(1291360847438334039337645127742751913037281023094202580041162804652752164404610345147140310324885499968510346677471677919, 31, 803615836991507512050264541518473380525585385169685498036277, 1606938026847249578490595462783308842217282101467122688327747)
(1291360861426390399146388197304017983289173316264931052129581747389563388338323952271912041582677132348904984704326835081, 32, 1606938044253646660180470978546480379852584083992175831941253, 803615836991507512050264541518473380525585385169685498036277)
(1425464051558967959663259503758085684663552067383088897948574480571765322045456134174794968031504995339929164488831403999, 32, 887068457170989785679867292371020780906332599156191042469919, 1606938044111062296401644939243950891789879164437942822240321)
(712732025847697501449067270832297947134995465359337416410998362452321383417918934117846075727344742293420695801363964671, 33, 887068457170989785679867292371020780906332599156191042469919, 803469022132428845403338146706096608071304934144231153336609)
(712732714214904169629038414931987242126753866924991971066274728827032594206397381437239178023041120975411335507602310391, 33, 803469798134778047964934547692930988581056515123748639080489, 887068457170989785679867292371020780906332599156191042469919)
(1425464051685450051257249877517443571185831815012322415803834791717257007078295298700846047756942970010187463625627668507, 34, 887068457170989785679867292371020780906332599156191042469919, 1606938044253646660180470978546480379852584083992175831941253)
(1425464027873145795445833940103353007807778830135842761052051257463547088905079890527254640099022954455650553389071209777, 35, 1606938017409828617373660586634191508706549884644270861713583, 887068457170989785679867292371020780906332599156191042469919)


(1291125096070185734957851299528449228464002248143556255208706233386008878320689166738136419067367717598214802469296278203, 36, 803469128553341517889269638238156690606186006821879370743849, 1606938026847249578490595462783308842217282101467122688327747)
(1291126164463375451602973070717795833746562569118551070216392872897420609362468883269149121787962478092790821452001582087, 36, 803469798134778047964934547692930988581056515123748639080489, 1606938017409828617373660586634191508706549884644270861713583)
(1291124917499486225854763342381022925467526287174497948715623836833455165757779874150687194975734693407653332796422791683, 37, 803469022147231723254199597857477753289196554138116857790701, 1606938017409828617373660586634191508706549884644270861713583)
(1291124925106477002451108742770698666405446644597251934610263466738740460155166818775767414693589193913647842448289828721, 37, 803469022162363224886306596271472568851553920387154689654843, 1606938026847249578490595462783308842217282101467122688327747)
(1291125088487509339538188888971675243786235654775808221611861451210042204985615881936725393389469629796770952697497000967, 38, 803469128553341517889269638238156690606186006821879370743849, 1606938017409828617373660586634191508706549884644270861713583)
(1291126186031572515623673765067255131172287152849502857729955640167821018723655273092314335744022239101164027241786512717, 39, 803469798134778047964934547692930988581056515123748639080489, 1606938044253646660180470978546480379852584083992175831941253)
(1291124917471038816246637621744459493409960147137195600644343926432781338743672298568202866638148313086851728697286771761, 40, 1606938017409828617373660586634191508706549884644270861713583, 803469022129528856497721224472771303267129741213993460039967)
(1291124917490205297172900824198982896584553853472039077085256767090422699194653241960741804273391183744160044260006050681, 40, 1606938017409828617373660586634191508706549884644270861713583, 803469022141456187059703342953790266828072990881852025733207)
(1291124925072880688338806101613127775651894397215652053706516339568737998969175912011271814981741929649202180578397394629, 40, 803469022141456187059703342953790266828072990881852025733207, 1606938026847249578490595462783308842217282101467122688327747)
(1291125575786556217151080746310669390750379314839898139754103508720881185979203786558752633921021603681752898211611150017, 40, 1606938044253646660180470978546480379852584083992175831941253, 803469418378372080300478056102507135042734961739636802584589)


(1291124917523801611087894948336903599168119589138296459737150397333668682189943126807822898313485328103952497337794832469, 41, 803469022162363224886306596271472568851553920387154689654843, 1606938017409828617373660586634191508706549884644270861713583)
(1291124917470984632342740175850152337278032868541768401226688170070564839606751019482480356697401903406918756255831966987, 42, 803469022129495137770981046170581301261101496891396417650789, 1606938017409828617373660586634191508706549884644270861713583)
(1291124917470984632342740175850152337278032868541768401226723522706947855836333240015386308910593447504380930214789665813, 42, 803469022129495137770981046170581301261101496891396417650811, 1606938017409828617373660586634191508706549884644270861713583)
(1291124917475698918669140177363310408354287732156608968523372828445598144295242204148487169167537394067999002341746460047, 42, 1606938017409828617373660586634191508706549884644270861713583, 803469022132428845403338146706096608071304934144231153336609)
(1291124925053660023395763995989956607958264018051812902809571237719378021266647963518206505240529889215960704696625142383, 42, 803469022129495137770981046170581301261101496891396417650789, 1606938026847249578490595462783308842217282101467122688327747)
(1291124925053660023395763995989956607958264018051812902809606590355968660757374756618387738035058669422192981395768352817, 42, 803469022129495137770981046170581301261101496891396417650811, 1606938026847249578490595462783308842217282101467122688327747)
(1291126172046058166144519764999179103317449734173516012198487267578577670638993282911153640618031004613272115247145028283, 42, 803469798134778047964934547692930988581056515123748639080489, 1606938026847249578490595462783308842217282101467122688327747)
(1291124917471145463930499261282460880082324949452004691560882421461058006157194351836929040051811783629923618142182997623, 43, 1606938017409828617373660586634191508706549884644270861713583, 803469022129595223515432051607240513564709142737835257757881)
(1291124939039160865418826172131770480448847389661440586755875818129099885867090045738758914910794678478099196183717098617, 43, 803469022129495137770981046170581301261101496891396417650789, 1606938044253646660180470978546480379852584083992175831941253)
(1291125110055688429436642528772863995619870217946186080881677242502174915693655256495348075643246758684116893064279102797, 43, 803469128553341517889269638238156690606186006821879370743849, 1606938044253646660180470978546480379852584083992175831941253)


(1291124917472611009521630178804673484031596103842607037706975095148097724722306831363079026707679812393031882584388352453, 46, 803469022130507234791071159971236758299187370129983832850891, 1606938017409828617373660586634191508706549884644270861713583)
(1291124939039321697009271941076800674597477470900285345370458798897695483711080493233962902841003095144563427844489764893, 46, 803469022129595223515432051607240513564709142737835257757881, 1606938044253646660180470978546480379852584083992175831941253)
(1291124939067662459406967012074848576125062695405164948917550002468967060056590668999801683843043924337945495493601688353, 46, 803469022147231723254199597857477753289196554138116857790701, 1606938044253646660180470978546480379852584083992175831941253)
(1291124939091977845046285894557443793087737098743165308782516994359250865770081122773304864334685633823980469801222938279, 46, 803469022162363224886306596271472568851553920387154689654843, 1606938044253646660180470978546480379852584083992175831941253)
(1291124925053820854984467632724856062422140377498011127313810969977101267997921378242070672774476945297912518128500224107, 47, 803469022129595223515432051607240513564709142737835257757881, 1606938026847249578490595462783308842217282101467122688327747)
(1291124938926225123288410850187501948798983619535235732882121418766805030305548712422974756992361154285227354448960976011, 47, 803469022130507234791071159971236758299187370129983832850891, 1606938044111062296401644939243950891789879164437942822240321)
(1291124939039160865418826172131770480448847389661440586755911170766073466093614016100286937479151435327947024052019806183, 47, 803469022129495137770981046170581301261101496891396417650811, 1606938044253646660180470978546480379852584083992175831941253)
(1291124939058381530570067051188106196136468007445946819460045078739175837435850806454256888826472836081574904297475288371, 47, 803469022141456187059703342953790266828072990881852025733207, 1606938044253646660180470978546480379852584083992175831941253)
(1291124939040787242624884723335257630903710938445694268788115081450080922777296844088728309146497476040308549637820706423, 49, 803469022130507234791071159971236758299187370129983832850891, 1606938044253646660180470978546480379852584083992175831941253)
(1291124939043875151823978087518716135671794013354066630706236529729210348318808742144315739428228976190445463068622231077, 49, 1606938044253646660180470978546480379852584083992175831941253, 803469022132428845403338146706096608071304934144231153336609)


(1291124939039215049323628757391326107354535598848858874417726707922397012627411544569535315691569988395875537680576058651, 51, 1606938044253646660180470978546480379852584083992175831941253, 803469022129528856497721224472771303267129741213993460039967)
(1291124939043104106258030601331442926723588798248075387424016341914390779524136047617528979217620308943708877708865839767, 51, 803469022129496565018673752130462359547070946386532800397473, 1606938044258551575282416597922722311872343455215247188557879)
(1291124939043104679632684598692787346122359458578119713196301584710380088416309139540662241923022190258664799293977657509, 51, 1606938044258551575282416597922722311872343455215247188557879, 803469022129496921830596928620432624118563308760316896083971)
(1291124939043455584920931080414948811772313828513031064506183631393711273662382212723188557066305524185084928625198789399, 52, 803469022129496565018673752130462359547070946386532800397473, 1606938044258989026700230974626266676521979725474548500398263)
(1291124939048167577827482678673599131594910509924191148794201550136884249197297895355615118257805792708766727857797910167, 52, 803469022132428845403338146706096608071304934144231153336609, 1606938044258989026700230974626266676521979725474548500398263)
(1291124939043453578109642089103935757973411530096757146241820134489148990805412968019966801784700820595226805591561216043, 53, 803469022129495316176942634415566433546847678078288465494061, 1606938044258989026700230974626266676521979725474548500398263)
(1291124939043453291422315090345219607430711201751575157918456252720852031315212178395950857240424886611038655249356179507, 54, 803469022129495137770981046170581301261101496891396417650789, 1606938044258989026700230974626266676521979725474548500398263)
(1291124939043453291422315090345219607430711201751575157918491605357825729073799583477392635107308370164999095316364941293, 54, 803469022129495137770981046170581301261101496891396417650811, 1606938044258989026700230974626266676521979725474548500398263)
(1291124939043455298233604081656232661229613500167849076182610847679660645598710393072471197854081732836585086977941978673, 54, 803469022129496386612712163885477227261324765199640752554071, 1606938044258989026700230974626266676521979725474548500398263)
(1291124939043456158295585077932381112857714485203395041152837475780269279147555581346387637887737381086089400078590542373, 54, 803469022129496921830596928620432624118563308760316896083971, 1606938044258989026700230974626266676521979725474548500398263)


(1291124939043454151484296086622036461488546940034177956630230774543617893602608443488965381656241742874168360557363599579, 56, 803469022129495137770981046170581301261101496891396417650789, 1606938044258990097136000504096177470236456812595900787458111)
(1291124939043454724858950084138800360144212843477485099535667754445136022088730982873839389030875919584995196794478538359, 56, 1606938044258989026700230974626266676521979725474548500398263, 803469022129496029800788987395506962689832402825856656867393)
(1291124939043455584920931080416572074815955372113026232163884172280894760040078890928331696414382473198540462272469274623, 56, 803469022129496029800788987395506962689832402825856656867393, 1606938044258990097136000504096177470236456812595900787458111)
(1291124939043456444982912076693293442812400431360335197484265186837265737137984353051233195739766718714325001234137753503, 56, 803469022129496565018673752130462359547070946386532800397473, 1606938044258990097136000504096177470236456812595900787458111)
(1291124939043457878419547070460615528643465338380440956399207241727014736942961030800411222707316824386450289044576275639, 56, 1606938044258984744957152856746623501664071376989139352158313, 803469022129500133137905517030165005261994570124373757263903)
(1291124939043461892042125053071947197365513883260079453063810711199327236157888965159011340906419285317736142595386536559, 56, 1606938044258984744957152856746623501664071376989139352158313, 803469022129502630821367752459956857262441106740862427070743)
(1291124939043453434765978589723543250370329009708482957004556841511126466903268370211895744192122633812253627683751091707, 57, 1606938044258988134670423033401341015093248819540088261181489, 803469022129495672988865810905536698118340040452072561181163)
(1291124939043453864796969087862651908516111858441939134565961774270867300984536669435701859400413392766544637407959011871, 57, 1606938044258989026700230974626266676521979725474548500398263, 803469022129495494582904222660551565832593859265180513337817)
(1291124939043454724858950084139850706819510312865717266844313054498830313951129973059494670533997401916304257307679683687, 57, 1606938044258990097136000504096177470236456812595900787458111, 803469022129495494582904222660551565832593859265180513337817)
(1291124939043454008140632587242566985812240983653744156845010546994570422423143009215253549550103570872382311019183095783, 58, 803469022129495137770981046170581301261101496891396417650811, 1606938044258989918730038915851192337950710631409008739614853)


(2582249878086906582844630180690439214861422403503150315836467383603444322670028392811930238611453184838120860564102040163, 142, 1606938044258990275541962092341162602522202993782792835301301, 1606938044258989026700230974626266676521979725474548500398263)
(2582249878086908016281265174485133971624481967307488313689505266876933709082373675938518866359724963632082330232949823753, 142, 1606938044258990275541962092341162602522202993782792835301301, 1606938044258989918730038915851192337950710631409008739614853)
(2582249878086908302968592173244072922977093880068355913260016427248976046948310214838296122153227987211247656596601302411, 142, 1606938044258990275541962092341162602522202993782792835301301, 1606938044258990097136000504096177470236456812595900787458111)
(2582249878086907729593938175726195020271870054546620714118904117974412867761006787161570505460480696685265167470521472239, 143, 1606938044258990275541962092341162602522202993782792835301301, 1606938044258989740324077327606207205664964450222116691771539)
(2582249878086875620613314314725032468779335825329449562209319299877939017421054329365707092451181625638471896937783076067, 144, 1606938044258990275541962092341162602522202993782792835301301, 1606938044258969758856379444167872389661392157290207333318967)
(2582249878086903142596706195583171798630079450372739120988945064668696500680721670766820404600837718501508611190583972203, 144, 1606938044258990275541962092341162602522202993782792835301301, 1606938044258986885828691915686445089093025551231843926278303)
(2582249878086905149407995186895744458098362839698812317983133823729811282046983388660350836944317320693303357013558817189, 144, 1606938044258990275541962092341162602522202993782792835301301, 1606938044258988134670423033401341015093248819540088261181489)
(2582249878086906009469976183172561312156198577981415116695036900596117863408167656640921071723406498119369378456632552393, 144, 1606938044258990275541962092341162602522202993782792835301301, 1606938044258988669888307798136296411950487363100764404711493)
(2582249878086895115351550230332881160756945893068446333011711160887048196113563294489181008771367693242182355633764804561, 145, 1606938044258990275541962092341162602522202993782792835301301, 1606938044258981890461767444826861385092132477998866586665261)
(2582249878086907156219284178208317117566646229024885514977958930256452623562359723542448369678395715270636088799312977371, 145, 1606938044258990275541962092341162602522202993782792835301301, 1606938044258989383512154151116236941093472087848332596085071)


(2582249878086904002658687191859988652687915188655341919700777436261055686469782092415327628225415918995848189748904450163, 146, 1606938044258990275541962092341162602522202993782792835301301, 1606938044258987421046576680421400485950264094792520069808263)
(2582249878086203625518829223772130498257012313855796168667081617369353633744343265880842215032005604888657857156642500579, 147, 1606938044258990275541962092341162602522202993782792835301301, 1606938044258551575282416597922722311872343455215247188557879)
(2582249878086356716551446561045530520551773728159094339380028253232150161140436483268992408714774033920853791888329670281, 147, 1606938044258990275541962092341162602522202993782792835301301, 1606938044258646844065904720744782952460804209015600736894981)
(2582249878086522708513778842471183353714071216701434490771440695187332459440516622261079065953754014194350908624357802993, 147, 1606938044258990275541962092341162602522202993782792835301301, 1606938044258750141117664314591174545907843116226096438182093)
(2582249878086726543203274960076777765421141189678297785484756609889549088718586715612987128105782489801840585023386801541, 147, 1606938044258990275541962092341162602522202993782792835301301, 1606938044258876987756353556775603601073377940106342454788241)
(2582249878086404880022382352547274347790575071984851067244890775666227151713578842514674559334684345795166101123698257441, 148, 1606938044258990275541962092341162602522202993782792835301301, 1606938044258676816267451545902285176466162648413464774574141)
(2582249878086899702348782210475904382398736497242327926141374537592620908983148689858940335712146586075082878032006865213, 148, 1606938044258990275541962092341162602522202993782792835301301, 1606938044258984744957152856746623501664071376989139352158313)
(2582249876807644658564228068122934562932062604882994287590617892594898854541019883594585989783392224641894472962963132779, 150, 1606938044258990275541962092341162602522202993782792835301301, 1606938043462902376781932437069278574197363952040821045330079)
(2582249877926529678498946447615907244820857195515804114980186061923285101252037669086819113223789657443567835742598054597, 150, 1606938044258990275541962092341162602522202993782792835301301, 1606938044159186234104304494513474178107777241446496272908497)
(2582249878061898560623201439686773775171660360261572170764978334815243547695716166182550186467055032107718680338950517457, 150, 1606938044258990275541962092341162602522202993782792835301301, 1606938044243426496264926776328192258596848611694323079053357)


(2582249878048480446970351526308094667523695500614441867295852519976905928429881021036550498285301252789082611139867570747, 151, 1606938044258990275541962092341162602522202993782792835301301, 1606938044235076383638750558044060756532584340398915819929647)
(2582249878061770984762686991958940423259359181675490361837487987938620830076335075847090966541693360182690107551113014517, 151, 1606938044258990275541962092341162602522202993782792835301301, 1606938044243347105612020007309808391439797983527361788772417)
(2582249878040001669274363230688608414026375597955184566102054534128282910187475969869575793545825522489664426086187897079, 152, 1606938044258990275541962092341162602522202993782792835301301, 1606938044229800027324778212608773405589275738066600853504379)
(2582249878068218296059562081737017392148665260826937105592650816708233286667377041867286181098898073310450402482901217101, 153, 1606938044258990275541962092341162602522202993782792835301301, 1606938044247359277282178048780448365585666695542625737375801)
(2582249878078321730837652344263540960897694779322881173511306514419941511609310101016460454756370191164932559661986470153, 153, 1606938044258990275541962092341162602522202993782792835301301, 1606938044253646660180470978546480379852584083992175831941253)
(2582249877937835479926469505132392786424248833090460782094046849140021651242600537614268916608035958949598605897292050253, 154, 1606938044258990275541962092341162602522202993782792835301301, 1606938044166221851605498523747150998794178527721295022391353)
(2582249878027102172996054072230492303253360922717541885890641598702303839793362269091199001338901568521609361130266813633, 154, 1606938044258990275541962092341162602522202993782792835301301, 1606938044221772651083115129502746208439853233858908142960733)
(2582246861576191463228326787987663105823874283990456333372866558931617936724324199475632671082627931225835327707796200739, 155, 1606938044258990275541962092341162602522202993782792835301301, 1606936167079762424579198451873850613843312224154037434450039)
(2582249873829989671677778249419826767509124874429461970740856317156707283997709546300322568846084292526006055949488350551, 155, 1606938044258990275541962092341162602522202993782792835301301, 1606938041609903129222552958591603254346160792737260146524251)
(2582249877849197492164993216387413585873061428046025536675178559914731395461239060476215669296995416994471537183865957621, 155, 1606938044258990275541962092341162602522202993782792835301301, 1606938044111062296401644939243950891789879164437942822240321)


(2582219002975141631092528448262164641052695973917724550916617234253504068154008943667442663523144863019163421962884083983, 156, 1606938044258990275541962092341162602522202993782792835301301, 1606918830629767130196935921417500848560061098697950895276083)
(2582249834941969264685480351700304674556065737083536802452931218310307156686489534982463042346892092495791049482969271483, 156, 1606938044258990275541962092341162602522202993782792835301301, 1606938017409828617373660586634191508706549884644270861713583)
(2582249878063496842471219520771427565983074002098439776992007454916924738096889526200524927368619001855364693569524714983, 156, 1606938044258990275541962092341162602522202993782792835301301, 1606938044244421109500781242120304751631808728617489805607083)
(2582249850107320046791527991979913215916528036103625805618697353605319354400054032093222033931765591289815016408583498847, 158, 1606938044258990275541962092341162602522202993782792835301301, 1606938026847249578490595462783308842217282101467122688327747)
(2582249877518610594844895317391257202555935227073535462141997366334483441719535059522702537351142255409624500215614537503, 158, 1606938044258990275541962092341162602522202993782792835301301, 1606938043905337565133276764273313626153205667171489388953603)
(2582229631251660865645864433957726540586826766279898123296914354493026553795776075844466558691095665464303489127236499929, 159, 1606938044258990275541962092341162602522202993782792835301301, 1606925444622482783143130109728653684780540942508903479902229)
(2582248277653375568819950099619872502452384013475838100421419838171575967825931964348487283168764841504662803642104917421, 159, 1606938044258990275541962092341162602522202993782792835301301, 1606937048306757556547336127870333537019009142254554935460121)
(2582249803316882446319144427026021186922159379135590218336639567868606468191468361715925557078672005397421436431060947307, 159, 1606938044258990275541962092341162602522202993782792835301301, 1606937997729488773935789197323270401677919706635531922178207)
(2380339028820833433754006967390457234990215737514198029519757107593095942661214511809908370108205680952932521366003908533, 160, 1606938044258990275541962092341162602522202993782792835301301, 1481288614284119896898396880820382642785850346036622767685633)
(2582249197179582944768821057906005888148173639541620882618918854020884780330589312060197162817173547873032866510428683047, 160, 1606938044258990275541962092341162602522202993782792835301301, 1606937620529321245971563560645084764001834354134033432051947)


(2582237331531877316505678726330488144316266562629298613054864343377782365348844022609620962276826558453460752398219733511, 161, 1606938044258990275541962092341162602522202993782792835301301, 1606930236518625861703109630626166220873300683281890474459211)
(2582249768138467328080964756573412734797477038898556712818038590519776401576465644490533676663380661345645365500022094147, 161, 1606938044258990275541962092341162602522202993782792835301301, 1606937975837907300762033810979311815322831828727105820033047)
(2582246870981430218644427784660619314621950265069470751643775750180844920092007426210888948368596974971931245330697285303, 162, 1606938044258990275541962092341162602522202993782792835301301, 1606936172932656871267809087074577232797007566305950741561403)
(2572731248964364993150299131497161859419292430314375423669705480278781680174930576424943910069267642758706439034547160717, 163, 1606938044258990275541962092341162602522202993782792835301301, 1601014586813601996073436519781177052029175212930021650858617)
(2581135199360653751239796956681124350285390908849186771721271712127638516814038814552638329332140231930602029228822101041, 164, 1606938044258990275541962092341162602522202993782792835301301, 1606244377984651209861968163195780109236773348062024305737741)
(2581370726117669601792475546651832286882194952631384714088227953558188968546760661860159179024979371492182846874434129683, 164, 1606938044258990275541962092341162602522202993782792835301301, 1606390946645376682545376412532671548845283778990864508911783)
(2582194846606856146706487817847890641793718547524859489947809903506732865962018542549998707265508753234634434645092979951, 164, 1606938044258990275541962092341162602522202993782792835301301, 1606903798084877309228145964281241386139161839245235798933651)
(1303366341521194884998039184234091118257393738764548853285345831319388471007661318153559751338249062948631173174837351397, 165, 1606938044258990275541962092341162602522202993782792835301301, 811086865593637830500873093720035992581581140291126378365297)
(2416104670561563241291927049159878832447436270295468835749867417125751442991556961621915622651044003802829137238198053983, 165, 1606938044258990275541962092341162602522202993782792835301301, 1503545627781626872020743029508422934208706306858296348246083)
(2496745264276417227326204626339472999864233610517042534869080908607004967556049591265977922036106138396982917856852155417, 165, 1606938044258990275541962092341162602522202993782792835301301, 1553728392451959823565980454715050024536999946267995695743317)


(2581238201621549346437694910017596935034638244768170869035414819574421364576618253379093691325319752670341028954771538779, 167, 1606938044258990275541962092341162602522202993782792835301301, 1606308476448971962678099576497845509231656998475434265936079)
(2564785240482364055488987065376075912883513249997963477433621981775053760241899206276939728537925251961272586670568368797, 168, 1606938044258990275541962092341162602522202993782792835301301, 1596069773595451390683052405804926737622835060094441172762697)
(1296378204615501412672390480359451462946420386124903487710121409065533883449414188336123730200997131346664013888567108801, 169, 1606938044258990275541962092341162602522202993782792835301301, 806738137320846254230231701994495717781309421404116807057501)
(1312294794580195045072032749046012667729507108437974791526404865002629146844601261143839857176538648093067638891178097263, 169, 1606938044258990275541962092341162602522202993782792835301301, 816643055573020234680402138012569453846564395158916871225363)
(1425464051690190203891683000695920757389153486457845451999006150458235312860431348689773206681072126662559813517594064619, 169, 1606938044258990275541962092341162602522202993782792835301301, 887068457170989785679867292371020780906332599156191042469919)
(2568393641732898565402209686480490613220585027840612797592786205092797999728704139255006576422020362370548020613801297031, 169, 1606938044258990275541962092341162602522202993782792835301301, 1598315287206524341124916243692492088957798090408008276246731)
(1302987064482395023958611572404670601851515513439581227267156019254179831151478380990333888585233979919462102171549414431, 170, 1606938044258990275541962092341162602522202993782792835301301, 810850840912938483673822315169567941676203770203331857744131)
(1332041928039416742062726403357071042991789689192618008410532546243733109426689218215467195090652463006765889220081865367, 170, 1606938044258990275541962092341162602522202993782792835301301, 828931726894090190392524875686504301973684696859444733018267)
(1386358174828951533565475322550802896150634548132277770162299948585130992247720081828810819930700645720522826409771527263, 170, 1606938044258990275541962092341162602522202993782792835301301, 862732810254825310065586334729206320487954906675771705655363)
(2074540956381219301789810144787969674152377433416164734184751484557320040736391046835282598973465492738846413168693988389, 170, 1606938044258990275541962092341162602522202993782792835301301, 1290990006610899209164366448613891682521953051252833241792689)


(1389596888451422180479037890652259940038136628339965112174297538469985021237282265873674672977163357945918139319476794249, 171, 1606938044258990275541962092341162602522202993782792835301301, 864748266690150493826084121573680885857004543153495802380549)
(1291127054833525155168181288032556991629354805227159953592952986327112099093606690601339139727383209795868023829615856527, 172, 1606938044258990275541962092341162602522202993782792835301301, 803470338788888708851461711014561732603296564932771470901427)
(1291378948316086856928624963698808711117364015041812996979947144382448004956403399650384829430468703155171430845223241473, 172, 1606938044258990275541962092341162602522202993782792835301301, 803627092487926220764856754549776693346493578084062760796573)
(1291130518096006801221304357672751571980081750646892422144016836378536618152019993542633630916828026995379642181298909673, 173, 1606938044258990275541962092341162602522202993782792835301301, 803472493982422161519507445874767171622271830702512865804773)
(1291360861430684613077673555695128299239027939918679379385638298266869717226406031093588053373277941180276615919123296377, 173, 1606938044258990275541962092341162602522202993782792835301301, 803615836991507512050264541518473380525585385169685498036277)
(1291131883544113778639535462528357855747867225440058995855315304811972671665681053239305078914429865552497681453794954011, 174, 1606938044258990275541962092341162602522202993782792835301301, 803473343702865246224333450174523400332631459105738758029711)
(1291383536224664593870770996230030911658930526010184795920025320871171059482116211967494193162612098248051423886803201869, 174, 1606938044258990275541962092341162602522202993782792835301301, 803629947550443489482105442438976634300202455717927150682169)
(1291144469627163954075487271163891638727517651728249727581018008971020167928927121632774089873066238165050215371320062823, 175, 1606938044258990275541962092341162602522202993782792835301301, 803481176041576213313983682696365169110056846012099466362923)
(1291226624374427204410133634572157453215397018814493592488254824723768452648408093323593152973575820587058300606258083563, 175, 1606938044258990275541962092341162602522202993782792835301301, 803532301066313016079232477336325735877320844292891326021663)
(1292390487821264971097484841639940583763984096919326370572450860547693608192897351540788924110098906057374026434659482673, 175, 1606938044258990275541962092341162602522202993782792835301301, 804256575067414571158376546665387346525287571527497951477773)


(1291125109973853245826207891236031992154781893597345269221061999501231584350496823545375207701682011616923481734752750629, 176, 1606938044258990275541962092341162602522202993782792835301301, 803469128499743550067197962089819480738210572404621943242929)
(1291303344477004013601206800221814225313647826961503940891011968521741208850398563797070951522884227055488827415840420111, 176, 1606938044258990275541962092341162602522202993782792835301301, 803580044103358471833439235640022075846420415487592376565811)
(1291174573169114168960431151528498178859903901058601572553131268865528692772473627579949778951194850316641176090476281331, 177, 1606938044258990275541962092341162602522202993782792835301301, 803499909521723605415778148275358239015825168279022048641031)
(1424135184140176829075763581013619658988156795487031012778027502732477880104388175913916593841112141519519636656419239959, 177, 1606938044258990275541962092341162602522202993782792835301301, 886241500864391072049429244471827013859188845256679182303259)
(1291124977274014941501330607782830036570989448855309213066550573216898601959844082141194794440893269480448475070594021099, 178, 1606938044258990275541962092341162602522202993782792835301301, 803469045920431436315512781969107277469142686637958646202399)
(1291126683883159918873118563244896261589206292616133654374411044052638347660692779583981426306567093234102643506634817011, 178, 1606938044258990275541962092341162602522202993782792835301301, 803470107945909689487989610882155598424608984173333345992711)
(1291125575790849648677615745984107471478075377937464245016116171163749673745931129060657382532498422747517058875354250289, 179, 1606938044258990275541962092341162602522202993782792835301301, 803469418378372080300478056102507135042734961739636802584589)
(1291164741145611137590822161105016174530431688887187080807909979693926378760696758798269558955550113237750531721921557501, 179, 1606938044258990275541962092341162602522202993782792835301301, 803493791038476440012339042083724483558878123896470671196201)
(1291124940465185486260394953280885269584259208188374406082062673360660775023557569387501479552190546622790201659438919801, 180, 1606938044258990275541962092341162602522202993782792835301301, 803469023014240630300557929089058805150458096328299614568501)
(1291125329850551547718769098998360290577521472575331099488138045604290799719174239859281922141147073970626915174233141369, 180, 1606938044258990275541962092341162602522202993782792835301301, 803469265329348827901434136635282477177066439381367564271669)


(1291124939187182406032844391214316006973808342537848092444864680104014457873249048183733649572303720753670936049775267603, 181, 1606938044258990275541962092341162602522202993782792835301301, 803469022218937360959593375261786569537323914537554239553703)
(1291124940458595691362001480310149478446832486885730675727040967532803148811932342786816876113181960269798743237181037859, 182, 1606938044258990275541962092341162602522202993782792835301301, 803469023010139790867490529860808084988737334427687887831159)
(1291125110059981859414464042988370003293896902767681472970950855072347417106748346186935087476255326834089693806407447549, 182, 1606938044258990275541962092341162602522202993782792835301301, 803469128553341517889269638238156690606186006821879370743849)
(1291125602905741336530141173387121776476176926917867823017651210262103701417977375338507742521227626833504546663950179319, 182, 1606938044258990275541962092341162602522202993782792835301301, 803469435252010603406112573588869993145583929428039482474619)
(1291126186035865949179480929294160680491824333802012585306608458631683236158711649990563475939286605780085366199905416189, 182, 1606938044258990275541962092341162602522202993782792835301301, 803469798134778047964934547692930988581056515123748639080489)
(1291127485943523899492415719941009151105445322337142974138829858324226435534292395361616440602243372909805049252977573363, 182, 1606938044258990275541962092341162602522202993782792835301301, 803470607069299571314194530680401322428975735354043930771463)
(1291124939115741357581388657422333692848207898136373090885149912568655387318559571809703981709538327701886085490716703493, 183, 1606938044258990275541962092341162602522202993782792835301301, 803469022174479487361610666191746623017703046973691921432593)
(1291124939136347295896751454918401113182049498255959829030489814253212173560017358922729054789918646361515761110398000719, 184, 1606938044258990275541962092341162602522202993782792835301301, 803469022187302594256727362743114793310222036026522708476019)
(1291124939988506740724307481620264914172956847739289535727670149716426203015127165578291917557931402953765507155464549523, 184, 1606938044258990275541962092341162602522202993782792835301301, 803469022717602718690282345124800575260298295490753891139623)
(1291124939096271274455594942842391531562764656574215851550920573436825847575052546996992161435998316410128818597598850743, 185, 1606938044258990275541962092341162602522202993782792835301301, 803469022162363224886306596271472568851553920387154689654843)


(1291124945757461638015530844698871718049792274641472876509030458217816536754225943925796838002434705245755279398347466971, 186, 1606938044258990275541962092341162602522202993782792835301301, 803469026307632165003796002639596643658293879846908138094671)
(1291124939071955888816195203435232559783383843588758269106668137969979633030146191307379333115857117397736419796531002001, 187, 1606938044258990275541962092341162602522202993782792835301301, 803469022147231723254199597857477753289196554138116857790701)
(1291124939073423441243101850443724533803765266470000471128803659749533428061336039094031032199931554932423935777587589841, 187, 1606938044258990275541962092341162602522202993782792835301301, 803469022148144983371569823936369924023898049838509767786541)
(1291124939950015526826800108958778409792325748133635984655850804111004289531296169339043141100685330739584506210184845877, 187, 1606938044258990275541962092341162602522202993782792835301301, 803469022693649577475521396930969626406519780990626350235777)
(1291124939043508478732762351440967742808504408218588075263599709953914727089594327396436722912838407434893424739947097067, 188, 1606938044258990275541962092341162602522202993782792835301301, 803469022129528856497721224472771303267129741213993460039967)
(1291124939047037599728117073979458893461150494498738789640332090039417317322828770888704982081091146450048898630684765129, 188, 1606938044258990275541962092341162602522202993782792835301301, 803469022131725033884872520239749740802620151855102411407429)
(1291124939048168581233127177993621979515146336121419095750969225038297340894006793970306195909580407649011859127988628309, 188, 1606938044258990275541962092341162602522202993782792835301301, 803469022132428845403338146706096608071304934144231153336609)
(1291124939062674959979264380304560421677932036021957369307134001660996597216845377429194370450507032388433958377286002307, 188, 1606938044258990275541962092341162602522202993782792835301301, 803469022141456187059703342953790266828072990881852025733207)
(1291124939043615126418405889766257645980135955261335115535432127345654102984994210864720953680184080137132912580342303181, 189, 1606938044258990275541962092341162602522202993782792835301301, 803469022129595223515432051607240513564709142737835257757881)
(1291124939045080672034023545462176960532233988816504120563950960007849317188015279262715674307276819745812356987791309191, 190, 1606938044258990275541962092341162602522202993782792835301301, 803469022130507234791071159971236758299187370129983832850891)


(1291124939043463182135096547528613429095822192001507343105031497640835732018616241248490225903414672755658514667875054023, 191, 1606938044258990275541962092341162602522202993782792835301301, 803469022129500668355790281765120402119233113685049900794123)
(1291124939043456014951921578555139645280524372979817353839382496992730728738084824457137514657734428729629287572739963987, 192, 1606938044258990275541962092341162602522202993782792835301301, 803469022129496208206750575640492094975578584012748704710887)
(1291124939043456301639248577314078596633136285740684953409774743949497901323631258162081524418650809287254687266579146371, 192, 1606938044258990275541962092341162602522202993782792835301301, 803469022129496386612712163885477227261324765199640752554071)
(1291124939043456588326575576073017547985748198501552552980517303399913533789245839603155907626917030097524735798514012373, 192, 1606938044258990275541962092341162602522202993782792835301301, 803469022129496565018673752130462359547070946386532800397473)
(1291124939043462322073115551251796575037986453718904544392781322156969208757914909455974300002180699482935409972376237803, 192, 1606938044258990275541962092341162602522202993782792835301301, 803469022129500133137905517030165005261994570124373757263903)
(1291124939043454581515286584760444888517464809175479355985965376340796220620711638276756372535267410029135078794761073361, 193, 1606938044258990275541962092341162602522202993782792835301301, 803469022129495316176942634415566433546847678078288465494061)
(1291124939043454868202613583519383839870076721936346955557276791858879535643868074298519527304826490699204235990392599917, 193, 1606938044258990275541962092341162602522202993782792835301301, 803469022129495494582904222660551565832593859265180513337817)
(1291124939043454294827959586001505937164852896414611756415431718836134256890917511907686340465329075608056793331415376489, 194, 803469022129495137770981046170581301261101496891396417650789, 1606938044258990275541962092341162602522202993782792835301301)
(1291124939043455728264594579796200693927912460218949754268492099242243269167120382503567744490036165243931222099957378293, 194, 1606938044258990275541962092341162602522202993782792835301301, 803469022129496029800788987395506962689832402825856656867393)
(1291124939043457161701229573590895450690972024023287752121510699259201547696159162085048278287077677601967298254781546271, 194, 1606938044258990275541962092341162602522202993782792835301301, 803469022129496921830596928620432624118563308760316896083971)