(780437137578998751012822837652006471040695571437168646824058083860486764428624919031497152915317045102615995929067142250421225862931437840236921, 2, 883423532389192164791648750371459257913741948437809479060803100646309917, 883423532389192949429365673706554737387419849396111491855233658650624013)
(780437137578998404429111072550149023738922553551705717269423661883415110176725216842475452876976378526767448908584188140937932828291445244829827, 3, 883423532389192164791648750371459257913741948437809479060803100646309917, 883423532389192557110507212039006997650580898916960485458018379648467231)
(780437137578998231137255189999220300088036044608974252492106450894878957067491914136055794739417158170377005227563737534498512874627310458766907, 4, 883423532389192164791648750371459257913741948437809479060803100646309917, 883423532389192360951077981205233127782161423677384982259410740147388471)
(780437137579010188275311086018535310947163803427826132140294332812346951375296359307047577667239948711308148301175872750519326519156726642585553, 4, 883423532389205503632836447068082408966266264728943696566122586719650063, 883423532389192557110507212039006997650580898916960485458018379648467231)
(780437137578998057845399307448291576437149535666242787714789239906343076052706587300822892429673052223437998979063405773378643648318174736158423, 5, 883423532389192164791648750371459257913741948437809479060803100646309917, 883423532389192164791648750371459257913741948437809479060803100646310019)
(780437137578998231137255189999220300088036044608974252492106450894879047176692217833676611749371241104156039008028952627766703334522805492390949, 5, 883423532389192164791648750371459257913741948437809479060803100646310019, 883423532389192360951077981205233127782161423677384982259410740147388471)
(780437137578998577720966955101154704433161395461648664546936465867664127666473475200893309868509748257785377058276003315809729925746042670693801, 5, 883423532389192360951077981205233127782161423677384982259410740147388471, 883423532389192557110507212039006997650580898916960485458018379648467231)
(780437137578998751012822837652006471040695571437168646824058083860486854537825222729177994710615763171199209445891780653793395096764620203886247, 5, 883423532389192164791648750371459257913741948437809479060803100646310019, 883423532389192949429365673706554737387419849396111491855233658650624013)
(780437137579009841691599320911444784697432143771982392572359587126787674270218733928670963563839228321031430019348273422244605780197634486574771, 5, 883423532389192164791648750371459257913741948437809479060803100646309917, 883423532389205503632836447068082408966266264728943696566122586719650063)
(780437137579021972121511099476455440259487769763184926984564356324303810127724307372174982238711021961851363466178901389742624920707801519489169, 5, 883423532389192164791648750371459257913741948437809479060803100646309917, 883423532389219234792882605432253299755629531499228920468657351795146757)


(780437137579009841691599320911444784697432143771982392572359587126787764379419037627632334113156829265437144578507275774501655524701479890881197, 6, 883423532389192164791648750371459257913741948437809479060803100646310019, 883423532389205503632836447068082408966266264728943696566122586719650063)
(780437137579021972121511099476455440259487769763184926984564356324303900236924611072536931112736776051687938540391114311092512723757684624458383, 6, 883423532389192164791648750371459257913741948437809479060803100646310019, 883423532389219234792882605432253299755629531499228920468657351795146757)
(780437137583995968260914268261801117984869382341122721406149187743996216837240230578506940459402265616471158128891239144981460536960510205103233, 7, 883423532390720050585927714636131663033034589491403893015707174546964513, 883423532393321713095816262978967727880534691981302816148829877351481441)
(780437137579033755967711113300691095928916660025200422759857039430362046612686515059349577755983499613102758803017568922865349067144128769295691, 8, 883423532389219234792882605432253299755629531499228920468657351795146757, 883423532389205503632836447068082408966266264728943696566122586719650063)
(780437137583138173574291631417919329145426418899626632567184060637125121791507999707906676133983368702498428088856949188193701967874941188580739, 9, 883423532393321713095816262978967727880534691981302816148829877351481441, 883423532389749061411235087455475814356632153592663059907891644208250979)
(780437174751597000126297327790225156340294706123316963562334676665134591757134746347562053224915842307883457771702395460953524337900997977315877, 9, 883423532393321713095816262978967727880534691981302816148829877351481441, 883423574462953434694446289986771469582748418346161091026901841506992197)
(780437137579490033424249869534938021303948424080871290518351236359899949862939161485531645707383891690438050226005327558856232919410830194258601, 10, 883423532389192164791648750371459257913741948437809479060803100646310019, 883423532389749061411235087455475814356632153592663059907891644208250979)
(780437137580839803689719909593200485999809724747947357363228628925703924569265738076831020969167219064960451901515893765996115393958613310508227, 10, 883423532390720050585927714636131663033034589491403893015707174546964513, 883423532389749061411235087455475814356632153592663059907891644208250979)
(780437137594839706142758583148492845878251044405826870944948967908579536928971505970859693022828022680685187311905711673022095411708851543606611, 10, 883423532389192164791648750371459257913741948437809479060803100646309917, 883423532407124275174214650643547149348490449472009882976775731241025583)
(780437137718517583811202661812064549494378092776890777002338510876336413223359538388637772083757464807699417936614176401289079458741680879963653, 10, 883423532542993123033805509945642160755917765246422882565237955778052133, 883423532393321713095816262978967727880534691981302816148829877351481441)


(780437137582646197995438769599781874899935798049039279796714970565123694633700478292606178021247075391108624413246946227872845064070739810857379, 11, 883423532389192164791648750371459257913741948437809479060803100646310019, 883423532393321713095816262978967727880534691981302816148829877351481441)
(780437137594839706142758583148492845878251044405826870944948967908579627038171811497535760792722388322494420857931557818030159042833438128216077, 11, 883423532389192164791648750371459257913741948437809479060803100646310019, 883423532407124275174214650643547149348490449472009882976775731241025583)
(780437137716219213926232250657359214415352239668918325810957438080919514142878723693425675981880927437700053805016774990315508445359963014956229, 11, 883423532390720050585927714636131663033034589491403893015707174546964513, 883423532542993123033805509945642160755917765246422882565237955778052133)
(780437137580347828110868496632120093192167690601621938238545629612843258677238672393150716770428519921931672709729713804370936260275250789355747, 12, 883423532389192164791648750371459257913741948437809479060803100646310019, 883423532390720050585927714636131663033034589491403893015707174546964513)
(780437137582646197995438769599781874899935798049039279796714970565123604524500174173791442247988251536400380598708364134985597883423249959750397, 12, 883423532389192164791648750371459257913741948437809479060803100646309917, 883423532393321713095816262978967727880534691981302816148829877351481441)
(780437137598487846292872096816003614000242453800111291373045487656382884021612580879449666215852833302959417098655081098047126422167681230705103, 12, 883423532393321713095816262978967727880534691981302816148829877351481441, 883423532407124275174214650643547149348490449472009882976775731241025583)
(780437137730711091960645322634630047307887489451049983488830089416388446906461101579262472724645577518208080304660995866057865792317456960718539, 12, 883423532542993123033805509945642160755917765246422882565237955778052133, 883423532407124275174214650643547149348490449472009882976775731241025583)
(780437137580347828110868496632120093192167690601621938238545629612843168568038368539705557005801627036502043340201585681173848658143446998975421, 13, 883423532389192164791648750371459257913741948437809479060803100646309917, 883423532390720050585927714636131663033034589491403893015707174546964513)
(3121213860031358920636270782787970031331044246281507665577353334647385150361963423099677500540560601870719889410635680665163870764700751443810501, 14, 1766696546403366236544662916507500143783240901385952844693995257889554533, 1766694946217851398379255339434119916742053449640906907728900443416297697)
(780437137596189476408255170549036327395550640062870446411149034045556540396046812968006836785776883058448705334896926941953771919098885626136079, 15, 883423532390720050585927714636131663033034589491403893015707174546964513, 883423532407124275174214650643547149348490449472009882976775731241025583)


(780437260506658197294229369386103463313660861188755192509422178349747693613443747039114077811818491233521961129109088201172717728413294434191193, 16, 883423532390720050585927714636131663033034589491403893015707174546964513, 883423671536844295497606890199999687264428801668047284621465246765154361)
(3121748049686959861824520389478962284744140147455864819513009974609820594951917183998674258606702483690248286726094264517616821138029131744688921, 16, 1766846782926868505354041876181957805459791630598310181368315351215898747, 1766847063283908997769216536937350995345124073499636299666515042836152443)
(780437137714869443660528071174286014164237682641247555824554122390389329914412084503198855513883130759098048869332605710176878932174844500902961, 18, 883423532389192164791648750371459257913741948437809479060803100646309917, 883423532542993123033805509945642160755917765246422882565237955778052133)
(780437137714869443660528071174286014164237682641247555824554122390389420023612403888497404962045145214598445972944660845310900586446333862220527, 19, 883423532389192164791648750371459257913741948437809479060803100646310019, 883423532542993123033805509945642160755917765246422882565237955778052133)
(780438522743488618175296058415325435555293593144686629087605445313344128153651120931595671394718868228666949237451366593872471570897989397381449, 20, 883423532407124275174214650643547149348490449472009882976775731241025583, 883425100321897260187580982973691310232997783385056341100966526526160903)
(780438522863518568726275709124210225584796074755512284424636089866318715829266027483163492329475722608865344428955627608865463137953935880356099, 20, 883423532542993123033805509945642160755917765246422882565237955778052133, 883425100321897260187580982973691310232997783385056341100966526526160903)
(780438788738578234350054711594973714856425320211616094429395109126987654803765594251143354833117578488521426860101622804813321018734486375892351, 20, 883423833502360893709308265418354857733318884812660408952446802058019017, 883425100321897260187580982973691310232997783385056341100966526526160903)
(780806628090769014010449388291592043192688009392843794624663641683554974940410101366801171756115622738866841292337759890826053041267223507770669, 20, 883841780822219314248238887354801066780050909218608515793681567168069709, 883423532393321713095816262978967727880534691981302816148829877351481441)
(780806628223054859508214217993257740077903501706942729461932989639983918639563846183082366632846362037848580142246191021194332870504501580139297, 20, 883841780822219314248238887354801066780050909218608515793681567168069709, 883423532542993123033805509945642160755917765246422882565237955778052133)
(3106454804662805914388491443887456801414942278223663037190161319231986079068835675633773823541736541020942068015124389193377492817557631369491797, 20, 1758191112981259565653328242595433640302147169974851362662450343148781679, 1766847063283908997769216536937350995345124073499636299666515042836152443)


(780437403725328657375297251850646240747338243590045019911630012443076769691221462118693626757261823736121428736374041611614984430460720931413261, 22, 883423532542993123033805509945642160755917765246422882565237955778052133, 883423833502360893709308265418354857733318884812660408952446802058019017)
(3106454311741548858897000159979836637714929185068946618619104155438282910782457640364035359292178405873985878633421569658953481358796328072656213, 22, 1766846782926868505354041876181957805459791630598310181368315351215898747, 1758191112981259565653328242595433640302147169974851362662450343148781679)
(3106190167221081969738718148508121112800265523601279482192536465531944250767077002239039714166708256610725317911278938946031658189900738981800907, 23, 1766696546403366236544662916507500143783240901385952844693995257889554533, 1758191112981259565653328242595433640302147169974851362662450343148781679)
(780437403605298878945628453276227661346295524380114145883567443573991752588084061985432539046803033666708274681718036535541733484596060397511911, 24, 883423532407124275174214650643547149348490449472009882976775731241025583, 883423833502360893709308265418354857733318884812660408952446802058019017)
(780806628102968295057730251921153431191559979318741467457998006546362800545251159437799498643958211548509360198578548432618035310469939596365347, 24, 883841780822219314248238887354801066780050909218608515793681567168069709, 883423532407124275174214650643547149348490449472009882976775731241025583)
(780806894223518425071287360773504658209756691095527298588488709938586739524455755497704675833410095806540147355446094938135842188231496303656053, 24, 883841780822219314248238887354801066780050909218608515793681567168069709, 883423833502360893709308265418354857733318884812660408952446802058019017)
(780437403589457225248674598284884261979338827631714834865442187785332012993390325539333184497792544008469042286768428105679741827160209979631323, 25, 883423532389192164791648750371459257913741948437809479060803100646310019, 883423833502360893709308265418354857733318884812660408952446802058019017)
(780437403590806995974210320439950921400766430140830112645263855954338132002282768694695976030800190408918155939077106284557949041399727378143721, 25, 883423532390720050585927714636131663033034589491403893015707174546964513, 883423833502360893709308265418354857733318884812660408952446802058019017)
(780806628088469555984611088957857851148048151836036608637674361921525744690312890932099647822424205621522162340311563152822542026552403533236717, 25, 883423532390720050585927714636131663033034589491403893015707174546964513, 883841780822219314248238887354801066780050909218608515793681567168069709)
(3121482109420796696385424223872472452658484639304138960190883716732371436774283511547665475314847449112763054734294974221046444657832771062870151, 25, 1766696546403366236544662916507500143783240901385952844693995257889554533, 1766846782926868505354041876181957805459791630598310181368315351215898747)


(780437403589457225248674598284884261979338827631714834865442187785331922884159308298522026148349471336273553488242177214318028677586400061691589, 26, 883423532389192164791648750371459257913741948437809479060803100646309917, 883423833502360893709308265418354857733318884812660408952446802058019017)
(780437403593105366642175435723382569097055336557365730721239563352660091823764030199395043271788105170010287209576655745245491626965198700563497, 26, 883423532393321713095816262978967727880534691981302816148829877351481441, 883423833502360893709308265418354857733318884812660408952446802058019017)
(780438522727646941761594442509336924896388961105279374132628518601313092444528096825634864085148593227947416097893149478911715380100651546575051, 26, 883423532389192164791648750371459257913741948437809479060803100646309917, 883425100321897260187580982973691310232997783385056341100966526526160903)
(780806628087119146683302598155591725698624955688108449725462984400116917070921429309297117932731111370222206554717441127755993124122958674004153, 26, 883423532389192164791648750371459257913741948437809479060803100646309917, 883841780822219314248238887354801066780050909218608515793681567168069709)
(3121475881426815935267924992511086662731224404722164108936126483556897869610276942469625488714494516875045321881295882785531618857197361350848599, 26, 1766694946217851398379255339434119916742053449640906907728900443416297697, 1766844858026727106643121412204476739045151886051222594570325815786995767)
(3106187353789130659934836905794625552805372136953978682273028340500105688754598326008154527492334866763307971637947062486495699963081338323493263, 27, 1766694946217851398379255339434119916742053449640906907728900443416297697, 1758191112981259565653328242595433640302147169974851362662450343148781679)
(3121479282138167718398066635363583444474495097004309233064087638727216504820498802121098639004998303963811208563255424425196703812369719161285659, 27, 1766846782926868505354041876181957805459791630598310181368315351215898747, 1766694946217851398379255339434119916742053449640906907728900443416297697)
(3121744648682797916730948631342537325603032109723480433847302378297236102179567322776511132620857104433076008963946407002276545872091692207708781, 27, 1766847063283908997769216536937350995345124073499636299666515042836152443, 1766844858026727106643121412204476739045151886051222594570325815786995767)
(780806628087119146683302598155591725698624955688108449725462984400117007222783073175667171253097621559931018119910181425824604079642809817114471, 29, 883423532389192164791648750371459257913741948437809479060803100646310019, 883841780822219314248238887354801066780050909218608515793681567168069709)
(1549174746036504415679076073747029055922028362409938431737086150869718398203061674896768944237845776327135577164880558155630679048879575341739257, 29, 883423532389192164791648750371459257913741948437809479060803100646309917, 1753603667141182297912600193182092128529528695634026119922844006428443021)


(1553962764323156252381863637430804606885014058759452441349797283527632861670160763062837873340611159373051527766357484156340936529576873494061411, 31, 883841780822219314248238887354801066780050909218608515793681567168069709, 1758191112981259565653328242595433640302147169974851362662450343148781679)
(1560739890041908154452331875119332057317461295671440219209480469598056343761960973141932826473793414385689747917413224095052245933956489457726243, 31, 883423532389192164791648750371459257913741948437809479060803100646310019, 1766694946217851398379255339434119916742053449640906907728900443416297697)
(1560739890049203806571467118253146127951521813271045729095071308888759093598471300549729184241481334789758406724517712174715763237392546426541377, 32, 1766694946217851398379255339434119916742053449640906907728900443416297697, 883423532393321713095816262978967727880534691981302816148829877351481441)
(1560739890044607462563482569056690873399956895689648813000990399639633416794549706041595170535593811869656501846544896710425330421257604102626561, 33, 1766694946217851398379255339434119916742053449640906907728900443416297697, 883423532390720050585927714636131663033034589491403893015707174546964513)
(1560739890041908154452331875119332057317461295671440219209480469598056163559076458921090191789748792105458240227961360722547657586111260995361149, 34, 883423532389192164791648750371459257913741948437809479060803100646309917, 1766694946217851398379255339434119916742053449640906907728900443416297697)
(1560739890073588723240231712964702904794341225221389739050881389444098759970868267189015619398748790470897143248577314366105509624163171120982351, 34, 1766694946217851398379255339434119916742053449640906907728900443416297697, 883423532407124275174214650643547149348490449472009882976775731241025583)
(1560741303683448150802489225181627789676155728857797172698005111735817920599968993203863645430975271247066609497720624719892645750443885390203761, 34, 883423532389192164791648750371459257913741948437809479060803100646309917, 1766696546403366236544662916507500143783240901385952844693995257889554533)
(1553227403645189580676863822937149000798929138144214576809387893851191237601262673979876071086614759361662643030842329116950108603515505605610643, 35, 883423532389192164791648750371459257913741948437809479060803100646309917, 1758191112981259565653328242595433640302147169974851362662450343148781679)
(1560741303683448150802489225181627789676155728857797172698005111735818100803016726347219772986592755012081275388292566087082804537960190124766127, 35, 883423532389192164791648750371459257913741948437809479060803100646310019, 1766696546403366236544662916507500143783240901385952844693995257889554533)
(1561613007062092619837892716199782392807873120707527255947854052994428842173408497741643004579298520637246224686074312649530560731385447581754623, 35, 1766846782926868505354041876181957805459791630598310181368315351215898747, 883841780822219314248238887354801066780050909218608515793681567168069709)


(1553227403645189580676863822937149000798929138144214576809387893851191416936756198068351767726095504095893953849853666551789100173450506781341901, 36, 883423532389192164791648750371459257913741948437809479060803100646310019, 1758191112981259565653328242595433640302147169974851362662450343148781679)
(1560739890313627530102213020223901411080150042092886907714431972785769261306959395526285905964208669359784763811782293912829253668185865113837701, 36, 1766694946217851398379255339434119916742053449640906907728900443416297697, 883423532542993123033805509945642160755917765246422882565237955778052133)
(1560741303690743809529667847468805901729412919169972064087837531561460559245237468519520850071804493375510103773351403099845266021369687106922053, 36, 1766696546403366236544662916507500143783240901385952844693995257889554533, 883423532393321713095816262978967727880534691981302816148829877351481441)
(1560741303715128748285092347688025010437155126044657322388909562181425803060839428253902187754026723327857563293665002892376915867503853926617739, 36, 1766696546403366236544662916507500143783240901385952844693995257889554533, 883423532407124275174214650643547149348490449472009882976775731241025583)
(1560741303955167772562435917614990782008897791053985540454199151300377060013481840097121568836945433334084603611905758118794268786752997820468889, 36, 1766696546403366236544662916507500143783240901385952844693995257889554533, 883423532542993123033805509945642160755917765246422882565237955778052133)
(1561480221745615835368043660901236090957443518759894473460962154619955266032850386957575504420929843004151528753670630538441226724270595500940897, 36, 1766696546403366236544662916507500143783240901385952844693995257889554533, 883841780822219314248238887354801066780050909218608515793681567168069709)
(1560741303686147461358540635451190316504144530650573641871262033549513993440726153479969673150269905029678823516860281561858825088189344929287429, 37, 1766696546403366236544662916507500143783240901385952844693995257889554533, 883423532390720050585927714636131663033034589491403893015707174546964513)
(1553227403647875895902015410906723705975198552467584167524529443767917720690123361050919873023962071677797754816091134899927504047121403597557327, 38, 883423532390720050585927714636131663033034589491403893015707174546964513, 1758191112981259565653328242595433640302147169974851362662450343148781679)
(1561478807434800754884081213353758319225185840756787084516026575608992879463780381199478397251983478264879767648526432934818092908399318792160173, 38, 1766694946217851398379255339434119916742053449640906907728900443416297697, 883841780822219314248238887354801066780050909218608515793681567168069709)
(1560874026195417688542422898023449339078892209108834246192811061836599233116515357641982908953894456558093936341029484796983036677570811364644501, 39, 1766846782926868505354041876181957805459791630598310181368315351215898747, 883423532407124275174214650643547149348490449472009882976775731241025583)


(1560740135873361951850190130706437488390844455210281831701790106707469166249782473980379676386714384523265264570098874637316256690152383333806617, 41, 1766694946217851398379255339434119916742053449640906907728900443416297697, 883423671536844295497606890199999687264428801668047284621465246765154361)
(1560874026163734397001896839876645371623326663436072599111544769351545635885731211964600534016830141070080309076118131732749067177889068253973999, 41, 883423532389192164791648750371459257913741948437809479060803100646309917, 1766846782926868505354041876181957805459791630598310181368315351215898747)
(1560874026171030676138056314980637201531379584888586143724684897878229790110473815518923379280264681896165704384450461532952394348249312705654427, 41, 1766846782926868505354041876181957805459791630598310181368315351215898747, 883423532393321713095816262978967727880534691981302816148829877351481441)
(1560874026435477125283121151557765367326247129281561023153120976493879416130202351334874264917029524442902902924873402181544842871516548615377351, 41, 1766846782926868505354041876181957805459791630598310181368315351215898747, 883423532542993123033805509945642160755917765246422882565237955778052133)
(1560874274109484210391498942250782829514673851364962839508749536964447292792843745827869257542494388547169743467196976264604150704828842789310919, 41, 883423532542993123033805509945642160755917765246422882565237955778052133, 1766847063283908997769216536937350995345124073499636299666515042836152443)
(1560874026163734397001896839876645371623326663436072599111544769351545816104103070505188080129101511629776465974864452760387566746054892275646193, 42, 883423532389192164791648750371459257913741948437809479060803100646310019, 1766846782926868505354041876181957805459791630598310181368315351215898747)
(1560874026166433937102198291120469823606692814167291865641648724372177504127476498161095220641904345159875409248319225053103583893738994010165211, 42, 1766846782926868505354041876181957805459791630598310181368315351215898747, 883423532390720050585927714636131663033034589491403893015707174546964513)
(1560874273869424735559012607687355426539461192468377788352509146978345558106418407151156990352490985520762200877314143558305335516614449050949269, 43, 883423532407124275174214650643547149348490449472009882976775731241025583, 1766847063283908997769216536937350995345124073499636299666515042836152443)
(1560874273840440979519748143639342745543268180138043030903826322308611786293510115766802720891530517882811125170480866707322961724776341779255259, 44, 883423532390720050585927714636131663033034589491403893015707174546964513, 1766847063283908997769216536937350995345124073499636299666515042836152443)
(1560876796460590240624645588429321289820531492235826472311880330613256842503589189040394823266674545146698189907439816333890480236862354678088541, 45, 1766846782926868505354041876181957805459791630598310181368315351215898747, 883425100321897260187580982973691310232997783385056341100966526526160903)


(1560874275045616866959657680210911986291590234441751178346844639359374298927422873249943244714053347113838581060610682339971740162087160748443931, 46, 883423532542993123033805509945642160755917765246422882565237955778052133, 1766847064343573611721075971741264649718697824263294363654342960106963007)
(1560874275160319266310759441678658427603708928872909670651514832840503705779987553077679656815337005778605213970918958597438441933444894498489409, 46, 883423532390720050585927714636131663033034589491403893015707174546964513, 1766847064777958271303008129786073161620383676517626010745813204950056993)
(1560874273837741438991093152901064787799006788804610318672515973720804538072150802821110230907739159429189315932042464603130522621658430034677231, 47, 883423532389192164791648750371459257913741948437809479060803100646309917, 1766847063283908997769216536937350995345124073499636299666515042836152443)
(1560874273845037719285000569131932365977488084266341665173163740888671912136533844748222556167678401653739720168921786347828313949167098561310363, 47, 883423532393321713095816262978967727880534691981302816148829877351481441, 1766847063283908997769216536937350995345124073499636299666515042836152443)
(1560874274773874095396274457820092848471732942855762343330674282247822826678630700294477689934241742832256341809444715980654343390169203086467133, 47, 883423532389192164791648750371459257913741948437809479060803100646310019, 1766847064343573611721075971741264649718697824263294363654342960106963007)
(1560874273837741438991093152901064787799006788804610318672515973720804718290551257779828003367825927038990841134697961566033088606192799322226417, 48, 883423532389192164791648750371459257913741948437809479060803100646310019, 1766847063283908997769216536937350995345124073499636299666515042836152443)
(1560874274133421187965616826130704282239922114508615690960622526838409793131937788976451765488825777034291439553611033110437998960401719744279803, 48, 1766847063617492819133441681936102482794229614610988271853059589453906057, 883423532389749061411235087455475814356632153592663059907891644208250979)
(1560874275157619725779821714279395383148801647719744079096596212712606737416756429973493416671892073288024512036722512847556194012800529196912867, 48, 883423532389192164791648750371459257913741948437809479060803100646310019, 1766847064777958271303008129786073161620383676517626010745813204950056993)
(1560874275157619725779821714279395383148801647719744079096596212712606557198355822621749743765062835108562026757587508049703097939853624291099581, 49, 883423532389192164791648750371459257913741948437809479060803100646309917, 1766847064777958271303008129786073161620383676517626010745813204950056993)
(1560874274781170375694557810260491649699422670698963620979684267896786795029861329462409002042624339543381756373010896589869412701961010834053087, 50, 883423532393321713095816262978967727880534691981302816148829877351481441, 1766847064343573611721075971741264649718697824263294363654342960106963007)


(1560874275157157729692038833503418129885368806397658982768911717275769074635389858878122460861348742533399092361856929678326279470105253539490311, 51, 883423532389192164791648750371459257913741948437809479060803100646309917, 1766847064777435310264678726944936092414062687809334483257846295074701683)
(1560874275157765637522474786976158734248495570606569437171396667080798541586598637772110245661478598186591172310902050379653018514809181960150207, 51, 1766847064777958271303008129786073161620383676517626010745813204950056993, 883423532389274747911354931390258472518341024299096325674619330600370399)
(1560874275165285117732930438038464146743052080044635562476008418839643907004712711477004935012695113374541043437668541678243861485369942054328411, 51, 883423532393321713095816262978967727880534691981302816148829877351481441, 1766847064778376090887269805724415981353865936813447823780085342247322171)
(1560874275157181297384438847770906571293979580057958770310569360886235654262638483318863308571431849240076007447424495126231079453337893877156029, 52, 883423532389205503632836447068082408966266264728943696566122586719650063, 1766847064777435310264678726944936092414062687809334483257846295074701683)
(1560874275158460191280851386697852877143593621330109006026991492101237645837597821902867454525387115177180978399431980996802884528905741695919927, 52, 1766847064777435310264678726944936092414062687809334483257846295074701683, 883423532389929331926698223693662223434129898762550499428312345699418669)
(1560874275159857270222975761877939749468741101104644941033196806715781704047880299158034336197227003318413003532683170951080153547362346662375379, 52, 883423532390720050585927714636131663033034589491403893015707174546964513, 1766847064777435310264678726944936092414062687809334483257846295074701683)
(1560874275157303641434691863012427450959267860970985608578292128452331917597235385037155247796476612785295343064859330320864524390002774228681517, 53, 883423532389274747911354931390258472518341024299096325674619330600370399, 1766847064777435310264678726944936092414062687809334483257846295074701683)
(1560874275157988837432851547757576759537065695737764054782255618294176602574385569480852793526746333758397170203075531374994647496313485811269807, 53, 883423532389192164791648750371459257913741948437809479060803100646309917, 1766847064778376090887269805724415981353865936813447823780085342247322171)
(1560874275157988837432851547757576759537065695737764054782255618294176782792786176875214064028266517648827268297401086346672673065018395038131249, 54, 883423532389192164791648750371459257913741948437809479060803100646310019, 1766847064778376090887269805724415981353865936813447823780085342247322171)
(1560874275158036665985075131590882975546681224952772047754977349553689882962726178666214022389924477023615797336062375439386056575622337204849447, 54, 883423532389219234792882605432253299755629531499228920468657351795146757, 1766847064778376090887269805724415981353865936813447823780085342247322171)


(1560874275157987624389860369901075693980860133138643801341035141374424744633685953284969205461919094446882835556832283281777950723142603948178399, 56, 883423532389192164791648750371459257913741948437809479060803100646310019, 1766847064778374717771265189887998892274929610136419301389831865739772021)
(1560874275157995595815230967243604589313258712086262474847137864357795697910049966520676006322799730129667817736131447233244719687692868888047263, 56, 883423532389192360951077981205233127782161423677384982259410740147388471, 1766847064778383348786151346574049166485386520677741442128568003787227353)
(1560874275157995769107086849794725705572526053447022645874944057835614463399995709234089641423141083294246939144134919489301658374716973450827247, 56, 883423532389192164791648750371459257913741948437809479060803100646310019, 1766847064778383937264439039075370776090644946396467951724390922290463013)
(1560874275157995942398942732345654429223412562389754110652261268824150231336568890252765466925408231784270385591238800084210860334187684665762097, 56, 883423532389192164791648750371459257913741948437809479060803100646309917, 1766847064778384133423868269909144645959064421636043454922998561791541541)
(1560874275157996635566366262548599753393435268488565144759574182821163464889096267620268460373317331106782232572252107587617802351292332552227589, 56, 883423532389192949429365673706554737387419849396111491855233658650624013, 1766847064778383348786151346574049166485386520677741442128568003787227353)
(1560874275158005126867304507428517733171670089930760203554336841698429350247533367541964528375039595356330701819806861972240614926668609204792741, 56, 883423532389202757400827215395248230808393611374886651785615633704550457, 1766847064778373344655260574051581803195993283459390778999578389232222413)
(1560874275157995942398942732345654429223412562389754110652261268824150411554969497647947076159971762517024273415809806960643262480040987402999279, 57, 883423532389192164791648750371459257913741948437809479060803100646310019, 1766847064778384133423868269909144645959064421636043454922998561791541541)
(1560874275157996288982654497446434477918252918734256285204157388861239490893769130972046368865345971930198992283218441555239066947109780497371447, 57, 883423532389192949429365673706554737387419849396111491855233658650624013, 1766847064778382956467292884906501426748547570198590435731352724785070419)
(1560874275158018816923919229055163253770535138404355436224882310039677866050263445332625312669680098404627873212204390594534448875557261181773239, 57, 883423532389205503632836447068082408966266264728943696566122586719650063, 1766847064778383348786151346574049166485386520677741442128568003787227353)
(1560874275158195747908775262899725467516635419564918967625075800037771450734880488318222564587055728323239589408833741355981077773531085413552541, 58, 883423532389417551975834978377635736727718998710062654260980887385538569, 1766847064778159530877398965238063646618765272322092292517251333056627189)


(3121748550315991191630461934487593963843279089008582362195253693694155643515097990609194691155810558415357687403453365626663478432825493149339561, 181, 1766847064778384329583297500742918515827483896875618958121606201292619309, 1766847064778383741105009808241596906222225471156892448525783282789384429)
(3121748550315991538214173699589451411145052106894045291749888115671227638768481195026289017070222680643198108208103915953466509668451597154118017, 181, 1766847064778384329583297500742918515827483896875618958121606201292619309, 1766847064778383937264439039075370776090644946396467951724390922290463013)
(3121748550315983566788803102246730123204272695528397911993296410198573532456202919601292400169219619750569415459877102812144494071314510589715619, 182, 1766847064778384329583297500742918515827483896875618958121606201292619309, 1766847064778379425597566729898571769116997015886231378156415213765656591)
(3121748550315985992874785457959732254316683820726638418875737364038076880833412678086437327415979215323971821473067048633130370158526786206406661, 182, 1766847064778384329583297500742918515827483896875618958121606201292619309, 1766847064778380798713571345734988858195933342563259900546668690273206329)
(3121748550315990845046750169385736516541506071123119432640619271717083422105290494558906178579318341093947240680864015220633807631605623689289553, 182, 1766847064778384329583297500742918515827483896875618958121606201292619309, 1766847064778383544945580577407823036353805995917316945327175643288305717)
(3121748550315975248779720739802151387961720266277287602682070282748848201235861683134769155671514760542573202689978777113885188258855083602553489, 183, 1766847064778384329583297500742918515827483896875618958121606201292619309, 1766847064778374717771265189887998892274929610136419301389831865739772021)
(3121748550315977674865703095515153519074131391475528109564511236588352277554062130314257871236844662198404129626534235689881810447822291778399839, 183, 1766847064778384329583297500742918515827483896875618958121606201292619309, 1766847064778376090887269805724415981353865936813447823780085342247322171)
(3121748550315990498463038404283879069239733053237656503085984849740011815558261541386364360990356382308180301922670777530001563149343804060759077, 184, 1766847064778384329583297500742918515827483896875618958121606201292619309, 1766847064778383348786151346574049166485386520677741442128568003787227353)
(3121748550315905932037367719430661927607116689184701691755185887334469151267994091026514855716798724812088208877581343759884877715832915097440169, 185, 1766847064778384329583297500742918515827483896875618958121606201292619309, 1766847064778335485885419023133224918591034562221318661668303965524066541)
(3121748550315963811517232491440855627003210676057010927379134357505475880967263105469009589591131208403359876139400986313587651965959028927766587, 185, 1766847064778384329583297500742918515827483896875618958121606201292619309, 1766847064778368244510100572373461186617086927230427695835779762204180743)


(3121748550315961732014961900829710943192572568744233350051327825643044057862117320350727319101648537441472680820145021904761946767123313479117807, 186, 1766847064778384329583297500742918515827483896875618958121606201292619309, 1766847064778367067553525187370817967406570075792974676644133925197709323)
(3121748550315190929839996314298748144049380791474678020544373348635147399547085403638771214304781537822114613665074672439827354645581532560684303, 187, 1766847064778384329583297500742918515827483896875618958121606201292619309, 1766847064777930808982915813057731380041657142977055562940743674799063467)
(3121748550315239451559643428558790766297603295439488158193192425425212186802002636815407053450857532528714202813744844345750554327774649802277837, 187, 1766847064778384329583297500742918515827483896875618958121606201292619309, 1766847064777958271303008129786073161620383676517626010745813204950056993)
(3121748550315989805295614874080164174636187017466730643976716005785868238493708290694108831653147311695432163944601545771231701133942698524120471, 187, 1766847064778384329583297500742918515827483896875618958121606201292619309, 1766847064778382956467292884906501426748547570198590435731352724785070419)
(3121748550304156051041107236259483502898264336220463930539012020643040161662325859029973498960971274444826162015290201981432162408666386378226389, 188, 1766847064778384329583297500742918515827483896875618958121606201292619309, 1766847064771685288915635296531488639433984990132609222472109599959810121)
(3121748550315595739615337953268246592520265681695379740357378217855121596961805745116057301362591415901384665056503038418323436168825955791388711, 188, 1766847064778384329583297500742918515827483896875618958121606201292619309, 1766847064778159923196257426905611386355604222801243298914466612058783779)
(3121748550253894827744643929994333247076983604271882847009771327653709139902964087590305540831661183266943058913079548413833459485210325353999849, 189, 1766847064778384329583297500742918515827483896875618958121606201292619309, 1766847064743238444648009013478654191110105222132710863590836793052758061)
(3121748550315595046447914423064531697916719645924453881248109373900978627692642778188011148679722600852605971732894331872475167985958094915792401, 189, 1766847064778384329583297500742918515827483896875618958121606201292619309, 1766847064778159530877398965238063646618765272322092292517251333056627189)
(3121748549547748190792548915640185696943465885711524686661348564495644365325751494123792435204100086282583038688175544019717582764320488196902163, 190, 1766847064778384329583297500742918515827483896875618958121606201292619309, 1766847064343573611721075971741264649718697824263294363654342960106963007)
(3121748549710589161430534962954370645788827298927124213425976803817838090229898601261951115051858173959889268650264011755337755854526184131868969, 190, 1766847064778384329583297500742918515827483896875618958121606201292619309, 1766847064435738334907466297058926847135461237855170216659331983849029741)


(3121748547675482877982186305802129575598013577609220637345031947441608148549593381589996632976796426749106075673946341897203720322919371089321887, 191, 1766847064778384329583297500742918515827483896875618958121606201292619309, 1766847063283908997769216536937350995345124073499636299666515042836152443)
(3121748547959265274591739941578122820043285176770477042455112351933234791377528536370973891564924588422841523937761903197986778562808203811180301, 191, 1766847064778384329583297500742918515827483896875618958121606201292619309, 1766847063444524142263994000148225387343030762682079816403130886433800289)
(3121748550314315459384077667006836259770737612795317965537823434551537221676070709602707032766365838975349667340802759456048848570905592860597047, 191, 1766847064778384329583297500742918515827483896875618958121606201292619309, 1766847064777435310264678726944936092414062687809334483257846295074701683)
(3121748346424618458064078862338749319788286631520481496691623236060460877953364964471221849060835611139717083872125017848633556126492469128819593, 192, 1766847064778384329583297500742918515827483896875618958121606201292619309, 1766846949379956340066492122126433596816111946580404874041208318669619277)
(3121748546313274762848882911615401501851565786621917186423140749762286182622948791873531707645887319214488616866798338229138125776952413078364063, 193, 1766847064778384329583297500742918515827483896875618958121606201292619309, 1766847062512926527192927472958280467729095624056346033782119317303722107)
(3121748548264874473617124397030574788247904148730648009777185606481675462385915836518926644287469282190589053904304581477084232804485134750254613, 193, 1766847064778384329583297500742918515827483896875618958121606201292619309, 1766847063617492819133441681936102482794229614610988271853059589453906057)
(3121729477556625933604052177041936741355756107144761688162278702247304244976501207637268779328628593742034441526289607786914040597898928404276893, 194, 1766847064778384329583297500742918515827483896875618958121606201292619309, 1766836269979136274645267295982472212198117965657629180489181546495868977)
(3121748513376240010684440280249559134501735111914047059562205289824210379473336797644369787602793720212220294130504313474080814491197845039658449, 194, 1766847064778384329583297500742918515827483896875618958121606201292619309, 1766847043871225494457682952265597354739312395118312416959420010101473461)
(3121736819834472674436548956351979803175723487010535731104148672479097110230804616648358979936692888726927043995945969400501894337958842327862547, 195, 1766847064778384329583297500742918515827483896875618958121606201292619309, 1766840425561129253632719231968253463884417973417396282172867322440581183)
(3121748533801324114824446715874419865280394194952799521863693184739692254615832811517093844905138450850477789906389430842894912819501147923407101, 195, 1766847064778384329583297500742918515827483896875618958121606201292619309, 1766847055431413419778726645901839150463688855772171726315588223575785489)


(3121744484595225101241744259829265519615922969684839834879302205989144656156860034698777808037013107154524879194095973116459955832908009302903577, 197, 1766847064778384329583297500742918515827483896875618958121606201292619309, 1766844763661978626352096827039865543130866736077547618394908285493837853)
(3121748052327468794003793679753290743246653326872145198223089538703090344176901387323235757161675286612312751761630199352652915990218748161105823, 197, 1766847064778384329583297500742918515827483896875618958121606201292619309, 1766846782926868505354041876181957805459791630598310181368315351215898747)
(3121748542142818402663518126674006480452883260001143229128844920596969118631585000208032549866491561037004792586717820089803850921413453935437197, 197, 1766847064778384329583297500742918515827483896875618958121606201292619309, 1766847060152531876562276976963651241709919851964186053714481980331000033)
(3121656762131724038708995312185527164356818453761619624782789390128873679479331005022758353287825706056552173043781025824547696529057310333090869, 198, 1766847064778384329583297500742918515827483896875618958121606201292619309, 1766795114507136769361217512620128336249472095146625797048434429664428841)
(3121723415348056384968887555797766379327211497988863969333990798564546438127809246391053466530858539760942552693657105123380985954472999044236237, 199, 1766847064778384329583297500742918515827483896875618958121606201292619309, 1766832838890679103046132134650581300770074220010713312206367650018754593)
(3121419116359507942043727390632942440146678622546102769468012783772365873918912360715667240560113340605038916878418304792340473126477638381057333, 200, 1766847064778384329583297500742918515827483896875618958121606201292619309, 1766660611766659961550875663331068064074962660593501080874893490148868137)
(3121675474372444621450373891494602398139026871718761497102191199052699430684725544807067636400919327199164310768863237207406801692861085356091233, 200, 1766847064778384329583297500742918515827483896875618958121606201292619309, 1766805705260062478762211100059692543060746669676179969986229025575535237)
(3121744651323303972194444395806997611052338523228934883648687690127564963085130376405572510737036304868092452779993459469389058548403159525465003, 200, 1766847064778384329583297500742918515827483896875618958121606201292619309, 1766844858026727106643121412204476739045151886051222594570325815786995767)
(3121747977740628933526030466940884605537958199672090482884696054586099938932765100824645456434056747792614060972402293322237655315778627419589791, 200, 1766847064778384329583297500742918515827483896875618958121606201292619309, 1766846740712213175333617977645552293213241157470304627883245647188459899)
(3121748469030376844568557074609592342321844501795077588538639878263351198603117466682504411981726196853508395605368797022319890151715852230026481, 200, 1766847064778384329583297500742918515827483896875618958121606201292619309, 1766847018772356412838450727509314274068791304588582665002537419458740309)


(1560957633194678645853314285387715463405909596012894053062519342688688723793942474238091618799398525269332584471596663778576884164121085354158659, 201, 1766847064778384329583297500742918515827483896875618958121606201292619309, 883470711365994543419189614348735300534290990745659392544305536359727151)
(3106454807290379161353727645874298001597858276288429153618775787702381552152191032798480174175902156120664127434420421436934819420600858100839811, 201, 1766847064778384329583297500742918515827483896875618958121606201292619309, 1758191112981259565653328242595433640302147169974851362662450343148781679)
(3121743219590849427613906243942926997723428897543549512881365383042085945370922473616411565450968599791600944400722610253434660373770317496018161, 201, 1766847064778384329583297500742918515827483896875618958121606201292619309, 1766844047694874913107188614453917572203088865946753777071868582238879829)
(2374841067782108652036949913567240394003704515970077727280385168654783272469751482290266620333192317818083051917708023151802137119895120894728197, 202, 1766847064778384329583297500742918515827483896875618958121606201292619309, 1344112410815808229036113831225115426794602085314919813142673127926399033)
(3121482607366896301604978450363255579352311457715594345396010223471634913684251124640453104913919376056557732793968021814541827153377378764277697, 202, 1766847064778384329583297500742918515827483896875618958121606201292619309, 1766696546403366236544662916507500143783240901385952844693995257889554533)
(3121553376551622248871773218120136305878846958907864177304750792366943582021784819207817673959271757750722525048270871648342101554923858575685501, 202, 1766847064778384329583297500742918515827483896875618958121606201292619309, 1766736600342463010518906425292765596915795063159904596275128034282963089)
(3114880760852454201389452281262281176847674401539056624374606647162025459740383275519371660061586897724798510780952589972321214521616969901224413, 203, 1766847064778384329583297500742918515827483896875618958121606201292619309, 1762960033693212587799287549253825417691779136250938857739828155744518257)
(3120008528679140215401169594353378831752205948438266341850778399387062999572318551065430189684957905166666833854339847216493521762374632624608779, 203, 1766847064778384329583297500742918515827483896875618958121606201292619309, 1765862247432537666314360049562488551682442110318511718672538590729207831)
(3121726330777514625773427954916391877767830880221714319313727671241232422833269294092258266978694499866666508856335416664462243914082651052334657, 204, 1766847064778384329583297500742918515827483896875618958121606201292619309, 1766834488965276027193004141387385210581692281719237756758903256717983973)
(3095294026365253254600431759401064347562110282866883646876058625229043064318717805742955179650572279674561047184603352558702216872310441691241037, 205, 1766847064778384329583297500742918515827483896875618958121606201292619309, 1751874334835820133533111872364526275952595106979931729647018639078981793)


(1563243577228828622481550632166224244915164124833918513508486710164187888807039626197678496158540523576654421031273174047540981803151271342869779, 206, 1766847064778384329583297500742918515827483896875618958121606201292619309, 884764509838833335861125510834878690297567629432872941179053750267936831)
(2684744541475030186519692183957383040559424560259563552815148056294470264254564935752047671468556223808947016918064540023481579167337038057799291, 206, 1766847064778384329583297500742918515827483896875618958121606201292619309, 1519511561014352852220301328707986507498756875362366506575560145872355399)
(3121479780083816308904663750238664114634922591342880438418960939196111399603306153470196234470444381297960190877861659968968757499489728434431373, 206, 1766847064778384329583297500742918515827483896875618958121606201292619309, 1766694946217851398379255339434119916742053449640906907728900443416297697)
(3121730722466644663460020439670644802070135281362364128201264829158863054262312645621861787116767170004335017378701572683337636381285729888532427, 206, 1766847064778384329583297500742918515827483896875618958121606201292619309, 1766836974573237001753225712813726456817347264818915480597439300960780503)
(1594046178075201414896149329642457542109105473722153742099510282639125419542507158574844032293949371932802340134098666100053147230396549164938549, 207, 1766847064778384329583297500742918515827483896875618958121606201292619309, 902198164092455090831654372046344616372337439141031456699693251501752361)
(2489377924456898402987259119155089135250890401226670270740163528424472100259598298955346732102491745234985861630986576021626565166431934649123011, 207, 1766847064778384329583297500742918515827483896875618958121606201292619309, 1408937974362337431141002193610049099214501248251049913993411983577186479)
(3098349492073008831358152147494058111844056724819876863474172301739435875764198100672831484360590132055903676327195908447548398604655775750892489, 207, 1766847064778384329583297500742918515827483896875618958121606201292619309, 1753603667141182297912600193182092128529528695634026119922844006428443021)
(1561613256174238293366605196311183451397249911376216899450925968800233370124907926953454255540046361469884353582707542486041194565423154111411081, 208, 1766847064778384329583297500742918515827483896875618958121606201292619309, 883841780822219314248238887354801066780050909218608515793681567168069709)
(1565910640521272722478709539331076875529361514739495672861710692898153912118371039274235112184376526846012380815811467987652040803871664874953643, 208, 1766847064778384329583297500742918515827483896875618958121606201292619309, 886274014167539131238475817306762327600597171796361031000835083229724727)
(1560877045455293883523188885018673849792777922210558748265257037202625721090878524655208129690281125267956959871950021803244352752774876858676027, 210, 1766847064778384329583297500742918515827483896875618958121606201292619309, 883425100321897260187580982973691310232997783385056341100966526526160903)


(1561001313376959228180138066250429736775601480638764834492663446249346812861363475671949552632024560326603175727974629283872124205591701078641939, 211, 1766847064778384329583297500742918515827483896875618958121606201292619309, 883495433473046893834788431889254914951579844801502263995970643986219071)
(1621393938494984989286566784356377654167426162750177410392536556378028030228172680815058299296504984437324253603517847066774750083157387917566867, 211, 1766847064778384329583297500742918515827483896875618958121606201292619309, 917676447960342549810283835367792795278754989571680450384452819953385663)
(1983200811119206360258107550404889779872028702053391666636734060314055191516020206820940638700790398905193730823137989575045677396607532391113619, 211, 1766847064778384329583297500742918515827483896875618958121606201292619309, 1122451880897772714897515001498183091216975402388928389190281643583078591)
(1560874807178914450497349196569768523958677655263429669730884375570663381970806027857574854909859598036246796984069827781921357320601719663399253, 212, 1766847064778384329583297500742918515827483896875618958121606201292619309, 883423833502360893709308265418354857733318884812660408952446802058019017)
(2800506783962793706487613762782250134529203026588380108475912631507775752793501712941189931576450270221102721373263213955435467691629776220382527, 212, 1766847064778384329583297500742918515827483896875618958121606201292619309, 1585030668352759405741574229423296491615097461500353208389266610740789403)
(1560874521010616853632316918408996518936212001384972260339330934247894281729939527363607408242207753790069016082371943805873286095726515394156549, 213, 1766847064778384329583297500742918515827483896875618958121606201292619309, 883423671536844295497606890199999687264428801668047284621465246765154361)
(1560885800694204746116765564414271841561810757170597837009595884175331542347915529297341729694504546114704898978580142053919867858899132640906943, 213, 1766847064778384329583297500742918515827483896875618958121606201292619309, 883430055611511961935073061721766548142176164026300825801348442646118427)
(1587465989903364418351173904810901091722237703741030588117153526115287552062328180678570628636887176728397659151979292016912850331495994086085299, 213, 1766847064778384329583297500742918515827483896875618958121606201292619309, 898473909569802135745348927823900318621422331761585720264583335972438111)
(2813326817987557834299542811087120117307490104198651163234688839161987999084012779730028941933843845834743678415201301659650344133519037020676077, 213, 1766847064778384329583297500742918515827483896875618958121606201292619309, 1592286550472003351166046980479971375297601558711586874450198887829340353)
(2220239293083454321356132250868139569260386156880789163525177032336380828059782937526923055516731573761349761960222642334736040702146563981436067, 214, 1766847064778384329583297500742918515827483896875618958121606201292619309, 1256610907272802918018450707264264121724974899833324217562668574019944463)


(1560874275429738887321056142348572028328475365282495111649108244780778196031469583935008118279873540056061700881838457048340411114422905524436097, 216, 1766847064778384329583297500742918515827483896875618958121606201292619309, 883423532542993123033805509945642160755917765246422882565237955778052133)
(1560882937342410529548177319003063941865611802221608771065886348936244663879627892044387512446849848330779162067682334049432676865633905131980621, 216, 1766847064778384329583297500742918515827483896875618958121606201292619309, 883428435011828323940703915832331040390603539313917623578345582050148769)
(1561304513405390114438837903503682533679031246789505721667227856115168778859966402418509298535989927622084939320132923825556199306289013038446461, 216, 1766847064778384329583297500742918515827483896875618958121606201292619309, 883667038607681971401990853261417149219127793927368674951642538924048529)
(1564452109120032071290631004260582620617420929104514737236218924630228005411353954755570464270331409864169411822487720708968104629873277759461771, 217, 1766847064778384329583297500742918515827483896875618958121606201292619309, 885448514649037457853801774493523636045773363271193417751679955434996119)
(1561413726228677625316545084107780562348654610836475370598443038420006180505419185638909672800198753636566619071661544938495879056245657413058171, 218, 1766847064778384329583297500742918515827483896875618958121606201292619309, 883728850875118490841094147336497990553218305529349825815609180472475719)
(1560874295203166245672676877647149993727488682242673993225996611781733376244900256380465361805448039013054908142308594320704833756549536525834673, 219, 1766847064778384329583297500742918515827483896875618958121606201292619309, 883423543734356400891587847772315127998783994091478577077994695872741397)
(1560874502083012833911244897034403191214654423400391352329266310149935868212259133053824024594436843204319867558326784365827205269641818781196191, 219, 1766847064778384329583297500742918515827483896875618958121606201292619309, 883423660824200062141075913318011933145686272015952160909997669273829499)
(1560876169300861941381703759499294103598761958773334718412090115277768499758726452214404466628007196867559720940052769828044395207636671266782843, 219, 1766847064778384329583297500742918515827483896875618958121606201292619309, 883424604436062312703002351629355787311834264841321055516839576344723527)
(1560874288127078202519780616943687725192232944729020338824774611491924120539179638340389033655439692776490799791640300524109084981952471013163709, 220, 1766847064778384329583297500742918515827483896875618958121606201292619309, 883423539729432497621867015146397705203888608185984634853961094913851601)
(1560874342403028786295885509835972251408613016414592759693474160181332027394630469549216313479842152201855559904888395936742960159335368460570809, 220, 1766847064778384329583297500742918515827483896875618958121606201292619309, 883423570448531884180226947697622757653700882673953278618178877327933501)


(1560874275159298577279611867676870112937300284902174841745736269648872773767901983882568312296806462422535857297382398577749547880299481624479721, 221, 1766847064778384329583297500742918515827483896875618958121606201292619309, 883423532389929331926698223693662223434129898762550499428312345699418669)
(1560874279403492355061560898299465823054403033188526195286479830745489260655973725601109701080115465573994900162430446255625268035659349026980347, 221, 1766847064778384329583297500742918515827483896875618958121606201292619309, 883423534792057881923354759247975305038760266740893499264291734634365383)
(1560874314351360053837171513129370033619966802932565609851982560852464978390905911656955462562842174316040016662967692933094773632546278521800447, 221, 1766847064778384329583297500742918515827483896875618958121606201292619309, 883423554571850030011238365875484165192512781124519015395167885313704283)
(1560874349495897719605024472273317977189848732272369590384139446338217164444150621527386574452400316420780523554886472255818279286417172354531873, 221, 1766847064778384329583297500742918515827483896875618958121606201292619309, 883423574462953434694446289986771469582748418346161091026901841506992197)
(1560874275160695656221736993264240186384335381203243876477091259225685873338722231951384556399553070103880994337243688375303864070020256841581517, 223, 1766847064778384329583297500742918515827483896875618958121606201292619309, 883423532390720050585927714636131663033034589491403893015707174546964513)
(1560874275161875080592873634885133354317915245433593150898029247201348980753384880610769021639933420090738464062128720020028678222960227373803593, 223, 1766847064778384329583297500742918515827483896875618958121606201292619309, 883423532391387581123600241968610825264508829766841277877504396717195277)
(1560874275189679412285517166296985691756502088811653741889897935817158610060588498201474919582964457499116966666325450540855628016158801548782147, 224, 1766847064778384329583297500742918515827483896875618958121606201292619309, 883423532407124275174214650643547149348490449472009882976775731241025583)
(1560874275158394340375616716930790102611496621729391633704529331468294332882482542192948828046597706234367763210190223541709402644029481653628821, 225, 1766847064778384329583297500742918515827483896875618958121606201292619309, 883423532389417551975834978377635736727718998710062654260980887385538569)
(1560874275159090973636264571664259179175262571509880038519717505382806375257348807992331711705629954444286154116177248406805129876093370109924681, 225, 1766847064778384329583297500742918515827483896875618958121606201292619309, 883423532389811832428588954263114172250864230256824083462336284553380109)
(1560874275159142268025605806739161379837669218558393612605611957989447057399143214927117634001697898742705508257663741653632170822259670270212121, 225, 1766847064778384329583297500742918515827483896875618958121606201292619309, 883423532389840864024115117661646912776946565713998556856266930713002269)


(1560874275165292395990877539199563749799871596098078559593429941130246745251645841853683509192438439114743623916703438085992717631160890391744269, 226, 1766847064778384329583297500742918515827483896875618958121606201292619309, 883423532393321713095816262978967727880534691981302816148829877351481441)
(1560874275158122272161881111972693970719677581640991933316508079466855814382293841911479286989494451737681967470841919240438898323244323493091333, 227, 1766847064778384329583297500742918515827483896875618958121606201292619309, 883423532389263566823888773865147890018430935643292643353983879038894137)
(1560874275158980066848499739069876042607896848161742581036702472719799255710123210843997522624389028339007434467170686066341792985813032573553511, 227, 1766847064778384329583297500742918515827483896875618958121606201292619309, 883423532389749061411235087455475814356632153592663059907891644208250979)
(1560874275158043944243022198952910880518975539526369853969128712648607156458094110404251698214054191990720355226853765684302003796305910586930913, 229, 1766847064778384329583297500742918515827483896875618958121606201292619309, 883423532389219234792882605432253299755629531499228920468657351795146757)
(1560874275157997502025645675304012942081391142874337293648116167720973065059895333736695855413655394263994863462713351542309227728192084102867017, 230, 1766847064778384329583297500742918515827483896875618958121606201292619309, 883423532389192949429365673706554737387419849396111491855233658650624013)
(1560874275158010325622980984072738492246992804636465687169589780872633267398591101481310268487027393711132986892795118615157234153645282410086439, 230, 1766847064778384329583297500742918515827483896875618958121606201292619309, 883423532389200207328247214556187922518940433260405110203716320190529571)
(1560874275158093505713804608518525844672517097147568780281851055369888710419563588878044190920861881750825202537358007594213786935318311180594393, 230, 1766847064778384329583297500742918515827483896875618958121606201292619309, 883423532389247285591262614661916690939614490758525877869549800449376477)
(1560874275158142027433451722778568466920739601112378917930670132159954197345918474294874545052748170653157059369651342245244402773567140299434291, 230, 1766847064778384329583297500742918515827483896875618958121606201292619309, 883423532389274747911354931390258472518341024299096325674619330600370399)
(1560874275158285513090122474947551649854769005694031753549320830667719301467462446920546346949464562528753613003024156952915489193515053458802781, 230, 1766847064778384329583297500742918515827483896875618958121606201292619309, 883423532389355957915056496572640598044003773483354649898182084046881009)
(1560874275203484534692544703482826615979350502571063762088194126544932795396658167948111429033720043267753090663197037244904704949469682459356883, 230, 1766847064778384329583297500742918515827483896875618958121606201292619309, 883423532414937697559337221524331748233028192243453289916272338200953087)


(1560874275158002354197610386730017204306213393270818307412998075399980722979118090148061003221014989558472285640333143520994198056390138521153197, 231, 1766847064778384329583297500742918515827483896875618958121606201292619309, 883423532389195695661374905379388915545292502750168536635740611665724033)
(1560874275158019683383198641822889569394864287543964785144719174253574884743082963524452519888543745898798152748907564149048514346037241156866467, 231, 1766847064778384329583297500742918515827483896875618958121606201292619309, 883423532389205503632836447068082408966266264728943696566122586719650063)
(1560874275157996115690798614896583152874299071332485575429578479812685508089658062880557651747407083653076978840246400383647051971175978312387353, 232, 883423532389192164791648750371459257913741948437809479060803100646309917, 1766847064778384329583297500742918515827483896875618958121606201292619309)
(1560874275157996462274510379998440600176072089217948504984212901789757450337629323946122090162894183593361924820380044441881339558616043538586539, 232, 1766847064778384329583297500742918515827483896875618958121606201292619309, 883423532389192360951077981205233127782161423677384982259410740147388471)
(1560874275158000621279051561220729967797348303843503659639825965514620251995023930114977090325654170402085749921589266713670767828523256563854397, 232, 1766847064778384329583297500742918515827483896875618958121606201292619309, 883423532389194714864228751210519566203195126552291020642702414160330833)
(1560874275158005820034728037748591677323943572125447602959342295170698809722449728345152222402975427314923779863843546135404733996502613562947453, 232, 1766847064778384329583297500742918515827483896875618958121606201292619309, 883423532389197657255667213717127614229487255145923568621817006676508817)
(1560874275158063352930881044656927929418264541112293909028656343364633374551017319645656990366335717358177506882558538302884497336807299297041751, 232, 1766847064778384329583297500742918515827483896875618958121606201292619309, 883423532389230219720919532123590012387120144915457099590685163855544339)
(1560874275157996808858222145100298047477845107103411434538847323766829756556095929358858422737666436574861131262196444877621000196933575044363379, 233, 1766847064778384329583297500742918515827483896875618958121606201292619309, 883423532389192557110507212039006997650580898916960485458018379648467231)
(1560874275158040824989616313036193854803018378557203487977418914854960683329179684493239614954245715991709863071472188262999544824880060344144369, 233, 1766847064778384329583297500742918515827483896875618958121606201292619309, 883423532389217469358019527928288470939854254343049391681188596285440341)
(1560874275157996115690798614896583152874299071332485575429578479812685688308058670275759269243752159430765593243603881696780780375008510159556871, 235, 1766847064778384329583297500742918515827483896875618958121606201292619309, 883423532389192164791648750371459257913741948437809479060803100646310019)