(421249166674232675308073256210991514524466123465226452350573487443, 4, 649037107316856335870073558270043, 649037107316856624100449709981801)
(1684996666696778237381486667708016776162845500890158395215614838499, 4, 1298074214633645225832127615991849, 1298074214633663240230637097975851)
(1684996666696809852584905408736423365778462949054521545796723148773, 4, 1298074214633669581298912435634223, 1298074214633663240230637097975851)
(1684996666696903762834113741620045176135737525588382053116917317689, 4, 1298074214633704313059238716899331, 1298074214633700854294724896358419)
(421249166674228746791672110734946536415365657811251500330034173407, 5, 649037107316853453566312041152659, 649037107316853453566312041152773)
(421249166674229495080510424157171858768624422382992047793521043917, 5, 649037107316853453566312041152773, 649037107316854606487816647999529)
(421249166674230617513767894290571500823707669990109039819709494337, 5, 649037107316853453566312041152659, 649037107316856335870073558270043)
(421249166674237819793836660994882954770226602042817034689206817141, 5, 649037107316866279818050792325229, 649037107316854606487816647999529)
(1684996666696813406956887397390307380760342351241558161272512455441, 5, 1298074214633665978419210539237567, 1298074214633669581298912435634223)
(1684996666696886926335251689697090767093267271607455116649679554849, 5, 1298074214633691342692311889870971, 1298074214633700854294724896358419)


(421249166674232394699758888668548594137186195585467705644613113193, 6, 649037107316853453566312041152773, 649037107316859074058646999531541)
(1684996666696911432794706454183463305957549608867697894911983485519, 6, 1298074214633704313059238716899331, 1298074214633706763017436006449349)
(421249166674232394699758888668474603906952073651025019886666517519, 7, 649037107316853453566312041152659, 649037107316859074058646999531541)
(421249166674358294296805122536428005304033570363871799400059636303, 7, 649037107316856335870073558270043, 649037107317050170798035584417821)
(421249166674230617513767894290645491053941791612398228205352279239, 8, 649037107316853453566312041152773, 649037107316856335870073558270043)
(1684996666696858491359395779661944748022387139642299121507032367677, 8, 1298074214633704313059238716899331, 1298074214633665978419210539237567)
(421249166674356423574709338413804223943688414931525297620924767633, 9, 649037107316853453566312041152773, 649037107317050170798035584417821)
(421249166674356423574709338413730233713454271212054321564301136039, 10, 649037107316853453566312041152659, 649037107317050170798035584417821)
(421249166693227800396455622524785504722029713034428355166687201697, 10, 649037107345929413336556342607957, 649037107317050170798035584417821)
(1684996666696861671586958611606672948706197470779724290233263493883, 10, 1298074214633665978419210539237567, 1298074214633706763017436006449349)


(421249166693100123613412675103686099853898717282994113639482414761, 11, 649037107316853453566312041152773, 649037107345929413336556342607957)
(421249166693101994335508542465059279757767641903610830527886532151, 11, 649037107345929413336556342607957, 649037107316856335870073558270043)
(421249166693100123613412675103612109623661281329873746216425107663, 12, 649037107316853453566312041152659, 649037107345929413336556342607957)
(1684996610818235248893423507888307980538557615627017400739331834153, 12, 1298074212348194227500791118168097, 1298074173871850490689346590474249)
(421249166694382129465653145849022777219465407643224405965824604377, 13, 649037107316853453566312041152659, 649037107347904656104324023189603)
(421249166832683023893150005337444027620662487119336700652839503651, 14, 649037107316853453566312041152773, 649037107560990923235087225978887)
(421249166832684894615246492571416145610845807230117904734962582141, 14, 649037107560990923235087225978887, 649037107316856335870073558270043)
(421249166832683023893150005337370037390400534154087900709077910533, 15, 649037107316853453566312041152659, 649037107560990923235087225978887)
(421249166851554400721989100952608146467244851846946502595800203859, 15, 649037107345929413336556342607957, 649037107560990923235087225978887)
(1684996256880389475568433430031353277282916722039239082235322695773, 15, 1298073898922542226196318337892383, 1298074214633704313059238716899331)


(1684996613784996865080487707344773451925414327276750100382080827419, 16, 1298074214633704313059238716899331, 1298074173871850490689346590474249)
(1684996663730146543218451405602804926067046345539357315536684843107, 16, 1298074212348194227500791118168097, 1298074214633704313059238716899331)
(1684995731622942266475813380482129540318251753180085741825545995659, 17, 1298074212348194227500791118168097, 1298073496564432610498782433378347)
(1684996203968490957054016590465210011061276130829629783451094745367, 17, 1298073898922542226196318337892383, 1298074173871850490689346590474249)
(1684996253913628487780786286392332262481804836386891769898889905151, 17, 1298074212348194227500791118168097, 1298073898922542226196318337892383)
(421249395074264183858824630253933674562456869891643820206603636033, 18, 649037107316853453566312041152773, 649037459222827491449063350468621)
(421249395232718546873736587790745027549038643860152836416902004827, 18, 649037107560990923235087225978887, 649037459222827491449063350468621)
(1684995734589702334669942991213037790778015389659780323075034185857, 19, 1298074214633704313059238716899331, 1298073496564432610498782433378347)
(1684996663595935515209166020909090114123915069018765406099520619123, 19, 1298074212348194227500791118168097, 1298074214530311897793165514506259)
(421249395094417577459909339554693461310430176963338236421184947463, 20, 649037107347904656104324023189603, 649037459222827491449063350468621)


(421249395074264183858824630253859684292105467557618626984650213239, 21, 649037107316853453566312041152659, 649037459222827491449063350468621)
(1684995681677820217017974551791546380080654658037732754533977686403, 21, 1298073496564432610498782433378347, 1298074173871850490689346590474249)
(497053526669271695337180958651386152216117065571399651808379929577, 22, 649037107316856335870073558270043, 765832216780500510330383476195339)
(497053526856237827571722146690828552971312241568290893306701807693, 24, 649037107560990923235087225978887, 765832216780500510330383476195339)
(581387414620106097819578795086346655018414797171063907638749167979, 24, 759157687390344956956186381385761, 765832216780500510330383476195339)
(1684995324773410260155460881773577259991510715680807339094408430901, 24, 1298073898922542226196318337892383, 1298073496564432610498782433378347)
(421878833160345085466788946286527969742199754191554650605883511689, 25, 650007262149321404042953451634923, 649037107316856335870073558270043)
(421878833180526719096589468381671736417888678948535197945565305569, 25, 650007262149321404042953451634923, 649037107347904656104324023189603)
(497053526669269487976101841222301240079144942778950354869403256401, 25, 649037107316853453566312041152659, 765832216780500510330383476195339)
(985443017107298690921243792227278251206879511381760702622600266817, 25, 1298074212348194227500791118168097, 759157687390344956956186381385761)


(421878833160343211948412239854446515277558725022280261980978710257, 26, 649037107316853453566312041152659, 650007262149321404042953451634923)
(492721509421181605645928232702962008730680525210775182291647865253, 26, 649037107316853453566312041152773, 759157687390344956956186381385761)
(492721509421181605645928232702875464754318025885682177044169888499, 27, 649037107316853453566312041152659, 759157687390344956956186381385761)
(493458009920208542477726411751864766683237950113657323039802531403, 27, 759157687390344956956186381385761, 650007262149321404042953451634923)
(843757199570443404791773014870275819935546020406684031273377212281, 27, 1298073496564432610498782433378347, 650007262149321404042953451634923)
(421878833179242796953032550451296692999669221086464455927278882311, 28, 649037107345929413336556342607957, 650007262149321404042953451634923)
(985442473714553550196037386402556752673438259204768031974671517067, 28, 1298073496564432610498782433378347, 759157687390344956956186381385761)
(985442779167805548799896614184861598073316213623118826579626558463, 28, 1298073898922542226196318337892383, 759157687390344956956186381385761)
(421878833160343211948412239854520616105443747662341158674465091479, 29, 649037107316853453566312041152773, 650007262149321404042953451634923)
(843757664835086584401777604368115656412194759311141363373389651531, 30, 1298074212348194227500791118168097, 650007262149321404042953451634923)


(421878833319034340195875794387322395899596801792349336569229870701, 31, 650007262149321404042953451634923, 649037107560990923235087225978887)
(492721509443254844023761602285586047048890921073913816914405100277, 31, 649037107345929413336556342607957, 759157687390344956956186381385761)
(497796502495238733580447111880970940076583443712420228021262223897, 31, 650007262149321404042953451634923, 765832216780500510330383476195339)
(985443018842361241981104310561028070988479732461535836880913825891, 31, 1298074214633704313059238716899331, 759157687390344956956186381385761)
(994107051588219734029815166558338128917352048805549675397009899883, 31, 1298074212348194227500791118168097, 765832216780500510330383476195339)
(994107053338536989327232476758164604116206112170469549574954418209, 31, 1298074214633704313059238716899331, 765832216780500510330383476195339)
(492721509444754364755374618882465532791027756920954708906387442883, 32, 759157687390344956956186381385761, 649037107347904656104324023189603)
(994106811556757865997094548876788878047233643413720637268868202837, 32, 1298073898922542226196318337892383, 765832216780500510330383476195339)
(843757461106136639667878404194663902764334784456038944513378491509, 33, 1298073898922542226196318337892383, 650007262149321404042953451634923)
(843757666320684737730285443919797809057642745464873309891154936513, 34, 1298074214633704313059238716899331, 650007262149321404042953451634923)


(842497867332595583748854135650251893161215952432994440176073707079, 37, 649037107345929413336556342607957, 1298073496564432610498782433378347)
(842497867294856592426048211951281616025426560692564039105414958921, 38, 1298073496564432610498782433378347, 649037107316856335870073558270043)
(842497867335159594034973936330460382034196867183791285845815726241, 38, 1298073496564432610498782433378347, 649037107347904656104324023189603)
(842497867611761229879266454141360787932366264679265611179504959789, 38, 1298073496564432610498782433378347, 649037107560990923235087225978887)
(842497867294852850983926338610218761204353928129762842273332074673, 39, 649037107316853453566312041152659, 1298073496564432610498782433378347)
(842498331865074955259108943608094009882133592851366554651871682981, 39, 649037107316853453566312041152773, 1298074212348194227500791118168097)
(842497867294852850983926338610366741582962273447359703470737206231, 40, 649037107316853453566312041152773, 1298073496564432610498782433378347)
(842498128440200162876975022885031609732464674935709290828186782469, 40, 1298073898922542226196318337892383, 649037107316856335870073558270043)
(842498128757104898559724329070366749828460189285877136931636117721, 40, 1298073898922542226196318337892383, 649037107560990923235087225978887)
(842498331865074955259108943607946029421925898709431464464400519923, 40, 649037107316853453566312041152659, 1298074212348194227500791118168097)


(842498306892500116190077189249451356057245282853743655798731442477, 41, 649037107316853453566312041152773, 1298074173871850490689346590474249)
(842498331865078696703293923177550440800492319120805734802593418171, 41, 1298074212348194227500791118168097, 649037107316856335870073558270043)
(842498333665364364136413172163876996113879000238556339015910424597, 41, 1298074214633704313059238716899331, 649037107560990923235087225978887)
(842498306892500116190077189249303375601423891897805070287417378091, 42, 649037107316853453566312041152659, 1298074173871850490689346590474249)
(842498331902817708836136597618066728548635609342503933249295747829, 42, 1298074212348194227500791118168097, 649037107345929413336556342607957)
(842498128440196421433693431251146513265940374274965816228016296397, 43, 649037107316853453566312041152659, 1298073898922542226196318337892383)
(842498332181983508904085450311723295393768277233882922551038968039, 43, 1298074212348194227500791118168097, 649037107560990923235087225978887)
(842498128440196421433693431251294493690417544088752196518536028059, 44, 649037107316853453566312041152773, 1298073898922542226196318337892383)
(842498306930242868648368220661803218795871503814045373742110999293, 44, 649037107345929413336556342607957, 1298074173871850490689346590474249)
(842498128477939165897569436708748031400650186241394519893025491531, 45, 1298073898922542226196318337892383, 649037107345929413336556342607957)


(842498328222622268025578152709064046728747471277785917782849759957, 46, 649037107345929413336556342607957, 1298074206677955347231259725136001)
(842498333281350295810662985888499927006813052194736916712283706207, 46, 649037107316853453566312041152773, 1298074214530311897793165514506259)
(842498790081421133559646552668174863356300601670554279081087598839, 46, 649037459222827491449063350468621, 1298074214530311897793165514506259)
(842498307209408660441536493941908550324635892539052047278591180863, 47, 1298074173871850490689346590474249, 649037107560990923235087225978887)
(842498333388737694677544894320767609267799443855431918043101415901, 47, 649037107347904656104324023189603, 1298074214633665978419210539237567)
(842498333136485879374004731925021799283604520882475473774690971627, 48, 649037107316853453566312041152773, 1298074214307112923799931429322799)
(842498333136485879374004731924873818823173510009162281591748172541, 49, 649037107316853453566312041152659, 1298074214307112923799931429322799)
(842498333380381927364518327733492563082102880462829293139415533621, 49, 649037107341467607113727844810763, 1298074214633665978419210539237567)
(842498333348430929329584094978236971372689979952686413353714740653, 50, 649037107316853453566312041152659, 1298074214633665978419210539237567)
(842498333386198563576939069581700184858178937841671016217168576767, 50, 1298074214633704313059238716899331, 649037107345929413336556342607957)


(842498333174228633007989827141767736210918959105334680618058911643, 51, 649037107345929413336556342607957, 1298074214307112923799931429322799)
(842498333348434670773775661971665896023930965172732398600716305381, 51, 649037107316856335870073558270043, 1298074214633665978419210539237567)
(842498333348455809933458016269394451927106579140734653427705971129, 52, 649037107316853453566312041152659, 1298074214633704313059238716899331)
(842498333348711163499532471116810891726949132259162463727899377751, 52, 1298074214633704313059238716899331, 649037107317050170798035584417821)
(842498333386173682973064033674091438213194128713622000303167520619, 52, 649037107345929413336556342607957, 1298074214633665978419210539237567)
(842498333348430929329584094978384951833158217874226203355187823291, 53, 649037107316853453566312041152773, 1298074214633665978419210539237567)
(842498333348455809933458016269542432387574821432423406641432494863, 53, 649037107316853453566312041152773, 1298074214633704313059238716899331)
(842498333348459551377649583373315453727968693607296651817344041233, 53, 1298074214633704313059238716899331, 649037107316856335870073558270043)
(1684996666696914800094478864583381848092438471143241024897688793047, 53, 1298074214633706907132624082305003, 1298074214633706763017436006449349)
(1684996666696911619866916032538380010476603541422855646659588652993, 55, 1298074214633706907132624082305003, 1298074214633704313059238716899331)


(842498333348457400047239432291895370735024044386795758619860168991, 56, 649037107316853453566312041152659, 1298074214633706763017436006449349)
(1684996666696858304287186201199975863022491400557113303837710482553, 56, 1298074214633706907132624082305003, 1298074214633663240230637097975851)
(1684996666696894783368053980536918072933086694943702830669937767913, 56, 1298074214633706907132624082305003, 1298074214633691342692311889870971)
(1684996666696861858659168189956065049367770355122170775387569647701, 57, 1298074214633706907132624082305003, 1298074214633665978419210539237567)
(1684996666696907130133886152004636057944231576384567440410364870257, 57, 1298074214633706907132624082305003, 1298074214633700854294724896358419)
(1684996666696909562072610670627084160430505413998725905792913899247, 57, 1298074214633706907132624082305003, 1298074214633702727792169882484749)
(1684996666696834920260988906753282007916738672993286912367979920547, 58, 1298074214633706907132624082305003, 1298074214633645225832127615991849)
(1684996661886026115636931904070676246845961277626907757496235977997, 60, 1298074214633706907132624082305003, 1298074210927532932413233737760999)
(1684996666272971758748009463849338744268840279447327584783259663397, 60, 1298074214633706907132624082305003, 1298074214307112923799931429322799)
(1684996666696656079228631998825124855277880022698150229178167849969, 60, 1298074214633706907132624082305003, 1298074214633507451712327097778323)


(1684996666419470250935334653747981085600424649937879971261786875223, 61, 1298074214633706907132624082305003, 1298074214419971256964391072956741)
(1684996666347455681424889205583754590229613668628824220540283649439, 62, 1298074214633706907132624082305003, 1298074214364493250623461899894813)
(1684996666583816180205273278782917923512845003153464964621814202137, 62, 1298074214633706907132624082305003, 1298074214546578755532039670202379)
(1684996666681737444659177298547152643156946728041686079656544958979, 63, 1298074214633706907132624082305003, 1298074214622014553693653743697993)
(1684996666695553849769796327785716923417579023169251406467735486107, 63, 1298074214633706907132624082305003, 1298074214632658325024184154980369)
(1684996664502113672314828970943948499171558200731758564292377442357, 64, 1298074214633706907132624082305003, 1298074212942893477431154546049119)
(1684996665440153033031140155340430385960364068992211440668986310383, 64, 1298074214633706907132624082305003, 1298074213665532714958115934568461)
(1684996665957353254502306014679212424883804780996986414842014334199, 64, 1298074214633706907132624082305003, 1298074214063969272468127346589733)
(1684996666562700591621325971776294999715136145028972144550190513777, 64, 1298074214633706907132624082305003, 1298074214530311897793165514506259)
(1684996656369759029226836272538261780130752825580217367721737713003, 65, 1298074214633706907132624082305003, 1298074206677955347231259725136001)


(1684996256880392842867386862501884133253720147748679792179596492149, 66, 1298074214633706907132624082305003, 1298073898922542226196318337892383)
(1684996666314396841764830943696238320790545142577466679320356322761, 66, 1298074214633706907132624082305003, 1298074214339025646932260877762587)
(1684996585238398014870283274490860991179832082996399461096520415537, 67, 1298074214633706907132624082305003, 1298074151880348082204014695940179)
(1684996613785000232380154378498197857838078150891042996398835367747, 67, 1298074214633706907132624082305003, 1298074173871850490689346590474249)
(1684989786745837151475545632370226276564387002224962047760410866589, 68, 1298074214633706907132624082305003, 1298068914512188217934220688883863)
(1684995734589705701967852677220028629257290059987218568080149970041, 68, 1298074214633706907132624082305003, 1298073496564432610498782433378347)
(1684995696370370451736887269291372471982991351199726713778097613757, 69, 1298074214633706907132624082305003, 1298073467121327725301003999772919)
(1684996663730149910518217887215483165466962116237200179726578089291, 69, 1298074214633706907132624082305003, 1298074212348194227500791118168097)
(1682996219996406857693564357593242491454265052961418105907518108153, 70, 1298074214633706907132624082305003, 1296533126552643206631710921851051)
(1684712430027230062070314522281827168996495954564694152247838239677, 70, 1298074214633706907132624082305003, 1297855246668331266765520541581559)


(1684965247555910576310038843686545282147711514172595315567138699233, 71, 1298074214633706907132624082305003, 1298050010207911979243516368781411)
(1684971948891578983188258979496403727327653806169733390756156012723, 71, 1298074214633706907132624082305003, 1298055172729124449267105925169241)
(1681210701356788227381985457442432465951317750004590727459871129369, 72, 1298074214633706907132624082305003, 1295157613026921973955352552538123)
(1681920394479888677695830801014159041586541365238963257026197584513, 72, 1298074214633706907132624082305003, 1295704340721763915555852836143171)
(1684996658678950697575039875568448883413296677241749849451735809523, 72, 1298074214633706907132624082305003, 1298074208456891899791789382434841)
(1177961711495203428841997661890594611870625051815357366660098946117, 73, 1298074214633706907132624082305003, 907468693404100121678560568017039)
(1684698205638181918519638581175293280385224436157394280701038165197, 73, 1298074214633706907132624082305003, 1297844288597607893359406727823399)
(1643961542027818791203118118588373284254358308196187311107230137927, 74, 1298074214633706907132624082305003, 1266461904484956616440932925964309)
(1684939290662900489055677746472210963673727464443435574438850985879, 74, 1298074214633706907132624082305003, 1298030013744907426132782678540293)
(1684661428170590650720531786463897898730634244594181977629568006743, 75, 1298074214633706907132624082305003, 1297815956267162791854903249600581)


(1684991045149959220260500092485565130358936455336661398223224569499, 76, 1298074214633706907132624082305003, 1298069883951460550975566764834833)
(1554710741836866530086263114624371261751271586894236535885897137777, 77, 1298074214633706907132624082305003, 1197705589025645821518000936714259)
(842573254473838781859346599539151948982256180623841975068625205847, 78, 1298074214633706907132624082305003, 649094824452389059027891262586949)
(915435232622272185428764250774114941472255726317413486208219081703, 78, 1298074214633706907132624082305003, 705225650661731594583024290758901)
(1655915796604200252695552312733997894380464453413779321877373648287, 78, 1298074214633706907132624082305003, 1275671127225549099570251064934429)
(843757666320686423896824479708688278267540413802286993624692419769, 79, 1298074214633706907132624082305003, 650007262149321404042953451634923)
(946751993490859353730867408210373627785173337662244589853906828829, 79, 1298074214633706907132624082305003, 729351205668942174189858502737943)
(852239324471677772494219798057796843527865026885662859819246157803, 80, 1298074214633706907132624082305003, 656541293913741529514191198617601)
(862665558023172376993434326613816372103875595181035693216551140389, 80, 1298074214633706907132624082305003, 664573372075340863995370501308463)
(1433171449007219506511895873792723775770201904167040148566957881103, 80, 1298074214633706907132624082305003, 1104075123633539395361578357358701)


(857231536100414721742258282154182911270669730852778212657297619249, 81, 1298074214633706907132624082305003, 660387153859542595428069408768083)
(863318699667144203897760942477253320254285261840354215686802767137, 81, 1298074214633706907132624082305003, 665076534095361523351009408057379)
(985443018842363211291856465405511794837108093109923155378203262283, 82, 1298074214633706907132624082305003, 759157687390344956956186381385761)
(994107053338538975952203682444361243010004027897146638943804981017, 82, 1298074214633706907132624082305003, 765832216780500510330383476195339)
(1540947817048179792952442075827852696921824537628668125827695640387, 82, 1298074214633706907132624082305003, 1187103017436493358556890917765129)
(842543565972289663886512868600441361388772852214405441965353073113, 83, 1298074214633706907132624082305003, 649071953262734085770734307639371)
(842589367144966317990978009338881986934708649382024693513445176809, 83, 1298074214633706907132624082305003, 649107237202712493221011238420603)
(1647722288244122760426289011860946447154647354183950959387491695611, 83, 1298074214633706907132624082305003, 1269359077985444940881795626303537)
(1597285216105393077204478975576860620931625924676958443571515487931, 84, 1298074214633706907132624082305003, 1230503770969765476204273534500977)
(842656343972812800979029827048287232304502397111454448990503828559, 85, 1298074214633706907132624082305003, 649158834274044337401347920887853)


(842498834395448253127475189942486239062647960313434725962471174019, 86, 1298074214633706907132624082305003, 649037493309414673134593844969673)
(1158750434724348502399585022014812389504638279927942670846714183197, 86, 1298074214633706907132624082305003, 892668864122939951892954009829399)
(842505662186866103188567368349558608513259344085282984655463644323, 87, 1298074214633706907132624082305003, 649042753248592940180351379046441)
(842498333716111068284315165194724143831896635996842992331711840193, 88, 1298074214633706907132624082305003, 649037107600083465037355813961731)
(842498463267005575588690481050734303759321693057395331895146837271, 88, 1298074214633706907132624082305003, 649037207402462286545105530650757)
(842499815737489359890118892795257380103907394660554961383187282813, 88, 1298074214633706907132624082305003, 649038249307823734576153379209271)
(842498889512518956638240285728113924468531695854989724679332167071, 89, 1298074214633706907132624082305003, 649037535770061439054527571427357)
(842499752454406729632861677236376892280240071616393469344702529389, 89, 1298074214633706907132624082305003, 649038200556310210278469146771463)
(842498790148528367717649260507514921784555744455430799013902810863, 90, 1298074214633706907132624082305003, 649037459222827491449063350468621)
(842505047518347098636820376700326373807285943595093866665111190691, 90, 1298074214633706907132624082305003, 649042279725190290971963326201897)


(842498333446019953539276955243674591876798596370666381812300772169, 91, 1298074214633706907132624082305003, 649037107392012838797196623085723)
(844332681428789593259071805203124750879640300492790448078163279389, 91, 1298074214633706907132624082305003, 650450237675389786995738217021463)
(842498424603693346943090417307339724428752909560431316569639878173, 92, 1298074214633706907132624082305003, 649037177617329978408402962874391)
(842499517082686718296827466299329696251431594095825461673684105899, 92, 1298074214633706907132624082305003, 649038019232532757574286540013633)
(842498334115111958999911995665482862144204254067708667550880495963, 93, 1298074214633706907132624082305003, 649037107907462570343894603530321)
(842498334357671282516884459149110092273675051286807009725075422371, 93, 1298074214633706907132624082305003, 649037108094323476124553934012457)
(842498337099710629387487188213280845133566360285371313056055819931, 93, 1298074214633706907132624082305003, 649037110206713750854998907944977)
(842498333380408491618279461650432696516751090628415240445383147289, 94, 1298074214633706907132624082305003, 649037107341467607113727844810763)
(842498333388764258931306291697841107750116225319775949864344483809, 94, 1298074214633706907132624082305003, 649037107347904656104324023189603)
(842498333665366047786300010674535628091919356167356748941972471661, 94, 1298074214633706907132624082305003, 649037107560990923235087225978887)


(842498333567467606141964550290349461643043350799975426544428384151, 96, 1298074214633706907132624082305003, 649037107485572707126418406899717)
(842498358506803174404799718810800899606850454076574380566440312601, 96, 1298074214633706907132624082305003, 649037126698137972742040485625867)
(842498333365205694362475239256460420530188896851259361443471948039, 97, 1298074214633706907132624082305003, 649037107329755798124367265661013)
(842498333365405487482304923008980152467843470717705906887873001903, 97, 1298074214633706907132624082305003, 649037107329909713145232279732301)
(842498334881057794886596958948898359461078642379861899358033149553, 97, 1298074214633706907132624082305003, 649037108497525778789045823864851)
(842498333350748754006259920533952636817362197155191836295953383319, 98, 1298074214633706907132624082305003, 649037107318618576389865123872773)
(842498333348606964278797327572663961663635718199195006869906127867, 99, 1298074214633706907132624082305003, 649037107316968601601584649994289)
(842498333386200247226825350207019772558508594894546477184928708871, 99, 1298074214633706907132624082305003, 649037107345929413336556342607957)
(842498333348461609171954945292103788140932577493519057225261250403, 100, 1298074214633706907132624082305003, 649037107316856624100449709981801)
(842498333348474143009996695115535495238916486961554087376349820687, 100, 1298074214633706907132624082305003, 649037107316866279818050792325229)


(842498333348468904988128501159367614998446800507752230679805427187, 101, 1298074214633706907132624082305003, 649037107316862244592784668360729)
(842498333348712847149418676827256020738103671620307261919510658463, 101, 1298074214633706907132624082305003, 649037107317050170798035584417821)
(842498333348758866912974952298328841475540636712645534834564791963, 101, 1298074214633706907132624082305003, 649037107317085623134302244962321)
(842498333348461235027535788580938554958610530234419006468563925129, 102, 1298074214633706907132624082305003, 649037107316856335870073558270043)
(842498333348457867727763378180583859887604743007046077314683107969, 103, 1298074214633706907132624082305003, 649037107316853741796688192864323)
(842498333348458054799972956536224889818424283447417070776735495741, 103, 1298074214633706907132624082305003, 649037107316853885911876268720247)
(842498333348458990161020848313991290387975792714661211147178343587, 103, 1298074214633706907132624082305003, 649037107316854606487816647999529)
(842498333348464789399517777336744761125099336693721565968480599623, 104, 1298074214633706907132624082305003, 649037107316859074058646999531541)
(842498333348457493583344221469540645681458264197216493221722452977, 105, 649037107316853453566312041152659, 1298074214633706907132624082305003)
(842498333348457680655553799824971387589507144118632001582441430263, 105, 1298074214633706907132624082305003, 649037107316853597681500117008421)