(1140610154405549311192955118343158587132470175049585174593801088756666935803308224879995221006711478117410075417460656164949988943107279804114502610987381314094986836581089894550222661903975201, 3, 1067993517960455041197510853084776057301352261178326384973520803911109862890320275011481043468297, 1067993517960455515481908369131912512248106856763996951967377994374860168508584371423660048646233)
(1140610154405613640841056666940049587596177301205124552117176917551381223947945763076656529519220056822809054660020571769795900140086809307852390548434438510425055279827703710654191318264185507, 3, 1067993517960455041197510853084776057301352261178326384973520803911109862890320275011481043468297, 1067993517960515749600392907118242290485940496144158960187241183271148982028124615770393706233931)
(1140610154405548804660292901425072831223307126812139982644798129474818791802169346626478202829460329231636227447930328021511501546647008248292781232277640835493220753508001467771981462843163533, 4, 1067993517960455041197510853084776057301352261178326384973520803911109862890320275011481043468297, 1067993517960455041197510853084776057301352261178326384973520803911109862890320275011481043468389)
(1140610154405551084057272877556458732814540843880643346415311446243135439807294298767304784627265650154564058133926937018534112596463608422896240578342587277894582771376873249290591857889259251, 4, 1067993517960455041197510853084776057301352261178326384973520803911109862890320275011481043468389, 1067993517960457175477299675296890104561747941313843936445878160997986238172508708866286566768759)
(1140610154405614147373718883886928391790416806292557190515370160729995429506216907782018383361285221628532791751357932103164876724259551961862972546788968010661217637998185877514942649359931923, 4, 1067993517960455515481908369131912512248106856763996951967377994374860168508584371423660048646233, 1067993517960515749600392907118242290485940496144158960187241183271148982028124615770393706233931)
(4562440617622189646781887219601910374116752876184514136453620713531304295335937465296363205814975556936004654133338195414592395610126667551372672930264717802629903656005397643882750297380010179, 4, 2135987035920907710973034125933869839868931544428299934977755655503468197689320067962067061047529, 2135987035920909845252822948145983887129327224563817486450113012590344572971508501816872584347851)
(1140610154405549311192955118343158587132470175049585174593801088756666935803308224879995221006809733521062437324884991734910124894234105634936790330568380089577473972083879656721199386379428637, 5, 1067993517960455041197510853084776057301352261178326384973520803911109862890320275011481043468389, 1067993517960455515481908369131912512248106856763996951967377994374860168508584371423660048646233)
(1140610154405549564459286226802313937931915279077878034030994717944062750231835211922581248985145761505111517063262107435906376132892978628866080713807051537924210143851846279694609919181365673, 5, 1067993517960455515481908369131912512248106856763996951967377994374860168508584371423660048646233, 1067993517960455278339709611108344284774729558971161668470449399142985015699452323217570546057681)
(1140610154405613640841056666940049587596177301205124552117176917551381223947945763076656529519318312226461422108983807917250778430811515833497653172771664699286000986174291175305067539237707159, 5, 1067993517960455041197510853084776057301352261178326384973520803911109862890320275011481043468389, 1067993517960515749600392907118242290485940496144158960187241183271148982028124615770393706233931)
(1140610154405788394609521516261297694076931947291667765117814736303985865383998816669600835041898923584845097284785902000904627757116732656832193847926963448057005036711194998638698430623415367, 5, 1067993517960566972315324640208979424735436819396580195523817753356181988800647028285726265442409, 1067993517960567446599722156256115879682191414982250762517674943819932294418911124697905270620463)


(1140610154405549057926624009884115709177888650930862578619299609115742863802738785753236711918481061276168519797938571108872112386078644362839622684072713772241214444313964182915350048456839257, 6, 1067993517960455041197510853084776057301352261178326384973520803911109862890320275011481043468297, 1067993517960455278339709611108344284774729558971161668470449399142985015699452323217570546057681)
(1140610154405549057926624009884115709177888650930862578619299609115742863802738785753236711918579316679820881683545824393094080060277919482264969557571995116962369065758313796651366538694145909, 6, 1067993517960455041197510853084776057301352261178326384973520803911109862890320275011481043468389, 1067993517960455278339709611108344284774729558971161668470449399142985015699452323217570546057681)
(1140610154405551590589935094475556744327476111304220909528543751443229265660051108263269472808354462495988990900838975577244615077259630440963301710206705619024805088994611381383609743107434847, 7, 1067993517960457175477299675296890104561747941313843936445878160997986238172508708866286566768759, 1067993517960455515481908369131912512248106856763996951967377994374860168508584371423660048646233)
(1140610154405551084057272877556458732814540843880643346415311446243135439807294298767304784627167394750911696073783025448406798706843927612295366936189566487082768037465002448074893493746533423, 8, 1067993517960455041197510853084776057301352261178326384973520803911109862890320275011481043468297, 1067993517960457175477299675296890104561747941313843936445878160997986238172508708866286566768759)
(1140610154405794219735136998237621569212803997854335481936731901530244560353955860455473509713761567246978976071436050705634411939985325500468599403045176924459547516780879417645628786879758489, 8, 1067993517960455041197510853084776057301352261178326384973520803911109862890320275011481043468297, 1067993517960684831988107377922388479003953822435716093497329583598132934939274986712209052139537)
(1140610154405794473001468106751157540503789988159850725585579836436727838699957264800664920676141437391047131900971494707302339994033276383408081113792506130063675542032663643139463613662633697, 8, 1067993517960684831988107377922388479003953822435716093497329583598132934939274986712209052139537, 1067993517960455278339709611108344284774729558971161668470449399142985015699452323217570546057681)
(1140610154405796499132116974859445310831677910603972674776363315688594065467968499562196208370914832432857403318294545853223744841275091880115684722342805418005756801899473150161579273680324583, 8, 1067993517960684831988107377922388479003953822435716093497329583598132934939274986712209052139537, 1067993517960457175477299675296890104561747941313843936445878160997986238172508708866286566768759)
(1140610154405794726267799215264693511794775978465365969234427771343211117045958669145856331637632736928171997950292833370538840833549937686081047034750057122114156965414971079688740509065414121, 9, 1067993517960684831988107377922388479003953822435716093497329583598132934939274986712209052139537, 1067993517960455515481908369131912512248106856763996951967377994374860168508584371423660048646233)
(1140610154405794219735136998237621569212803997854335481936731901530244560353955860455473509713859822650631359075978956584403271680053689252132685283646931246150575746795292716423152019676595893, 10, 1067993517960455041197510853084776057301352261178326384973520803911109862890320275011481043468389, 1067993517960684831988107377922388479003953822435716093497329583598132934939274986712209052139537)
(1140610154406301512196347241700506112239596807655695218863195622301160777494542431352767214244228942766538069544940111170040649980822822486821170616991203304833740230500630966050506215249724033, 10, 1067993517960455041197510853084776057301352261178326384973520803911109862890320275011481043468389, 1067993517961159827812219699129548108178681301484788937845305833044064011630767543509482737762797)


(1140610154445237158342975084198305581875625675355264762873666740122445713036697144445403445992948329298910612925174040860986216213963533801951770497785343346032976316893194932750115913250899279, 11, 1067993517960455041197510853084776057301352261178326384973520803911109862890320275011481043468297, 1067993517997616646596085694367430500364180185224262054665965210138805970737066458473073744019607)
(1140610154406301512196347241700506112239596807655695218863195622301160777494542431352767214244130687362885642840781386957720731554870383807084570034709435168193686341430600352047633803375546709, 12, 1067993517960455041197510853084776057301352261178326384973520803911109862890320275011481043468297, 1067993517961159827812219699129548108178681301484788937845305833044064011630767543509482737762797)
(1140610154406301765462678350326683637661458077395829320398231327999094097440028073399218792855779440933016392934405293965004510211990482814206597969071306516239970038854402737228035574057893757, 12, 1067993517961159827812219699129548108178681301484788937845305833044064011630767543509482737762797, 1067993517960455278339709611108344284774729558971161668470449399142985015699452323217570546057681)
(1140610154406303791593327219336103841036348235316902132678516973582560657003913209770831421744703903383325521331114544544951324324885621753052574426212125803432247955791536249894375684892058923, 12, 1067993517960457175477299675296890104561747941313843936445878160997986238172508708866286566768759, 1067993517961159827812219699129548108178681301484788937845305833044064011630767543509482737762797)
(1140610154406546927271191500466528246023167185845639606312794443598547804670129574364346888459873552947336246684551129637116641416846916559466737510787317259524641221970687886930945017651404989, 12, 1067993517960684831988107377922388479003953822435716093497329583598132934939274986712209052139537, 1067993517961159827812219699129548108178681301484788937845305833044064011630767543509482737762797)
(1140610154406302018729009458952861163083319347135963421933267033697027417385513715445670371466539623896203458051289434182612504843105918978493281507145883411193592478601406526208547706921593701, 13, 1067993517960455515481908369131912512248106856763996951967377994374860168508584371423660048646233, 1067993517961159827812219699129548108178681301484788937845305833044064011630767543509482737762797)
(4562440617010260200874184582530500704813749695064413803796403064085908393559083414374039755532255198701468562693965657795087769081818868283764761039438915670482748752143383510963030087046407379, 14, 2135987035920907710973034125933869839868931544428299934977755655503468197689320067962067061047529, 2135987035634424283488223625959578986850296145078706934437428265015114680772371930241032465154651)
(4562440617010264759668143923352422116632484376176207232571779932337367401977381493049999141033008377792361094435379932625426857309308102037488178359675138814216608605512007133194106024694505001, 14, 2135987035634424283488223625959578986850296145078706934437428265015114680772371930241032465154651, 2135987035920909845252822948145983887129327224563817486450113012590344572971508501816872584347851)
(4562439458050685218877256273329878923702743009616484455552400422267268981342564588228246061055623119257396464969609329872265984367020275712234067492718373129531012693370810172472018818845205283, 15, 2135986493635359594226713331633276684318608477977891171927488118594282681581965826664907132633253, 2135987035332608427142713112181540842622471949963859439978776157638756289422847027803207982121511)
(4562439459307284543354176856817219723935405799385889573183676206822812305698538524346637831570276638209488750554047548180200150774261343453393960317878402324811276405224735093918275686358881837, 15, 2135986493635359594226713331633276684318608477977891171927488118594282681581965826664907132633253, 2135987035920907710973034125933869839868931544428299934977755655503468197689320067962067061047529)


(4562439459307289102146979419989814302215283150389868522060004034033314859883931790179385691634754431010360541695455065817241561784138335898275126758430527990060190679882991109123713429361689303, 17, 2135986493635359594226713331633276684318608477977891171927488118594282681581965826664907132633253, 2135987035920909845252822948145983887129327224563817486450113012590344572971508501816872584347851)
(1141420820931634805417207772156147952589947972156336860909378726968321950176749016939832705568183509245939468489491837106613849032046991296647990638918732866573231057197649710627206297980764817, 18, 1067993517960455041197510853084776057301352261178326384973520803911109862890320275011481043468297, 1068752573621798500382973338240300787033112515017215216956550498021509331364393701260234575577161)
(1141460964434220596207060904011317146375274852289493832687984554738932116647979064472284358523823115785781228713080161229156351530657437196996851960387934440464820285295439921984054944893771833, 18, 1068031079042015530096250615282170103828440666100717918371215953081840869497586468699647497994353, 1068752573621798500382973338240300787033112515017215216956550498021509331364393701260234575577161)
(4562440616365585444484807095241912177011264326458693781877377586346700382876518619519489811225406927056783775659841837051807448578311103075429539536380790562204841107797850777078304831424296319, 18, 2135987035920907710973034125933869839868931544428299934977755655503468197689320067962067061047529, 2135987035332608427142713112181540842622471949963859439978776157638756289422847027803207982121511)
(4562440616365590003278765791904351444538711610781706956084071246816933454782282288574941719588724636295555059229988559060421342715414359459037799631990107664930907260749060778409192343373722861, 18, 2135987035920909845252822948145983887129327224563817486450113012590344572971508501816872584347851, 2135987035332608427142713112181540842622471949963859439978776157638756289422847027803207982121511)
(1141420820931635312309878246095660958616504893179700722841875528661297906122535650887835337101224036204916167173968558818798267146034280647000063968229533813316559057825264677515827442683484513, 19, 1067993517960455515481908369131912512248106856763996951967377994374860168508584371423660048646233, 1068752573621798500382973338240300787033112515017215216956550498021509331364393701260234575577161)
(4561841079074657243458211427867822533223938175674465572172956455884959715197882650350043878618885232691219462690543184452755918061383024425071192943934519414795437140369737171254032506856626889, 19, 2135706351964960926315942790755098884336654713882589071782740658366374964317228921421880623104399, 2135987035332608427142713112181540842622471949963859439978776157638756289422847027803207982121511)
(1141420820931634805417207772156147952589947972156336860909378726968321950176749016939832705568281834482712673951527070653731956704454037648029574438878735512391209915683173931143147878933863629, 20, 1067993517960455041197510853084776057301352261178326384973520803911109862890320275011481043468389, 1068752573621798500382973338240300787033112515017215216956550498021509331364393701260234575577161)
(1141420820931635058863543009125904455603226432668018791875627127814809928149642333913834021335148373796054486007889514871414023216446410778071188833828058347121842939359044973795774453772223641, 20, 1068752573621798500382973338240300787033112515017215216956550498021509331364393701260234575577161, 1067993517960455278339709611108344284774729558971161668470449399142985015699452323217570546057681)
(4562440615753660557539602405646782753330043996988325872590307627170450948621782936901142153761294057787285127754825105839559705213492275336078922097252832019588314568940416121447643497688797661, 20, 2135987035634424283488223625959578986850296145078706934437428265015114680772371930241032465154651, 2135987035332608427142713112181540842622471949963859439978776157638756289422847027803207982121511)


(1140650269397182990777635039352492289372152051034768068694276339907203612129188645158606878172828322356362015757912852729064049950591676396585683628882936610597833093144146904149772488256007317, 22, 1067993517960455041197510853084776057301352261178326384973520803911109862890320275011481043468389, 1068031079042015530096250615282170103828440666100717918371215953081840869497586468699647497994353)
(1140650269397185270254780872704732323217790045810925566332303403512278329737880152019627273708071223449250592759958611616492866240854136656042314432447663984396757900431619865016258672438817927, 22, 1067993517960457175477299675296890104561747941313843936445878160997986238172508708866286566768759, 1068031079042015530096250615282170103828440666100717918371215953081840869497586468699647497994353)
(1140650269397428414483669763610335933419176155267725314388523521386914874664974217195136130798487781182209184242984940864799389252242123971227281848405318532483921772971282517730764410994034561, 22, 1067993517960684831988107377922388479003953822435716093497329583598132934939274986712209052139537, 1068031079042015530096250615282170103828440666100717918371215953081840869497586468699647497994353)
(4562010937460480188574649868396300568790828181037116607658796045838722502171906810264671734419308022800639119650334898774204068863596990937529177533361033234602253802571071376301244501723208087, 22, 2135986493635359594226713331633276684318608477977891171927488118594282681581965826664907132633253, 2135786415810208870113182464604921529091994131121215719612286760643588342724206733562877721968779)
(1140650269397183497328111891208545630226738272096136401502726798486109104931120091127722521625087434101961471732108148027537049960099856959140656765203381016192729151962735067509797280328722249, 23, 1068031079042015530096250615282170103828440666100717918371215953081840869497586468699647497994353, 1067993517960455515481908369131912512248106856763996951967377994374860168508584371423660048646233)
(3292150213260006812301136699059156871951714651242971721973241153159642353110575338148766896443807963630343681946523358557016875552852113166424482241678628851519849160504444023289239124928664201, 23, 2135987035920907710973034125933869839868931544428299934977755655503468197689320067962067061047529, 1541278180951426912901873607038680565796959767477338149072676100607845213503480911759053273694369)
(1140650269397182990777635039352492289372152051034768068694276339907203612129188645158606878172730063497090150329143997672458090301039459855304417580392784742914303733150368949029404918440526841, 24, 1067993517960455041197510853084776057301352261178326384973520803911109862890320275011481043468297, 1068031079042015530096250615282170103828440666100717918371215953081840869497586468699647497994353)
(3292149377447123654674874907506993474563882007813508132814296262503384739413554673378813510214162664796712546702362629657253805535496054889709509160647615556295905368013511695283699066488252357, 24, 2135986493635359594226713331633276684318608477977891171927488118594282681581965826664907132633253, 1541278180951426912901873607038680565796959767477338149072676100607845213503480911759053273694369)
(2350271386846509967177198782040503858598086628372824351872985463760374085605028724273150283279496914188582429682397613770724087943632235307591088451447502332425349037424833988973656824466113527, 25, 1100320997890894748469792642595401427563173649636471924677795809433856144791366172166415106179077, 2135987035920909845252822948145983887129327224563817486450113012590344572971508501816872584347851)
(4562439458695359811596256671968130361900748246848905880977797664269631802220640579415935972588665002036126417783149016462258464747450672532869172582954933047969695492889494022519464527510209703, 25, 2135986493635359594226713331633276684318608477977891171927488118594282681581965826664907132633253, 2135987035634424283488223625959578986850296145078706934437428265015114680772371930241032465154651)


(2350270790158332173155200686076949844077940438531769490566636518720597741222060605074131995081529441780993056042567097665086416853322138141496222432689119864595247546377547816506431710383047481, 26, 2135986493635359594226713331633276684318608477977891171927488118594282681581965826664907132633253, 1100320997890894748469792642595401427563173649636471924677795809433856144791366172166415106179077)
(1984186464390295671027070854720087995407524885478403733202106654196980925329555238879701393921935508516396724912320256929236288193823955044601862725300027957917698010547027209398224975166445569, 27, 1100320997890894748469792642595401427563173649636471924677795809433856144791366172166415106179077, 1803279650387116352079160784654161952860372532454310939625956710827311319508556966280885245576397)
(2350271386846507618784331766815959157712002759567977858049647718476104170457303116439989529335736149926839262179730844355592929912068263233502920536455819854067112592094298542764092664282350733, 27, 2135987035920907710973034125933869839868931544428299934977755655503468197689320067962067061047529, 1100320997890894748469792642595401427563173649636471924677795809433856144791366172166415106179077)
(2779355579295379777447392188336598836970319212178297134099130266283514665502939542691472049987265900550427321757913759794104479412113743869916427530527759819506977945117856769331921483018208493, 27, 1803279650387116352079160784654161952860372532454310939625956710827311319508556966280885245576397, 1541278180951426912901873607038680565796959767477338149072676100607845213503480911759053273694369)
(3292150213260010101820007256353818332645651543020755504471162499135300393592361197243841306988611087848791692709637114456211377464088135712006383392380513378039955966720331043545871587355951019, 27, 2135987035920909845252822948145983887129327224563817486450113012590344572971508501816872584347851, 1541278180951426912901873607038680565796959767477338149072676100607845213503480911759053273694369)
(3851781955366867394159835301427252736282161672438009382666295854225563073952515607788707488293755036374316609584165990580955494966968517778052017153248262699883026252092006398910707596217573013, 28, 2135987035920907710973034125933869839868931544428299934977755655503468197689320067962067061047529, 1803279650387116352079160784654161952860372532454310939625956710827311319508556966280885245576397)
(3851781955366871242863146717034432146322364368243079563865156166356873906932452377201772152952360505039975168828207565605206254430860985444830242368966840000722959109464980090135200358843272847, 28, 1803279650387116352079160784654161952860372532454310939625956710827311319508556966280885245576397, 2135987035920909845252822948145983887129327224563817486450113012590344572971508501816872584347851)
(1175135693423507957686885086597594985861077848219598371683819848891262902326956228164280802584995900857042497301028316849234395009181010750196326738498461185392618087723213243786837075913867349, 30, 1100320997890894748469792642595401427563173649636471924677795809433856144791366172166415106179077, 1067993517960684831988107377922388479003953822435716093497329583598132934939274986712209052139537)
(1646132998705467352174686168886538806859130392065207701649935783822914982555239759120198445318494344200596076586813735467750004266280866255070972024005011051559717130405627278963113702209898257, 30, 1068031079042015530096250615282170103828440666100717918371215953081840869497586468699647497994353, 1541278180951426912901873607038680565796959767477338149072676100607845213503480911759053273694369)
(3851781954850257659203323423338233888781060511558729362401647495986368102808818078524576874046807353043860420183848966655896766106814805852625507758250298775830512491247209851924498842240372447, 30, 2135987035634424283488223625959578986850296145078706934437428265015114680772371930241032465154651, 1803279650387116352079160784654161952860372532454310939625956710827311319508556966280885245576397)


(1925890977683435835248423992717614929274526778332932569776959211630176444187333786901611891179272313988725119081236679866010971919373034865538200452785094338063550601953405770142891589760985909, 31, 1067993517960455041197510853084776057301352261178326384973520803911109862890320275011481043468297, 1803279650387116352079160784654161952860372532454310939625956710827311319508556966280885245576397)
(1925890977683435835248423992717614929274526778332932569776959211630176444187333786901611891179438215716560733785627962658199154819036189138523997059230682355459663243348193011040733032354014433, 31, 1067993517960455041197510853084776057301352261178326384973520803911109862890320275011481043468389, 1803279650387116352079160784654161952860372532454310939625956710827311319508556966280885245576397)
(3851780977474373776207767628490101805103656074768954776114956095841982391444887852816857954383629174477042406702175000967056758821240031015604154667382512222137766354634065834509240580394129441, 31, 2135986493635359594226713331633276684318608477977891171927488118594282681581965826664907132633253, 1803279650387116352079160784654161952860372532454310939625956710827311319508556966280885245576397)
(2350271386531283887975041294058334641290330360047488170901137208829513853536841719197836877872893243566809789594362910196992651876102659478459175473468040980569274134063621255897923320505437127, 33, 1100320997890894748469792642595401427563173649636471924677795809433856144791366172166415106179077, 2135987035634424283488223625959578986850296145078706934437428265015114680772371930241032465154651)
(1175135693423255114054869780754948857126047973564459203371122606618202038088499118127306294636524109284857412318360954576722470455010461162514018465620611517875667943634453203082243715654221869, 34, 1067993517960455041197510853084776057301352261178326384973520803911109862890320275011481043468297, 1100320997890894748469792642595401427563173649636471924677795809433856144791366172166415106179077)
(1175135693423255114054869780754948857126047973564459203371122606618202038088499118127306294636625338816663374635220175499841247386346273138280573882690968732343582708955258890921553905422696953, 34, 1067993517960455041197510853084776057301352261178326384973520803911109862890320275011481043468389, 1100320997890894748469792642595401427563173649636471924677795809433856144791366172166415106179077)
(1175135693423257462447736795979493558012131842369305697194460351902471953236224725960467048580438918486305305085813494961816984686433277547551292450067185409554644249235779913395105990703055443, 34, 1100320997890894748469792642595401427563173649636471924677795809433856144791366172166415106179077, 1067993517960457175477299675296890104561747941313843936445878160997986238172508708866286566768759)
(1175177022669999612486047633063492986647158125354934963968891200072606363834191711904762731200906703227246250656756042356846283496698713736781356036310507882102420911837623823407816894752752181, 34, 1100320997890894748469792642595401427563173649636471924677795809433856144791366172166415106179077, 1068031079042015530096250615282170103828440666100717918371215953081840869497586468699647497994353)
(2281300538488390244618628651957081456192506635264523186590453594898346131191616997642174132915168053702660417546264453075138924694564196077669038689084361676767966157602181754820644882469685803, 35, 2135987035634424283488223625959578986850296145078706934437428265015114680772371930241032465154651, 1068031079042015530096250615282170103828440666100717918371215953081840869497586468699647497994353)
(2281300538794363448802885819424717874471372996762694473346300386919879760248720060471635539084330113083434533194476437697919916920631425201079580756530885930581812506979922983907131238706603737, 35, 2135987035920907710973034125933869839868931544428299934977755655503468197689320067962067061047529, 1068031079042015530096250615282170103828440666100717918371215953081840869497586468699647497994353)


(1646075106630008523179922549765718485944203601720260633761164892541955906193621227666721420180562398998876636205767419462934842543944886620462834258704985819737754224029745187983090178863418071, 36, 1067993517960457175477299675296890104561747941313843936445878160997986238172508708866286566768759, 1541278180951426912901873607038680565796959767477338149072676100607845213503480911759053273694369)
(2281006047833786989731886480024003406271274200431409645088649446305322914389788826487703533549043689857205030205328716039748906455801037465077492795393227111739503831064147398560933877865515323, 36, 1067993517960684831988107377922388479003953822435716093497329583598132934939274986712209052139537, 2135786415810208870113182464604921529091994131121215719612286760643588342724206733562877721968779)
(2281300538794365728280031652776957908317010991538851970984327450524954477857411567332655934619521748684529093451077576555815189045910120308563377100013794938632808952531511794276034342985685403, 37, 1068031079042015530096250615282170103828440666100717918371215953081840869497586468699647497994353, 2135987035920909845252822948145983887129327224563817486450113012590344572971508501816872584347851)
(2280920540165548412726033754832684377955198535779639810679295461232330127298422778632206353095829254411900678590589990548554249949954171032766376646274568978249999414971456179555828566077738503, 38, 1067993517960455041197510853084776057301352261178326384973520803911109862890320275011481043468297, 2135706351964960926315942790755098884336654713882589071782740658366374964317228921421880623104399)
(2281006047833296205682852133992809089660974493947081018459820368410159275791960401698134340888303359017811233864687169108689211660213493858507659524705879746143681122288270750673329671731427031, 38, 1067993517960455041197510853084776057301352261178326384973520803911109862890320275011481043468389, 2135786415810208870113182464604921529091994131121215719612286760643588342724206733562877721968779)
(2281006047833300764048632638754708727276550033016594906632843548700207235283581099142000308622034556147583636700687265720526587940034653818938281179093589261892447298800012756832633785910575261, 38, 1067993517960457175477299675296890104561747941313843936445878160997986238172508708866286566768759, 2135786415810208870113182464604921529091994131121215719612286760643588342724206733562877721968779)
(2242908090171354018175645220862810942750262327820260257633448490110768004516292749391566939719422518343920738231993642253517304662780937073458398770229687782055189399477297745110498121516880637, 40, 1068031079042015530096250615282170103828440666100717918371215953081840869497586468699647497994353, 2100040096382925314013952378112410656896192605961399850153853931123403315785793733710421736554829)
(2280920540165548412726033754832684377955198535779639810679295461232330127298422778632206353096025739396281454995811057285303719047313143266443574840878581118819705911688641240326641583403343211, 40, 1067993517960455041197510853084776057301352261178326384973520803911109862890320275011481043468389, 2135706351964960926315942790755098884336654713882589071782740658366374964317228921421880623104399)
(2280920540166039178377133803141055366105290292045917295219006239582237729501536372794405043030540359907057557858121651716538947403790072291613495323258589017507685325514909910212265325866523263, 40, 1067993517960684831988107377922388479003953822435716093497329583598132934939274986712209052139537, 2135706351964960926315942790755098884336654713882589071782740658366374964317228921421880623104399)
(2281299959616544344783480084546802107620691620354369788730939912090031880268136674344976053177311452775271953156569844136582920388767964903341783280045441478855201736555498346436882473014020309, 40, 2135986493635359594226713331633276684318608477977891171927488118594282681581965826664907132633253, 1068031079042015530096250615282170103828440666100717918371215953081840869497586468699647497994353)


(2280920540165552970920935612866508257102103412772825050473781939049821529176470273314827393559853909849109157044002897199428877297783164735700297895852494829438016650930211260905595140948670841, 42, 1067993517960457175477299675296890104561747941313843936445878160997986238172508708866286566768759, 2135706351964960926315942790755098884336654713882589071782740658366374964317228921421880623104399)
(2281086270281056237194990181517413572394923118895734131724025739023031498693184811964254110694742498040266324952297822846569211619788280945840914551941108685025047619938177313538290968984304987, 42, 1068031079042015530096250615282170103828440666100717918371215953081840869497586468699647497994353, 2135786415810208870113182464604921529091994131121215719612286760643588342724206733562877721968779)
(2281219729653644804339756519060051294345412539139599758189798007417240905174487743191512171376517362645026833830665659498454431437638483683744157943390964157015617240551022071093267869835739417, 42, 2135986493635359594226713331633276684318608477977891171927488118594282681581965826664907132633253, 1067993517960455041197510853084776057301352261178326384973520803911109862890320275011481043468389)
(2281219729653644804339756519060051294345412539139599758189798007417240905174487743191512171376320851887612380747996801871944169982681171703770191955573635250104943233845481215040096413633480141, 44, 1067993517960455041197510853084776057301352261178326384973520803911109862890320275011481043468297, 2135986493635359594226713331633276684318608477977891171927488118594282681581965826664907132633253)
(2281219729653649363132559082232645872625289890143578707066125834627743459359881009024260031441097682797593122232596059375414239728362769335568263160195609251957057083925212445978621155204943027, 44, 2135986493635359594226713331633276684318608477977891171927488118594282681581965826664907132633253, 1067993517960457175477299675296890104561747941313843936445878160997986238172508708866286566768759)
(2281219729655150219029669602276838699656022226231314876017164948485417687284352860405583294912737420457586554089868773117287617067699009105259873306116797029908961404418369374701921704708488641, 44, 2135986493635359594226713331633276684318608477977891171927488118594282681581965826664907132633253, 1067993517961159827812219699129548108178681301484788937845305833044064011630767543509482737762797)
(2281220308505133646165727334126744783821446266174712902056827985127422314438217990601654955377815616475446662600234952833810566027622517494173877156565253218152369061966291911951903137533579683, 44, 2135987035634424283488223625959578986850296145078706934437428265015114680772371930241032465154651, 1067993517960455515481908369131912512248106856763996951967377994374860168508584371423660048646233)
(2281219729653645817404823755320627867296496394918261746828981969019574806104575135598789473613056591339476732166475898724472700853072560537390757288374489923771762016173308478952263419128985949, 45, 2135986493635359594226713331633276684318608477977891171927488118594282681581965826664907132633253, 1067993517960455515481908369131912512248106856763996951967377994374860168508584371423660048646233)
(2281220308182795254905713934655644570465325098964354209942407493434590786941461348123884854703241505394222111214536967645221619961008041659819863699953054837186936942582577895364187419530236767, 45, 1067993517960455041197510853084776057301352261178326384973520803911109862890320275011481043468297, 2135987035332608427142713112181540842622471949963859439978776157638756289422847027803207982121511)
(2281220308505132633100403036166317803417283003705425473440077569960431423678596195340330647488574235578826672108685023490596494020431217660772963151083737625465756933328547761946330115520599347, 45, 1067993517960455041197510853084776057301352261178326384973520803911109862890320275011481043468297, 2135987035634424283488223625959578986850296145078706934437428265015114680772371930241032465154651)


(2281219729653645310872290137190339580820954467028930752509389988218407855639531439395150822495577291994896866048434663044167878518553407247419277349495897644273574220547492630888781283556666293, 46, 2135986493635359594226713331633276684318608477977891171927488118594282681581965826664907132633253, 1067993517960455278339709611108344284774729558971161668470449399142985015699452323217570546057681)
(2281219729654135634364832487309400889145540663901333253874427403748015905801829364517365104992012867714533188005645631894564638616594345854334857003053705069913000795013450865566529372402223861, 46, 2135986493635359594226713331633276684318608477977891171927488118594282681581965826664907132633253, 1067993517960684831988107377922388479003953822435716093497329583598132934939274986712209052139537)
(2281220308182796267971038089469519963249202273258357137543894973539087025142742163469540834339719448545900111404921941005747107753391601758507455983775508127010310521655049082513996002858418063, 46, 1067993517960455515481908369131912512248106856763996951967377994374860168508584371423660048646233, 2135987035332608427142713112181540842622471949963859439978776157638756289422847027803207982121511)
(2281220308505132633100403036166317803417283003705425473440077569960431423678596195340330647488770746386105039142765940064184775287221444906120204189051981025847147483959605979528505102314827239, 47, 1067993517960455041197510853084776057301352261178326384973520803911109862890320275011481043468389, 2135987035634424283488223625959578986850296145078706934437428265015114680772371930241032465154651)
(2281220308505133139633065185146531293619364634940069187748452777543926869058407092970992801434083496633960587856391089190602714882556590773826162238550465580055350704848726559929386132031424331, 47, 2135987035634424283488223625959578986850296145078706934437428265015114680772371930241032465154651, 1067993517960455278339709611108344284774729558971161668470449399142985015699452323217570546057681)
(2281220308505137191894362376988239215236017684817218902215454438211890432096894274016290032989626452854708023249787649628569923306079492874807399442141200726301732842005303454411150598290348109, 47, 1067993517960457175477299675296890104561747941313843936445878160997986238172508708866286566768759, 2135987035634424283488223625959578986850296145078706934437428265015114680772371930241032465154651)
(2281220308505623463250025397993189809234383670075184638255653718367517996715355999451957819743249510386306855430890148324628776606193310729425747683558822156263609149024631398945969191136536587, 47, 1067993517960684831988107377922388479003953822435716093497329583598132934939274986712209052139537, 2135987035634424283488223625959578986850296145078706934437428265015114680772371930241032465154651)
(2281220308812600491729383397139236970260580917910049422376034187622988355534228442241018642376873508072728322923127052905947268755092980757538727904011492208709941364160091872549029972744978613, 47, 2135987035920907710973034125933869839868931544428299934977755655503468197689320067962067061047529, 1067993517961159827812219699129548108178681301484788937845305833044064011630767543509482737762797)
(2281220308506638048172309805360810684003891033066544397931194508108895092476583953668252170648373926885159245084008303087597182979575107701792589086962151493041862344290607617410561082359318847, 49, 2135987035634424283488223625959578986850296145078706934437428265015114680772371930241032465154651, 1067993517961159827812219699129548108178681301484788937845305833044064011630767543509482737762797)
(2281220308812602771126363374774834699057332345571256336191355538904388235043599220659082849877297205000653639037566499735299724789963203321298861844215840027322334016892720314304444270974699247, 49, 2135987035920909845252822948145983887129327224563817486450113012590344572971508501816872584347851, 1067993517961159827812219699129548108178681301484788937845305833044064011630767543509482737762797)


(2281220308184300669977407988074478247306806099852704625752802928716000754044752951768670594256572707752490886786618719756250769839848159321660895204391461554921885801767365296191129993949226267, 51, 1067993517961159827812219699129548108178681301484788937845305833044064011630767543509482737762797, 2135987035332608427142713112181540842622471949963859439978776157638756289422847027803207982121511)
(2281220308811588186203942887961707167134622005403155720224615868154005842361910316565755608465827848194902595290641034238849146840964234518179011111274812906401370219606049876279948749398084987, 51, 1067993517960684831988107377922388479003953822435716093497329583598132934939274986712209052139537, 2135987035920909845252822948145983887129327224563817486450113012590344572971508501816872584347851)
(2281220308811096089722599152094763666270489309816241754815665885639375727321346579334130162234179791406066909463332912082940988234342281601761309639422290313037697905083106311204549483319808257, 52, 2135987035920907710973034125933869839868931544428299934977755655503468197689320067962067061047529, 1067993517960455515481908369131912512248106856763996951967377994374860168508584371423660048646233)
(2281220308811095076657274718259716882900799012437054005544581462540396863598644301985371314772633942222382361852014287511091107605330919501902784105842347174664188905626741513677423980121688113, 53, 1067993517960455041197510853084776057301352261178326384973520803911109862890320275011481043468297, 2135987035920907710973034125933869839868931544428299934977755655503468197689320067962067061047529)
(2281220308811095076657274718259716882900799012437054005544581462540396863598644301985371314772830453029687085361423806650677023630598861203990187699860300694970507979814158959929934149738060781, 53, 1067993517960455041197510853084776057301352261178326384973520803911109862890320275011481043468389, 2135987035920907710973034125933869839868931544428299934977755655503468197689320067962067061047529)
(2281220308811585906806962911339883425515748092653518527384984453995656337247897677459032909808824102101538663920260874124168948326735021673672926045066810554558899545378954641903707529897054073, 53, 2135987035920907710973034125933869839868931544428299934977755655503468197689320067962067061047529, 1067993517960684831988107377922388479003953822435716093497329583598132934939274986712209052139537)
(2281220308811098369119579128227161823465495246070877489750408548325938057178089462717404414035673256692131361174543764323557146616779897278663149165366181698755035733905425986038624157712795283, 54, 2135987035920909845252822948145983887129327224563817486450113012590344572971508501816872584347851, 1067993517960455515481908369131912512248106856763996951967377994374860168508584371423660048646233)
(2281220308811095583189936935177240274585644161126647880180123674089886295459995440659750738504295437421167733265438381993404537773222076074314219645583065096540386175593681060713206629116520249, 55, 2135987035920907710973034125933869839868931544428299934977755655503468197689320067962067061047529, 1067993517960455278339709611108344284774729558971161668470449399142985015699452323217570546057681)
(2281220308811097356054254694391102784492032729505557369315094779308713511603769254126197896570289744052795728635889504417038335514777373957368810143275543827666002916165007120779784920938579747, 55, 1067993517960455041197510853084776057301352261178326384973520803911109862890320275011481043468297, 2135987035920909845252822948145983887129327224563817486450113012590344572971508501816872584347851)
(2281220308811101914848214646653368459872614054049497911274006739886223966688210192786627225163981554170825847598520468259336489502006397097052381371070885994419064452754014888990343340335586909, 55, 1067993517960457175477299675296890104561747941313843936445878160997986238172508708866286566768759, 2135987035920909845252822948145983887129327224563817486450113012590344572971508501816872584347851)


(2281220308810573854547853508018606160933836226945095499317688884491770499496553896788000007898345613034191792258599387040834688965606904852987568812874959482537388227758472333030532601960470949, 56, 1067993517960458124046094707391163014455257132485185070433592541925486849409036901690644577124857, 2135987035920413506630822404817683785350642944159569127378563192275649743458131606471543665721357)
(2281220308811047715853357436396091663576474440412305602311682710846775171472692054200198818446452546563787875239609573238319150529362061173712129950289833178660090884808932192712174349473321743, 56, 1067993517960455515481908369131912512248106856763996951967377994374860168508584371423660048646233, 2135987035920862416813071343432338392453867665996760787064393966215314011145098860598972066562471)
(2281220308811093050526625850587373859264146819487273237748569625413004287594088788971303242063601578847819998142821839655156953841999998119825262104994073719355435716899239479414160676748265719, 56, 1067993517960455041197510853084776057301352261178326384973520803911109862890320275011481043468297, 2135987035920905813835444061745324020081913162085617667002326893648466975216263682313351040336127)
(2281220308811093557059288067504447359569537648538586058533343238776606749743609735982372590238001890288538219909336417372266536531357696519376524817262607728315304252811365368136576272970141487, 56, 1067993517960455278339709611108344284774729558971161668470449399142985015699452323217570546057681, 2135987035920905813835444061745324020081913162085617667002326893648466975216263682313351040336127)
(2281220308811097862586916911290911703110864042437834748576623437288903511061806596057743095234736593114753171151000669581855683514092149451037459488211630087667321292644112317904258696923352079, 56, 1067993517960458124046094707391163014455257132485185070433592541925486849409036901690644577124857, 2135987035920904153840052755580346427768272077535770682523826727025340905552339344870724522213447)
(2281220308811100648516559104352474191434095648022586626535545789584780614073506827403544975810973777717917384728232772062694476957063372253748123745473725005900224819612359574911497151071736701, 56, 2135987035920907710973034125933869839868931544428299934977755655503468197689320067962067061047529, 1067993517960457649761697191344026559508502536899514503439735351461736543790772805278465571946869)
(2281220308811102927913539080489427498846076570614818031709320508903448512262530401377833742629736728554411718450248719358832701800369423355420824635803843529698817226191476233565318406786328519, 56, 2135987035920909845252822948145983887129327224563817486450113012590344572971508501816872584347851, 1067993517960457649761697191344026559508502536899514503439735351461736543790772805278465571946869)
(2281220308811285786204599382583742113751910083460151158079389745722649267433189029240342624952546479035924927426907134394155377405793094336130096112733342683113858772000575723144860996651232639, 56, 1067993517960566972315324640208979424735436819396580195523817753356181988800647028285726265442409, 2135987035920862416813071343432338392453867665996760787064393966215314011145098860598972066562471)
(2281220308811097356054254694391102784492032729505557369315094779308713511603769254126197896570486254860100452341652764128267766032393272062028681352028954224824314616878385902946937198698582039, 57, 1067993517960455041197510853084776057301352261178326384973520803911109862890320275011481043468389, 2135987035920909845252822948145983887129327224563817486450113012590344572971508501816872584347851)
(2281220308811099635451234670517427408064405350643398877264461366485801750350804550054786128349056266789982599175204839552932102975914816065159074023207652383469112353758053085558971979251346511, 57, 2135987035920907710973034125933869839868931544428299934977755655503468197689320067962067061047529, 1067993517960457175477299675296890104561747941313843936445878160997986238172508708866286566768759)


(4562440617622192685977860521109862545347413266061333970834177721490034447202982995238327720432192192815877208662397721198281057849367723893539105351986019005459828790058082605224787304041532793, 262, 2135987035920910082395021706169552114602704522356652769947041607822219725780640550022962086936379, 2135987035920908896684027916051710977235818033392476352462398631662843961734980308992514573992667)
(4562440617621934860852792109804212787583421713201731268791671447029329150623293964198165468203996798631205161979183972472939885437717626780200827392976990835805780678483351735154294346324310817, 263, 2135987035920910082395021706169552114602704522356652769947041607822219725780640550022962086936379, 2135987035920788191304860082055483193286773456839317052525743658638391181886767772092957756227923)
(4562440617622193192510522738027948301256576314298779162783180680771882591204121873491844738608503507405845856144688667058029875146496029340498439925967221528644965035933725799628615941793719471, 263, 2135987035920910082395021706169552114602704522356652769947041607822219725780640550022962086936379, 2135987035920909133826226674075279204709195331185311635959327226894719114544112357198604076581149)
(4562440617622194712108509388782205568984065459011114738630189558617427023207538508252395793140120250892868461655049651900225284493821942561456399526964313357625081749141139913668942236242371529, 263, 2135987035920910082395021706169552114602704522356652769947041607822219725780640550022962086936379, 2135987035920909845252822948145983887129327224563817486450113012590344572971508501816872584347851)
(4562440617622186101053251701174747718528293638974546475497139250826008575188177577942606484126743920482917001535669058837038663019682384909802116411582647156576451034126982267130950879824264133, 264, 2135987035920910082395021706169552114602704522356652769947041607822219725780640550022962086936379, 2135987035920905813835444061745324020081913162085617667002326893648466975216263682313351040336127)
(4562440617621892312109165888685009291213725661256335145075422867354085054527628190902735941313208590493752576036167660802726301048458668107608367807515264109749896937258581360765824069118449857, 265, 2135987035920910082395021706169552114602704522356652769947041607822219725780640550022962086936379, 2135987035920768271360164408075752085523080442241153238783741659160878345919675722781439538757683)
(4562440617622093405576066005165054387151455811522076348829597702247798222979762857548992157687797206442896386065351448535495077910812204770294521260836046456576721374051104891860048190206032509, 265, 2135987035920910082395021706169552114602704522356652769947041607822219725780640550022962086936379, 2135987035920862416813071343432338392453867665996760787064393966215314011145098860598972066562471)
(4562440617622184074922602833502404694891641446024765707701127413698615999183622064928538411417179696336410331419902541508168559455442494577759626214824918932819377765095954297369206989030159083, 265, 2135987035920910082395021706169552114602704522356652769947041607822219725780640550022962086936379, 2135987035920904865266649029651051110188403970914276533014612512720966363979735489488993029980177)
(4562440617622190153314549436519433765801598024874108011089162925080793727197288603970742629544808647232041728546169372685106433195090018721753483725664476883395132148750279212743003542118157491, 265, 2135987035920910082395021706169552114602704522356652769947041607822219725780640550022962086936379, 2135987035920907710973034125933869839868931544428299934977755655503468197689320067962067061047529)
(4562440617622194205575847171864119813074902410773669546681186599335578879206399629998878774962869102007094613736504896489761864266268447124660137734206412526998168823922014877255010280238178091, 265, 2135987035920910082395021706169552114602704522356652769947041607822219725780640550022962086936379, 2135987035920909608110624190122415659655949926770982202953184417358469420162376453610783081758929)


(4562440617619886949299449109983501646837217689210820218972707070517282954018809185228860977525462409900708612191475368121733138321483558422188505158376646964256440511255393687566891679253229593, 266, 2135987035920910082395021706169552114602704522356652769947041607822219725780640550022962086936379, 2135987035919829425395281392769139518422358480406265874443433136167148374565896874873098789191867)
(4562440617622031102058613324240506410324400878316317739102233710580476510839680832366398921883458052349547729129921838173224083198397566661733596677254934606902167766354111342620103050061149301, 266, 2135987035920910082395021706169552114602704522356652769947041607822219725780640550022962086936379, 2135987035920833248322624106533446413228460037478020916942176752694670215621856931249963248123919)
(4562440617622142032711638829301286954431108442316814775933881793305220047089095169886625902704236441480717606398336801282733530781596583199178577892166370604364984032857327032301052127996804923, 266, 2135987035920910082395021706169552114602704522356652769947041607822219725780640550022962086936379, 2135987035920885182464152113694888229898088254108948002769539108475328680821775488383564315099137)
(4562440617622151150299558733826830560796043310590828231015935060378486639109594978449932229895346653846561040114883424661977891261189847509681726326313969039408349331117034479558164872066727411, 266, 2135987035920910082395021706169552114602704522356652769947041607822219725780640550022962086936379, 2135987035920889451023729758119116324418879614379983105714253822649081431386152356093175361700009)
(4562440617622182555324616182748147427164152301312430131854118535853071567180205430167987356885503145212381940427234496058200402648907705630175680336269309938820238899566682247928237756147288413, 266, 2135987035920910082395021706169552114602704522356652769947041607822219725780640550022962086936379, 2135987035920904153840052755580346427768272077535770682523826727025340905552339344870724522213447)
(4562440617581445172498482762619314188635160853020312825240121252497938419587060769315317468608854528700704379342234545411331950450268224459332929046296328899083900740878397201289304682870547631, 267, 2135987035920910082395021706169552114602704522356652769947041607822219725780640550022962086936379, 2135987035901832229647137468129220108872474386550930725538483798698051383916494418328568310268189)
(4562440617588922101125466690483157163790915885948791184472803211858392020398042669480022783201670886880289865256849575916649381086833176333045691531994263753647591686813620274366459537252151649, 267, 2135987035920910082395021706169552114602704522356652769947041607822219725780640550022962086936379, 2135987035905332685643004654019825843394767106592550423701478016407181999514657988415716025434131)
(4562440615887687580195672210680389719687062181376453566521794708064127523375206946264976842577189708096070941619700791559136061321888742828842126214178083794973856743898885699351039630949427533, 268, 2135987035920910082395021706169552114602704522356652769947041607822219725780640550022962086936379, 2135987035108869742600691794053852488082927663523421041284675383301459082327137594685394882920727)
(4562440617621134539246489379228718451105805498038327989366995781709261628823866323641276748126236070234285006410504841090037297867400716095877857773392988438978672201260832967616637635200546303, 268, 2135987035920910082395021706169552114602704522356652769947041607822219725780640550022962086936379, 2135987035920413506630822404817683785350642944159569127378563192275649743458131606471543665721357)
(4562440617402171106556022246036239794012476463468197466316760383675420960510713771558176098637279842440140056255141297594604497862021160556854646572704556227581812456210105094673695581660989067, 270, 2135987035920910082395021706169552114602704522356652769947041607822219725780640550022962086936379, 2135987035817901914093902734767879821285730355116054358582344952516468564665465126307454026514673)


(4562440617010265266200806072332635606834566007410850946880155139920862847357192390680661294976689233944991942996420078901611678558689621650354004311263428173953264210291035558890838251032948729, 271, 2135987035920910082395021706169552114602704522356652769947041607822219725780640550022962086936379, 2135987035634424283488223625959578986850296145078706934437428265015114680772371930241032465154651)
(4562440617502440766639847831865879280565364210456279347299559103361070417955080690012475342570956742049430659029136936389264970461548835480200782659886774674854999895818006507119217541753287699, 271, 2135987035920910082395021706169552114602704522356652769947041607822219725780640550022962086936379, 2135987035864844923764649774169212858741960340238928426088556887898592590781803666342760012579081)
(4562440616530672543623894774967654472623049070741435751643262696870400409050178786965095788794978074775780336753154091760724837907791633941938025644800885716230689226318087737551455553146808817, 272, 2135987035920910082395021706169552114602704522356652769947041607822219725780640550022962086936379, 2135987035409894492571145541208283781124086421739762789989533797142307702412149681608638729289923)
(4562440616779743771223873302259378614458802290816330531480394848676072361057115849846239876677289609305557158416358564549656336750174879606876456954296363059592553444246222196990915670838301403, 272, 2135987035920910082395021706169552114602704522356652769947041607822219725780640550022962086936379, 2135987035526501580260043374129960535262202519119693332724524024328696703204629483526672751788257)
(4562436259873801398759674771916168314993667898669265622463605487805891785894509557036569970929980453260955761166740639624749104674906775306410159469088770616048158382210275353055623143393043171, 273, 2135987035920910082395021706169552114602704522356652769947041607822219725780640550022962086936379, 2135984995764148577950512988463087974293399501171156894617682970699556166682381902190512678371449)
(4562440616365590509811427869311289140930650197928708419884814986869181573882922696247769709406023773575847711617238251971324208640852251850397497620310672800481541282939243679750685122904348669, 273, 2135987035920910082395021706169552114602704522356652769947041607822219725780640550022962086936379, 2135987035332608427142713112181540842622471949963859439978776157638756289422847027803207982121511)
(4562440617565194085096577379674007354957084251066219525378178612963934431048429761728823287449229657018296406976067054725450893751163310714909279390274445552253712422075876735491903583686683581, 273, 2135987035920910082395021706169552114602704522356652769947041607822219725780640550022962086936379, 2135987035894223996484383797989778080508629299016530293578362974447523808532991822359056749691239)
(4562440617615363612625852031477701378011196928825256114376280683613357023848626381321888654558346386011113015595544880578485025157169713113640219832897515866338018625624884744025180351405969351, 273, 2135987035920910082395021706169552114602704522356652769947041607822219725780640550022962086936379, 2135987035917711745560372242304868181163089190387184246871077715522033789016706394493840670064869)
(4562119718866207866642288382642669082055071231330937257066838866170011290743935586026783333421843469743531556036217879750137102868019384283548223958865498652253781404031360269636454282159923217, 275, 2135987035920910082395021706169552114602704522356652769947041607822219725780640550022962086936379, 2135836801509094469659189000372952783211081297043738650256142343151680417856788976416985010143523)
(4562440588058302418501748723987357944021164165195288184335041612558816296323163258698667710127131897166639353534199781352547649854028232079932986294881601419256182093051206578713613240322960087, 275, 2135987035920910082395021706169552114602704522356652769947041607822219725780640550022962086936379, 2135987022080052294888255591270217267107133687647415745677399287356605351732381289834221221708053)


(4562439459307289608679513038120102588690825078279199516379596014834481810348975486383024342752182466679093159183234860377587185478233842584775137309182860554712115691150839777347237793750810887, 276, 2135987035920910082395021706169552114602704522356652769947041607822219725780640550022962086936379, 2135986493635359594226713331633276684318608477977891171927488118594282681581965826664907132633253)
(4562440617560480292141986739967962864285757353401263247956639536085106356450028734499452129830328868565716192340826608452295877427540803637940788146337315869413548021248068881954233808400124877, 276, 2135987035920910082395021706169552114602704522356652769947041607822219725780640550022962086936379, 2135987035892017151182741630663853213259496038891382071160855746617351766750151216490145657127063)
(4562264119963009986923289808062967313219934224758184717265621747880501079534654769676778029703341750977724230922852335949694102798053487941831354949531747063924480955268307680141611356905217671, 277, 2135987035920910082395021706169552114602704522356652769947041607822219725780640550022962086936379, 2135904405429143480232616411009489168960536710896121957715810780117861885837350468477110406086949)
(4562439670061959334053012851800333014766037645017596950049487948277881619077437749418632873252556269809382931701173025123712151817147474531830285873881039615461730947481133270029742900089167823, 277, 2135987035920910082395021706169552114602704522356652769947041607822219725780640550022962086936379, 2135986592303874983651195103644998511205644773798047710692547917279068464574684131142206710874237)
(4562439781303396487526588157696149301136610323026839292795885988306579220175988178272990378205898132519718465618027571384618991539844184874696366935708725114653498656817957733489727584277054327, 277, 2135987035920910082395021706169552114602704522356652769947041607822219725780640550022962086936379, 2135986644383515581990739421794770885010091090557735180581790283208024731718258674835674384826613)
(4562440616497750453243106183983949156570728877991185026195924173150281055028786699626499357523337605010290740535631751417871241891445123060885552927474726491086710658419396417786786415929967413, 277, 2135987035920910082395021706169552114602704522356652769947041607822219725780640550022962086936379, 2135987035394481435362867799391339148966616376410511907115486701416750872874676526821417961914447)
(4562440589464145832535138602146452132874318576517153245873306435943880657194340026168842342966355800914149103967503486782131697141094512072922590880069690550655997730500336042586646374948771869, 278, 2135987035920910082395021706169552114602704522356652769947041607822219725780640550022962086936379, 2135987022738222681876243153117952565293860367514115208723820714452590637047273675791944097202311)
(4562440251173399873485269920250278672513043922138609832239937875164373490815567510391472266574775904439940641293471911984685325220217194188024109662627199131982368440287343088536824745098658351, 279, 2135987035920910082395021706169552114602704522356652769947041607822219725780640550022962086936379, 2135986864361444045109332057118231839777225992556164174028076262685634674234880098534183671955869)
(4561841080331096825452067509665368755910397071559279621358590922464660254596845557264412706191199331958128890582022053397096153639775961302047996642115848714951228212614708141005952798188031221, 280, 2135987035920910082395021706169552114602704522356652769947041607822219725780640550022962086936379, 2135706351964960926315942790755098884336654713882589071782740658366374964317228921421880623104399)
(4562424738228739440996936931499922843127588226395731931412306286995251445689904719697589323254243434345868766516616971328503448687831898752617945281684315754565423387986807579623200824305317901, 280, 2135987035920910082395021706169552114602704522356652769947041607822219725780640550022962086936379, 2135979601702823205571893542423677640993066439014144775614668444909511365180926028811366853247319)


(4562236366953999009601891092378870236445236107484801224337796386899230358152952673894248920779333864719977206540367232676847303534251250097195671110466244882874168092601723573229095678327648609, 281, 2135987035920910082395021706169552114602704522356652769947041607822219725780640550022962086936379, 2135891412368537655028773054495399116374758102186610184019831289943790931748893798800052665188371)
(4560751502637337058797848272677096497779787743285461894415300364291150078287330523788897896729570940469534205051592055143891467292637383781927954244116045058198750786599374716969517798509216007, 282, 2135987035920910082395021706169552114602704522356652769947041607822219725780640550022962086936379, 2135196246952413410640088517254818554559498002711797927278423469396149257409276994936046897594533)
(4561694219984982994869734442191124189910164523015907868068259063880824433156665767591136741414102252945643971024909849303927580029988989438311393834600967889019813234941392272503345707852202247, 282, 2135987035920910082395021706169552114602704522356652769947041607822219725780640550022962086936379, 2135637596703976623024385161282501824678212023972655500005613619791830678287627803523707912061093)
(4562012095666592411365704267985618179321948987894162036919640736820318551583920803396268681775754539255714194390199178414001059630319282058697953977286457074790570495829583014655071132397311241, 282, 2135987035920910082395021706169552114602704522356652769947041607822219725780640550022962086936379, 2135786415810208870113182464604921529091994131121215719612286760643588342724206733562877721968779)
(4451208842203215232869152585631991320608224931483781455870514386540301585988638939528866471795249930324580114895665209848031022397316122978635787627341486638474945694598637139037730617186792073, 283, 2135987035920910082395021706169552114602704522356652769947041607822219725780640550022962086936379, 2083911918633962933289050610340412620266074315911419882269388737608952985745553252126147970334987)
(4561898666771718339951518646141905462718614955957557090313861620920177295347547958405567809923844232500032713909348612645105711667728398573785912724678247085490009181973166394767677664782096151, 283, 2135987035920910082395021706169552114602704522356652769947041607822219725780640550022962086936379, 2135733312072701789389304151116136100904813594997714015146236273638414809535246340217701505434069)
(4562116055004395647894794915324166063790369229831450578600355428330934942616690101381091383650304687797703191157158093505521474901777261758989369125405761128808597315718521977164625382714872309, 283, 2135987035920910082395021706169552114602704522356652769947041607822219725780640550022962086936379, 2135835086207573157237445699299913155782171252103512316404770060082222160416197551358215117078671)
(4562241621868036566190024964833519919397064764661001966090137389296679325370799431689919995203092313505888154384608890099773455048931146907870589122714075584098904020181372463428065997822603847, 283, 2135987035920910082395021706169552114602704522356652769947041607822219725780640550022962086936379, 2135893872549217211907703995707212324726766997532253336587794735404228503550349608217188753211493)
(2350271386846510228109739561509897714252095947128918406742245213236404076176998236254612589272811649555168282265800903735286929603094839990356195467435496936723056816138762679148708183479942183, 284, 2135987035920910082395021706169552114602704522356652769947041607822219725780640550022962086936379, 1100320997890894748469792642595401427563173649636471924677795809433856144791366172166415106179077)
(2290008672816874689660508666321808625810196077546882264323998736644218609692930294080717688190168711305847283908269709848766308102264801888064025645101823934577516947328665456493983803966975237, 285, 2135987035920910082395021706169552114602704522356652769947041607822219725780640550022962086936379, 1072107945556682497926091925767233166389398259317160109102981527814459391664062263776557465075903)


(2284126694067380004086113685717082457304885217438869182122233955038015509939455982413713722667128970416431027957310442367683240132065760625749079565230489655073776531610296173057982623794588473, 286, 2135987035920910082395021706169552114602704522356652769947041607822219725780640550022962086936379, 1069354193473651372450784289272847136241554213336779079320023584533555334537664922826618500546587)
(3292150213260010467322103984942114050500533419884953702526487093132595731423670737143294019270755616861286294563420899691996534385348233064860583832215227916634411454943493284132184062393549851, 286, 2135987035920910082395021706169552114602704522356652769947041607822219725780640550022962086936379, 1541278180951426912901873607038680565796959767477338149072676100607845213503480911759053273694369)
(4298538572370699365136434693212848042283157161495662564742602546783230185508471720760080803085178324476727429245987946644474650235861390084164997391965736458880308684889301884986634897551456269, 287, 2135987035920910082395021706169552114602704522356652769947041607822219725780640550022962086936379, 2012436639400026214921194952840012306136562018047573828638257307658828150982060813248825883885911)
(4447789546516961436282061493413472806719274717234860783506322861288984188310619071553101318986707999286360966913392841014815676423897265504814734111960962854400810009504258430540699870391383847, 287, 2135987035920910082395021706169552114602704522356652769947041607822219725780640550022962086936379, 2082311115057559389981191974519715975598684592947776267464345140228901176936301127502572376031493)
(2413622428274398075771785806969382460550623666835741589488836388205903546597371384867397166682553801879258209800532351454337507249373511700521578903866229899012498579056557292590800562548634741, 288, 2135987035920910082395021706169552114602704522356652769947041607822219725780640550022962086936379, 1129979905160701590216124739854533620774673604352394320344141791450854090489684767433636146315279)
(4485658420788026964299955164981645395302265430376551405006584017941571094210509946515929511267283822974756725390871186770062581405696706078922859636178045825753939682047369305022322466768224191, 288, 2135987035920910082395021706169552114602704522356652769947041607822219725780640550022962086936379, 2100040096382925314013952378112410656896192605961399850153853931123403315785793733710421736554829)
(4551333064357527984521498367581067866426994297142123465914075598167319121012964957648235900809011440446707967106173999071353391819832681867528048772797220402693518993400161547653419923455035807, 288, 2135987035920910082395021706169552114602704522356652769947041607822219725780640550022962086936379, 2130786838973142410050496370325108369665543878428851397837987663986402889933505865986686106730733)
(2928382511975684053737899028963232198560844936074005034952762223387727519762919221451679451640079486270979222369509538596136974507432714921330539453842976460597060728912302026501874943199759539, 289, 2135987035920910082395021706169552114602704522356652769947041607822219725780640550022962086936379, 1370973916381070333342159986226008640458794659741800807140832797574113078925517298988627481592041)
(3851781955366871670496847985435229858549053556665865139553918423260352888374667573803223782358156922852617008146776340163321299018881089636598724053550607983299229270212471792535392851723046463, 289, 2135987035920910082395021706169552114602704522356652769947041607822219725780640550022962086936379, 1803279650387116352079160784654161952860372532454310939625956710827311319508556966280885245576397)
(4558013873855571451342178222353314493951774499190576606847500143689235445546834974982424875219760840565206112007473957009869762315430050292594799261122309444639511803469651101127826758273290183, 290, 2135987035920910082395021706169552114602704522356652769947041607822219725780640550022962086936379, 2133914577758861725354211673529339094620692349141251864392212236345057232716021332876899645391077)


(4451958798667436888339617609832178958237331193171427962335137516564698509946167409131215219252674704569864302280307725360054870746346184272283205249223354790420061377057865308397101894210669681, 291, 2135987035920910082395021706169552114602704522356652769947041607822219725780640550022962086936379, 2084263023978522442293129089813537718632667862536489061206684165069116365738624627143768457347139)
(2442797833577239006099281742524470356973424820118739414276123777383108939844144526865834122421216988725995195524282864651878197673667097904300441867947616053405900402775562852813992657850173231, 292, 2135987035920910082395021706169552114602704522356652769947041607822219725780640550022962086936379, 1143638885675188766144356698620005240868673521962810339615262596645039993826996987949922419474589)
(3538231970871782885475370959012353820804759047537784660876688673675520313581462599170597603876120626907790521301818087775985722536196649001181251044434538038752236915551960628921986047073575421, 292, 2135987035920910082395021706169552114602704522356652769947041607822219725780640550022962086936379, 1656485695544640095207872649177612180755256865896597659299781457806450402779835120232706510684199)
(2281337493894114263869126758151232802569112657779612073125795272005463604705768065111417451830101010139173096161437108918845185146126610780658008192171428763066592011682544468996037086822600747, 293, 2135987035920910082395021706169552114602704522356652769947041607822219725780640550022962086936379, 1068048380223683212588163101409956930293464618966767732572172402830949801560551224130220238832593)
(2281300538794365981555270078704984578744304102069536137388552679814407224258377290317213756345230500312186267319317301462630514029755804967397180808335758055916011679358756807288385624812267787, 294, 2135987035920910082395021706169552114602704522356652769947041607822219725780640550022962086936379, 1068031079042015530096250615282170103828440666100717918371215953081840869497586468699647497994353)
(4063468314019510690911338509228975671600106327210931703322545254116355522149259430410780600446577486767143000096072956842629472082507325946323555486325402179531233189445562015266072932212770607, 294, 2135987035920910082395021706169552114602704522356652769947041607822219725780640550022962086936379, 1902384352378611586570492130972759424035687108041120292476743787697864221833114575981901330251933)
(2281221113182125587682117940445148956279628799321550598518581377582750851886372228902047680032123882390625021952406196202642323202729083361477953924266811097443697535706346842342009033686221457, 295, 2135987035920910082395021706169552114602704522356652769947041607822219725780640550022962086936379, 1067993894540937249772699718189015990443243264736849710420033676679904907447328161784947193938083)
(2281236832857163155285575405851560187701268979040952565489249820570382761598770792681796717941638534621051169626899973333161780925479792293235604586813254999924563665827443015983969999993663119, 295, 2135987035920910082395021706169552114602704522356652769947041607822219725780640550022962086936379, 1068001253984029932317054488418753167732971361024063785245960615136778452143525567402327117136061)
(2281677408835173956510839213795012787294736938673505988783614311750123120369531205958202254977625989495168446439808771800744908344603581595018374553699446469970795097902718104057895934412962297, 295, 2135987035920910082395021706169552114602704522356652769947041607822219725780640550022962086936379, 1068207517397899788117842081015238143650659208653296344831757751316952146219659482731720004862043)
(2714120103063454537971538702733164527152586358317163236628940328920757785447135355488298837942202856995009237491310694728309081249424128195192400881897232223499871137627769953806126521585212603, 295, 2135987035920910082395021706169552114602704522356652769947041607822219725780640550022962086936379, 1270663191030692746701593270281063883394048860486136206987099889316170313079334651048318287741057)


(2281220314666023047866027296946206929472635730469781051114435023013810411705600671621691327870745093751138560373818885747059084894016294019247925971488198258237673521775432852235562276314091693, 297, 2135987035920910082395021706169552114602704522356652769947041607822219725780640550022962086936379, 1067993520701541639609915172243110382485776317231104471624873454615529795492218316742780524691767)
(2281220340909560309485183593017410100649579387380999222377295141886516169167858152389144245894726265441043389339785406505454197824499630128342918078545904593820495099339093689688909270803786389, 297, 2135987035920910082395021706169552114602704522356652769947041607822219725780640550022962086936379, 1067993532987916425730520009832286001078036164537055134658554952918845070752639430434054293422191)
(2281226634616629998829397873059715931426417290105422018996596043974112514573771445237267278491099963805197255712290148092276533571165402465427294413712226251159386126242572523031465981456130787, 297, 2135987035920910082395021706169552114602704522356652769947041607822219725780640550022962086936379, 1067996479497873578103163910781308999943258949200215909501281441311498223368876494651000704991353)
(2281220325302175627790384584925357298793003675112518537293316899067620565825612891828696789512934168056891444999151768954472507059505070222084863309191667612042564734973146585029235285786851669, 298, 2135987035920910082395021706169552114602704522356652769947041607822219725780640550022962086936379, 1067993525681044043442943736940867260049738360800561638390408559799209837875167855874562731278511)
(2282841641863269610834415544312295905179895944312673721818757453936643900353498033879665411136137236688550250301401334945506033394881863402567280006191807376071837608151954775483462162212440019, 298, 2135987035920910082395021706169552114602704522356652769947041607822219725780640550022962086936379, 1068752573621798500382973338240300787033112515017215216956550498021509331364393701260234575577161)
(2281220310005622181601686275566989375295163629898851398130287165953050541350313510718868720276361024137935922724748439791540235190494133301310009242958270204137528320337011980783116787545796567, 299, 2135987035920910082395021706169552114602704522356652769947041607822219725780640550022962086936379, 1067993518519692785712234836574396419633344641471609614870083230707720164833417707107887351857173)
(2281220332108721952712101219058702086801096647290353447181746634112535757532894239605413264825878080840500120711455597730792251496413182106134965958314792929670614485580977034483060707040420349, 299, 2135987035920910082395021706169552114602704522356652769947041607822219725780640550022962086936379, 1067993528867648742093251901633882909270016625329104270805908953425711675619502485130018021179431)
(2281308854961676433977341913710361712013078346774445846984866708950842238203674081307746594135700690350571996003911594347704985268358830464951035807026279671686789709729282016668080019913820903, 299, 2135987035920910082395021706169552114602704522356652769947041607822219725780640550022962086936379, 1068034972402401431028106253378173673272244115911928789479603767195620392410997325265747667058757)
(3995782999501925561501090225346777951762415251291796139186973358956423213900103011661005726964937636310595730757375976691339235038382880725718134118304345016016365927111853148623811367791479133, 299, 2135987035920910082395021706169552114602704522356652769947041607822219725780640550022962086936379, 1870696278724923298668084199855497168078246196277697664574765218520354902613391983305520165421127)
(2281220310897798927403494993650388176447709219850684046951591615644853651303275438637182080565886897993022700375953487589904458892482808770084522896066388307337496953921002485478063525093916771, 300, 2135987035920910082395021706169552114602704522356652769947041607822219725780640550022962086936379, 1067993518937381063214890826259742605476416371762679378578937536921244154284337068998466836889849)


(2281220318051122071672873701555000180661092981143933971806972337465785318696859048446195874384603755029059704908415200663727311445419365972457460239302292570097046754734952007595629681429153977, 301, 2135987035920910082395021706169552114602704522356652769947041607822219725780640550022962086936379, 1067993522286335445414730747973400576055159291461821559783091029364235499111062020982200030199963)
(2281220411664462274471712029098457973299267162068117896116920180029179141122730826538940309289826520264652050054545779274461566586306410044596712966014076717671100498120481379288662321487845537, 301, 2135987035920910082395021706169552114602704522356652769947041607822219725780640550022962086936379, 1067993566113071576534719098431189982357090953310055385668442696930829604469860292645229623771603)
(2281220309270293274655346242737907846480504764850705758075324340539037384051002784345233949774276995706744599427275747393995012180384729646160206216852635293733370341792726568087552949674284297, 302, 2135987035920910082395021706169552114602704522356652769947041607822219725780640550022962086936379, 1067993518175435590055000844790687365070534462626074675100742474635263523121225360831784528380043)
(2281220309829914105601232862307636581180338831960887360187759641341466850291669417721535318243444616022379375506446992022292533342238821601481538536282803400980194390859696830322116366134383881, 302, 2135987035920910082395021706169552114602704522356652769947041607822219725780640550022962086936379, 1067993518437431951238256589133377544622777071597129066291254816927213121872007785956871294156939)
(2281220309848057599029180651221327491491563649010217781524758157860136827085149580447609409661801638956497570404374998452024663036162820374743417452681199552149370269566719731990039304528135261, 302, 2135987035920910082395021706169552114602704522356652769947041607822219725780640550022962086936379, 1067993518445926147655570235323717413524206713164148642776607427463311592172842479876764526969159)
(2281220314413590976052239518155492330340057454946037689642668036145703012142206396655131633841471701582529932164593744767120423002060455000281423221542752479872206062922414946937483247258431447, 302, 2135987035920910082395021706169552114602704522356652769947041607822219725780640550022962086936379, 1067993520583361113432257852946244342489289364389067926768653863937501906108598667420896824655893)
(2281220309157554300025726784391215144060858556674333668486676979597627050570869899062498236133796288500713457675530965390692905781100699609395568964242327989185071257761258570489866002542582019, 303, 2135987035920910082395021706169552114602704522356652769947041607822219725780640550022962086936379, 1067993518122654850877427539210298615485364711277026763703301716182502794601256131491193310675161)
(2281220328016316928430741340879101469425298171748409081124962843931418268248486755729270568584482606179226876109497960844326474113839971389714488448498306024616327359387011505109408754576572187, 303, 2135987035920910082395021706169552114602704522356652769947041607822219725780640550022962086936379, 1067993526951717158493092471984932170790069265279241143459024635633628189900769340104047419457953)
(2281221333052884909345305654034078337918818693152152300304793021911361205054595924361507193552019993505578952524104117261980430306924890180937977368524463779758230887966763340917425562795896397, 304, 2135987035920910082395021706169552114602704522356652769947041607822219725780640550022962086936379, 1067993997477310750217679484580441742440503724453182379984482532228553057895157483696098818129943)
(2281220308859716640370814468393340847552636276563583998389639967861891388918428978830429132162952466738626432508155808411211787408501603366679069412443741040102774012516133556483847749288059783, 305, 2135987035920910082395021706169552114602704522356652769947041607822219725780640550022962086936379, 1067993517983216898003100987257521861947903608680177554167805540215777094620835288306297539133477)


(2281220308811337705802476622022793963389899118173300949116998958545657840144166985420023021682241828225129962563192491886263419842410900776958676396289657152728760725087682451990184164136523477, 306, 2135987035920910082395021706169552114602704522356652769947041607822219725780640550022962086936379, 1067993517960567446599722156256115879682191414982250762517674943819932294418911124697905270620463)
(2281220308813117661577506872176140228188850624555705457913397874960035860146185168278824896587297254637095156266740046654707904637943433333979973178789417165931483469813170754125653378800275727, 306, 2135987035920910082395021706169552114602704522356652769947041607822219725780640550022962086936379, 1067993517961400764286157851074867221130015859005436970724758588629219265708928520896417368113213)
(2281220308820108825381424775595743286457242397774244738052241883028119363864982823320709779184454095024989697361454958533900052961182510720490099897393209441244448486492102945715128008576069591, 306, 2135987035920910082395021706169552114602704522356652769947041607822219725780640550022962086936379, 1067993517964673800913416092363542808683479995718019795333229978970078337349457861343732100497429)
(2281220314154871314302353135166289630766561408015126665197167483696584126441916360781825305435666869385718163163735987882323011050257678465372115047092157982948782545818532144803299146596306887, 306, 2135987035920910082395021706169552114602704522356652769947041607822219725780640550022962086936379, 1067993520462236941141417187096970675460404909082657334537781659993202196968864635910017488257253)
(2281220308811588439470273996475243138425607995708670963873463803060489120707911720910947019427293515887596404903994658325015510356984800929113519845988427988445496452549814713148132627549516523, 308, 2135987035920910082395021706169552114602704522356652769947041607822219725780640550022962086936379, 1067993517960684831988107377922388479003953822435716093497329583598132934939274986712209052139537)
(2281220308812603024392694483401012224479193615311390437726391244602321554989084862705534428488031756119409636318583146680128610266482351134349910447782129582282898920360585682240728818132092063, 308, 2135987035920910082395021706169552114602704522356652769947041607822219725780640550022962086936379, 1067993517961159827812219699129548108178681301484788937845305833044064011630767543509482737762797)
(2281220308811186252536473763515152946550147695177188556365114133273062783803642387618434586679837889540261038372037470354650615636647507448760675071924178830696556677943963934278191827445072693, 309, 2135987035920910082395021706169552114602704522356652769947041607822219725780640550022962086936379, 1067993517960496541082293507209215865142379374924500996936024969489261604488428711077143996530767)
(2281220308811336692737152188186622451571573021698410565218993039981961552141889228912988985327290973176038875608800026507040973443237341953671255729084976753832268732235497863657498213871497011, 309, 2135987035920910082395021706169552114602704522356652769947041607822219725780640550022962086936379, 1067993517960566972315324640208979424735436819396580195523817753356181988800647028285726265442409)
(2281220308890474316685950168396611163751251350710529525747333480244891426073394288890806891985667039991451738271329923297683434870348768864080324653817504171886109350077920576928520971537583053, 309, 2135987035920910082395021706169552114602704522356652769947041607822219725780640550022962086936379, 1067993517997616646596085694367430500364180185224262054665965210138805970737066458473073744019607)
(2281220308811104194245194622785260489265733880711067460626634729613663455619144110548677641963985521123284858662799412008007963318408170018559532232753159551265730822169478294908677655298472803, 310, 2135987035920910082395021706169552114602704522356652769947041607822219725780640550022962086936379, 1067993517960458124046094707391163014455257132485185070433592541925486849409036901690644577124857)


(2281220308811103181179870188949088977447407784236177076728628811049967167616866354041643605609175641218564551773845018061392707358798389693747650648364983898485505331218815982877507202771247351, 311, 2135987035920910082395021706169552114602704522356652769947041607822219725780640550022962086936379, 1067993517960457649761697191344026559508502536899514503439735351461736543790772805278465571946869)
(2281220308811116351029087828819318631085647038409752067402705752378018911646477188633086078217987462537426157786884801598656014154316828047401535425703414987017774390719111482242769054355878767, 311, 2135987035920910082395021706169552114602704522356652769947041607822219725780640550022962086936379, 1067993517960463815458864899956800473816312279513231874359878827490490516828206058636792639258973)
(2281220308811120909823047781082090434268114472546758794943732385914652207656727092914739241813145275131666585369832639250930657700797357161494772227567064465484524170853766063567054478220673517, 311, 2135987035920910082395021706169552114602704522356652769947041607822219725780640550022962086936379, 1067993517960465949738653722168914521076707959648749425832236184577366892110394492491598162559223)
(2281220308811102168114545755112917465629081687761286692830622892486270879614588597534609569254105170895461893854838431466624766041207079417208257426043269169550969033722915523743535375637783661, 312, 2135987035920910082395021706169552114602704522356652769947041607822219725780640550022962086936379, 1067993517960457175477299675296890104561747941313843936445878160997986238172508708866286566768759)
(2281220308811098622385910236686317174264940350099170349187602177513333871606616449759990442013193337628458652899092702030536616696081216634024745877301776359399378736932834149244358413349010307, 313, 2135987035920910082395021706169552114602704522356652769947041607822219725780640550022962086936379, 1067993517960455515481908369131912512248106856763996951967377994374860168508584371423660048646233)
(2281220308811116857561750045737404386994810086647197259351708711659867055647616066886603096394516647805058738097580039672434125767134609355641248582219215754200777048624380012748939824975576103, 313, 2135987035920910082395021706169552114602704522356652769947041607822219725780640550022962086936379, 1067993517960464052601063657980368701289689577306067157856807422722365669637338106842882141847557)
(2281220308811227281682113333880099175192354602410249104234353835102762447895891526153313059038210495039256598433877059064561378187719141409033786920428620166446813528519360628917747989688075849, 313, 2135987035920910082395021706169552114602704522356652769947041607822219725780640550022962086936379, 1067993517960515749600392907118242290485940496144158960187241183271148982028124615770393706233931)
(2281220308811097609320585802850145662446614253624279965289596258949637583604338693252956405658494529049606233334422849212642177446430776944375410236950846870225908671722765145814381989342476563, 314, 1067993517960455041197510853084776057301352261178326384973520803911109862890320275011481043468297, 2135987035920910082395021706169552114602704522356652769947041607822219725780640550022962086936379)
(2281220308811098115853248019768231418355777301861725157238599218231485727605477571506473423836732503945975541711034104651355930750930721870500445609424280923666687110252546116338922429511277099, 314, 2135987035920910082395021706169552114602704522356652769947041607822219725780640550022962086936379, 1067993517960455278339709611108344284774729558971161668470449399142985015699452323217570546057681)
(2281220308811146236456158626986378229726266884419018392393880350007059407713671005590590150675967581812813174147287392465666693540682864362080086808935539156200125677806817312466499577210456413, 314, 2135987035920910082395021706169552114602704522356652769947041607822219725780640550022962086936379, 1067993517960477806848591623347325894745572849290513600678665946171124532566996902796073292005447)