(332306998946229136552491437669765731, 2, 576460752303423619, 576460752303423649)
(332306998946230048513401581685978449, 3, 576460752303423649, 576460752303425201)
(1329227995784914736123203517929320293, 3, 1152921504606846869, 1152921504606846097)
(332306998946229194198566668012127631, 4, 576460752303423619, 576460752303423749)
(332306998946229211492389237114840101, 4, 576460752303423649, 576460752303423749)
(1329227995784915543168256742722128593, 4, 1152921504606846869, 1152921504606846797)
(1329227995784915642319506138910959327, 4, 1152921504606846883, 1152921504606846869)
(332306998946230031219579012583222419, 5, 576460752303423619, 576460752303425201)
(332306998946231000826564386941749577, 5, 576460752303423619, 576460752303426883)
(1329227995784914752264104582425165651, 5, 1152921504606846883, 1152921504606846097)


(1329227995783011322671015854579170337, 6, 1152921504605195921, 1152921504606846097)
(1329227995784915559309157807217983751, 6, 1152921504606846883, 1152921504606846797)
(332306998946231018120386956044556067, 7, 576460752303423649, 576460752303426883)
(1329227995783012212726417409790421349, 7, 1152921504606846869, 1152921504605195921)
(1329227995783890635149992412552386691, 7, 1152921504605957903, 1152921504606846797)
(332306998946231912787474530963078483, 8, 576460752303425201, 576460752303426883)
(1329227995783012228867318474263164243, 9, 1152921504606846883, 1152921504605195921)
(1329227995783890718160340744181355707, 9, 1152921504606846869, 1152921504605957903)
(1329227995783890734301241808664766349, 9, 1152921504606846883, 1152921504605957903)
(1329227995781987304708154547193313663, 10, 1152921504605957903, 1152921504605195921)


(332306999021642954265620198765418011, 11, 576460752303423619, 576460752434245769)
(332306999021642971559442771792791081, 11, 576460752303423649, 576460752434245769)
(1329227994043054843267059021789028297, 11, 1152921504606846883, 1152921503096023459)
(1329227826780323076527984740189038839, 12, 1152921504605957903, 1152921358019618713)
(1329227994042029919109236718854446477, 12, 1152921504605957903, 1152921503096023459)
(1329227826781347984415938008557859597, 13, 1152921504606846869, 1152921358019618713)
(332306999499913056382513849341760337, 15, 576460752303423649, 576460753263912113)
(1329227492401581333375242454320611859, 15, 1152921214578594443, 1152921358019618713)
(1329227826781348000556837020832521579, 15, 1152921504606846883, 1152921358019618713)
(1329227994043054827126157978444699871, 15, 1152921504606846869, 1152921503096023459)


(332307002999739174863695784764125649, 16, 576460759204320521, 576460752434245769)
(332307003478009265412208740426370873, 16, 576460759204320521, 576460753263912113)
(332306999499913039088691251424396947, 17, 576460752303423619, 576460753263912113)
(332307002924325338953954284917785499, 17, 576460752303423619, 576460759204320521)
(332307002924325356247777061047401129, 17, 576460752303423649, 576460759204320521)
(332312882400169933175952538480910359, 17, 576460752434245769, 576470958338270111)
(332306999575326874221295751458099897, 18, 576460752434245769, 576460753263912113)
(332312882324754762993579615279151709, 18, 576460752303423619, 576470958338270111)
(1329227661405106476841196468255671169, 18, 1152921504606846883, 1152921214578594443)
(332312882324754780287708365427255039, 20, 576460752303423649, 576470958338270111)


(332312882878448485602641416758754543, 21, 576470958338270111, 576460753263912113)
(332493560606277023434129415713684487, 22, 576784384233798199, 576460753263912113)
(332312886302921413483118892318247831, 23, 576460759204320521, 576470958338270111)
(708991788927311193951249040328239093, 23, 614952351069352327, 1152921503096023459)
(1322526380471304759364966297391649293, 23, 1147108779901988131, 1152921504605957903)
(708991789856395601981365069497814163, 24, 1152921504606846869, 614952351069352327)
(708991789856395610590697984468746741, 24, 1152921504606846883, 614952351069352327)
(1322526380472324516128123566800345673, 24, 1152921504606846883, 1147108779901988131)
(332499446733806661434038208727330089, 25, 576784384233798199, 576470958338270111)
(1322526212320828060825079171271495403, 25, 1147108779901988131, 1152921358019618713)


(332493560127738432090582822715570031, 28, 576460752434245769, 576784384233798199)
(332493564032611829139686874828541679, 28, 576460759204320521, 576784384233798199)
(1322526380472324500068600648172511839, 28, 1152921504606846869, 1147108779901988131)
(332493560052282258858691239656262181, 29, 576460752303423619, 576784384233798199)
(332493560052282276162222766670208151, 29, 576460752303423649, 576784384233798199)
(664987120104564304883944697040988931, 29, 1152921504606846869, 576784384233798199)
(664987120104564312958926076314163717, 29, 1152921504606846883, 576784384233798199)
(354495894928197914449391307044411413, 30, 576460752303423619, 614952351069352327)
(661263190236162461675870216003066089, 30, 576460752303423619, 1147108779901988131)
(661263190236162496089133613062710019, 30, 576460752303423649, 1147108779901988131)


(354495895518852572009752813160036951, 31, 614952351069352327, 576460753263912113)
(661263198152241887158499972861736251, 31, 576460759204320521, 1147108779901988131)
(354495894928197932897961839124981223, 32, 576460752303423649, 614952351069352327)
(664987120104051563177029914391216697, 32, 576784384233798199, 1152921504605957903)
(705417241133023813940879689811230837, 32, 1147108779901988131, 614952351069352327)
(661263190386229698546525092574967739, 33, 576460752434245769, 1147108779901988131)
(664987035555340176386198853766097887, 34, 576784384233798199, 1152921358019618713)
(708991611502839896077077342011318861, 34, 614952351069352327, 1152921214578594443)
(661263191337947246138108263553130803, 35, 1147108779901988131, 576460753263912113)
(708991699712235010709604932399295151, 35, 614952351069352327, 1152921358019618713)


(661274897668342858288719592194052541, 36, 1147108779901988131, 576470958338270111)
(664613830702553443064113821828349217, 36, 576460752303423619, 1152921214578594443)
(661634431264951771312318525547176069, 37, 576784384233798199, 1147108779901988131)
(664625764648996850187425465109137233, 37, 1152921504605957903, 576470958338270111)
(664613830702553477651750259186182507, 38, 576460752303423649, 1152921214578594443)
(664614005848138011178621595445027463, 38, 576460759204320521, 1152921504605957903)
(664625764649509313269375603736632459, 38, 1152921504606846869, 576470958338270111)
(664613998999825865463364548465224197, 39, 1152921504606846869, 576460753263912113)
(664613998999825873533815094159993779, 39, 1152921504606846883, 576460753263912113)
(664625764649509321339969020472414013, 40, 1152921504606846883, 576470958338270111)


(664613831809921004155358843022188059, 41, 576460753263912113, 1152921214578594443)
(664613838658743880999613449041464803, 41, 576460759204320521, 1152921214578594443)
(664613997021527626277096310438678121, 41, 576460752303423619, 1152921503096023459)
(664613997021527660864741403319381891, 41, 576460752303423649, 1152921503096023459)
(664614005848650465193888423441298749, 41, 1152921504606846869, 576460759204320521)
(664614005848650473264339052301786043, 41, 1152921504606846883, 576460759204320521)
(664613997172355296093349755795494971, 42, 576460752434245769, 1152921503096023459)
(664614004977720055241628007171102139, 44, 576460759204320521, 1152921503096023459)
(664613998043285695817222749294147261, 45, 1152921504606846869, 576460752434245769)
(664613998043285703887673283373588027, 45, 1152921504606846883, 576460752434245769)


(664613997891949334929979005736506349, 46, 1152921504605957903, 576460752303426883)
(664613997904187062898724055346440253, 46, 1152921504606846869, 576460752313596937)
(664613997904187070969174587736797371, 46, 1152921504606846883, 576460752313596937)
(664613998042773241807974287569862407, 46, 576460752434245769, 1152921504605957903)
(664613998999313411453378541569779039, 46, 1152921504605957903, 576460753263912113)
(664613997891506319077226304553858099, 47, 576460752303423619, 1152921504605195921)
(664613997891506353664871442709735729, 47, 576460752303423649, 1152921504605195921)
(664613997891945571794187971889910957, 49, 576460752303423619, 1152921504605957903)
(664613997903235356172613427110493977, 49, 1152921504605195921, 576460752313596937)
(664613997891947395716008258515313503, 50, 1152921504605957903, 576460752303425201)


(664613997891945606381833110068648047, 51, 576460752303423649, 1152921504605957903)
(664613997892459849725140425202545669, 51, 1152921504606846869, 576460752303425201)
(664613997892459857795590957450498483, 51, 1152921504606846883, 576460752303425201)
(664613997892461797009561706166955689, 51, 1152921504606846883, 576460752303426883)
(664613997892458033873770669418729577, 52, 576460752303423619, 1152921504606846883)
(664613997892458068461415807624136067, 52, 1152921504606846883, 576460752303423649)
(664613997892461788939111173918979327, 53, 1152921504606846869, 576460752303426883)
(664613997892458025803320137170798911, 54, 576460752303423619, 1152921504606846869)
(664613997892458060390965275376204981, 54, 576460752303423649, 1152921504606846869)
(664613997892459808219966259355931197, 55, 576460752303425201, 1152921504606846797)