(943490606205387433030377698777864031170636274767567525744961042622871309904512795133847385738300650105010889928562870326873062545520308439612698054135764224655413568579, 3, 971334446112864535459730953411759453321203419526069760625906204869452142602604249391, 971334446112866692255464325462943026682410381096523651597460008115250630891424186669)
(943490606205385547557387550600146903573370902070455848959142521817552567528684771467437653919671313318973777557163907587608604976175850086715280218985483035695095237133, 4, 971334446112864535459730953411759453321203419526069760625906204869452142602604249177, 971334446112864751139304290616877810657324115683115149723061585194031991431486243029)
(943490606205386804539380982718624988638214483868530300149688202354431729112570120740266549484234975804763242760688234457295422935953020181895010050481056811896264569441, 4, 971334446112864535459730953411759453321203419526069760625906204869452142602604249391, 971334446112866045216744313847587954674048292625387484305993867141511084404778205551)
(943490606205388690012371130896342116235479856565641976935506723159750471488398143660691426688183564715439182159635353057068561689944776838645188925070602442583826245627, 4, 971334446112864535459730953411759453321203419526069760625906204869452142602604249177, 971334446112867986332904348693653170699134558038795986180392290062729723864716148851)
(3773962424821528782421620259807255972215233828556303611090840910382921823367098420087101488098294183563734378813177240844320255274276982895259194180000409153131629251381, 4, 1942668892225728423880741895208163834634044750581003353960346268765164738718562517011, 1942668892225723247570981802285323258567148042811914015628617140975248366825394667671)
(3773962424821538419283569906045711571239211888979541922949391033141956381928090898496400313758281755197890196338415568160897838109970447860016399501259850605626570836257, 4, 1942668892225728208201168558003045477297924054423957964863190888440584889889680523387, 1942668892225728423880741895208163834634044750581003353960346268765164738718562517011)
(3773962424821538838277567716751684862214073407548252779784753597493454903601050061432488921047954952956925224286091009882095402116063387709413489889298874896524716807829, 4, 1942668892225728208201168558003045477297924054423957964863190888440584889889680523387, 1942668892225728639560315232413282191970165446738048743057501649089744587547444510767)
(3773962424821539257271565527457658153188934926116963636620116161844953425274009224718257928938259228192170592674314637516919295918468761234184940196643179367565356989061, 4, 1942668892225728208201168558003045477297924054423957964863190888440584889889680523387, 1942668892225728855239888569618400549306286142895094132154657029414324436376326504703)
(3773962424821540095259561148869883841208787476300356290633070284289142266902431480469150941980294873478786583855205036183562879017521156386832323602575374328788959637201, 4, 1942668892225728639560315232413282191970165446738048743057501649089744587547444510767, 1942668892225728855239888569618400549306286142895094132154657029414324436376326504703)
(943490606205388899509370036252678034564464772401648689459935930229801311714924887174014655676054424561971012950939342446185783659216485195683529951199868990637475999619, 5, 971334446112866692255464325462943026682410381096523651597460008115250630891424186669, 971334446112866045216744313847587954674048292625387484305993867141511084404778205551)


(943490606205385338060388645247067222729230305104110107094051575061406040598037213402294784170657589785581627495100666926854386611700544323495590871683413911133214501207, 6, 971334446112864535459730953411759453321203419526069760625906204869452142602604249177, 971334446112864535459730953411759453321203419526069760625906204869452142602604249391)
(943490606205388690012371130896342116235479856565641976935506723159750471488398143868556998156337313790680712780077131586683357110247117881249138998494763349633082099741, 6, 971334446112864535459730953411759453321203419526069760625906204869452142602604249391, 971334446112867986332904348693653170699134558038795986180392290062729723864716148851)
(943490606205388899509370036250166079933299154987910226379874986559075127172389515627428113869311706984184283507589034610093804999794464283215937133044865662223525109679, 6, 971334446112864751139304290616877810657324115683115149723061585194031991431486243029, 971334446112867986332904348693653170699134558038795986180392290062729723864716148851)
(943490606205385547557387550600146903573370902070455848959142521817552567528684771675303225387824370062784895749175759068275965732362492127450459450508329202033151245339, 8, 971334446112864535459730953411759453321203419526069760625906204869452142602604249391, 971334446112864751139304290616877810657324115683115149723061585194031991431486243029)
(943490606205425142490180662332206583115943728709801061461331458729246157421073262200820182467352897612301637666321710318420886369744012476806866382034470417517990913509, 9, 971334446112864535459730953411759453321203419526069760625906204869452142602604249177, 971334446112905514578665022384247347184135689364693689085428466539623420090183057517)
(3773962424810303095232278079706292983393648109568617043058619840490982705357181156962691490241259293277799447989884645407891101304187850578695961941996224001896330836833, 9, 1942668892220365335610138952735090314656814109490358064094659117762643759738906477107, 1942668892225307848712734345227367029198687244342494614507354635834459522398674747419)
(3773962424819327806951120922875617096158506897599132928965013858709455993417481851464895641106880682413705906645351825046308583890021167042228149218657411156454726962749, 9, 1942668892225010857940249013779388977360488636090993827724395928888007685028169384071, 1942668892225307848712734345227367029198687244342494614507354635834459522398674747419)
(3773962424820721380987839029397794170259250679993371093992390547719839119657723279208878965558112118528998313801611636110684790212234286784818178788622150449915947388153, 9, 1942668892225728208201168558003045477297924054423957964863190888440584889889680523387, 1942668892225307848712734345227367029198687244342494614507354635834459522398674747419)
(3773962424811119714534008891313858190332691159415375854823865868779716462125546683353234200494155927941527117498945946237368992781446405704472348814908429142600093601409, 10, 1942668892225728208201168558003045477297924054423957964863190888440584889889680523387, 1942668892220365335610138952735090314656814109490358064094659117762643759738906477107)
(3773962424820144426252853687272572497874939610878521231698139435706374775992955991326216776693674246227745956482278720268574794070166867635437225125659884577776700768477, 10, 1942668892225728208201168558003045477297924054423957964863190888440584889889680523387, 1942668892225010857940249013779388977360488636090993827724395928888007685028169384071)


(943490606205425351987179567694124622847518905465226580830340540623132963297678608086851544506561291201874421802838823152318016853147394187626548348663914199878547298993, 11, 971334446112864751139304290616877810657324115683115149723061585194031991431486243029, 971334446112905514578665022384247347184135689364693689085428466539623420090183057517)
(3773962424809726140497294330304744861302800351929321566506160229945273940313548869033468419252754936549360174498398897919776493675870165831656495747729270530176651962597, 12, 1942668892225010857940249013779388977360488636090993827724395928888007685028169384071, 1942668892220365335610138952735090314656814109490358064094659117762643759738906477107)
(943490606381470708095321879998424392573693979537354419311805051580181547106708219249908264872554453409110956846140025609882379042145879357973076619753571317256269350841, 13, 971334446294144295247518541416692249446926896960832865208845915855292062062742601789, 971334446112866692255464325462943026682410381096523651597460008115250630891424186669)
(943490606381508417555131881254191170709882547635958310439708680059019473597215965942703446998503710412294435450233659060940945515103492920600889312916148099903614097913, 13, 971334446294144295247518541416692249446926896960832865208845915855292062062742601789, 971334446112905514578665022384247347184135689364693689085428466539623420090183057517)
(3773962423961104496205626635791224433746304324175782888450721851336423653593274008005541095142771111705038800420238464820735770081919149303905321194749998208268942451433, 13, 1942668891783235466271518455873649188019153640805733069844653993606550730184826290507, 1942668892225307848712734345227367029198687244342494614507354635834459522398674747419)
(943490606381468613125332435484215127121683503531876425360254849998023884523902233106246951379616698278264412812684682874641180737036116173546285317466173454471841977653, 14, 971334446112864535459730953411759453321203419526069760625906204869452142602604249177, 971334446294144295247518541416692249446926896960832865208845915855292062062742601789)
(943490606381468613125332435484215127121683503531876425360254849998023884523902233314112522886563577461233380675856824256283536686654349328239311310498674735898758760499, 14, 971334446112864535459730953411759453321203419526069760625906204869452142602604249391, 971334446294144295247518541416692249446926896960832865208845915855292062062742601789)
(943490606381468822622331379935636053666884551132424224755409870156239650782182831820466263807948507342793973273666180391309385575120711035458324597618937220800224178881, 14, 971334446112864751139304290616877810657324115683115149723061585194031991431486243029, 971334446294144295247518541416692249446926896960832865208845915855292062062742601789)
(943490606381471965077315546706949951844900265140641215682735172529476144656391810631883104388991113216096076094505218724249593897078883885218610555248536196875942894439, 14, 971334446294144295247518541416692249446926896960832865208845915855292062062742601789, 971334446112867986332904348693653170699134558038795986180392290062729723864716148851)
(943490606692821376922477047913744399800017778909838805743066536915892115607019728711140749562928561609505272770474685653097455827762250189942286360597793882978065112189, 14, 971334446112864751139304290616877810657324115683115149723061585194031991431486243029, 971334446614685336025112753473299976000469232404700555660685883505402907021883212041)


(943525739914145336725783812521929118239055135744237970912020730302653335418932657978641527498342769471473718806894430776725161310922277575843922502774323551997274365063, 16, 971334446112905514578665022384247347184135689364693689085428466539623420090183057517, 971370616670658292915093396783399267511106169781113418118892387074370288765655580739)
(3773962423960527541470772709927247600558675038804683857845995051922121504429677431543539129725232762547750083737437516140402498258478393918109977836380410888709904313997, 16, 1942668892225010857940249013779388977360488636090993827724395928888007685028169384071, 1942668891783235466271518455873649188019153640805733069844653993606550730184826290507)
(3773962423961921115507173695710535143900762913274019642734391083041924662104421232544512320350199219934047325726981128092431625586463712523629746285911622106945469587209, 16, 1942668892225728208201168558003045477297924054423957964863190888440584889889680523387, 1942668891783235466271518455873649188019153640805733069844653993606550730184826290507)
(943497298751818278723404103474871444461154574525735993663327568087817548989757581735543258022785191785779693375747480548094895010147076436048755169011425930246807880837, 17, 971334446112864535459730953411759453321203419526069760625906204869452142602604249177, 971341336166501285638682656921117124764857275560485553346095609691967160552750317581)
(943497298751818278723404103474871444461154574525735993663327568087817548989757581943410303962416466912457781956866545247774351980090984852113215643092398288535375843171, 17, 971334446112864535459730953411759453321203419526069760625906204869452142602604249391, 971341336166501285638682656921117124764857275560485553346095609691967160552750317581)
(943525739914108882890556698901283708112815188089912833373006468040136354624709563486092950379068543675987537537803879654165515310163575625139575830536089507903972580889, 17, 971334446112867986332904348693653170699134558038795986180392290062729723864716148851, 971370616670658292915093396783399267511106169781113418118892387074370288765655580739)
(3773962423951502829753983523882079111068226834296258280362182028984827393438605054064093629481644003284622903036106747998141454133298475971303690751832977118282326923249, 18, 1942668891783235466271518455873649188019153640805733069844653993606550730184826290507, 1942668892220365335610138952735090314656814109490358064094659117762643759738906477107)
(943497298751818488221889052656595862361340910280820872682183255189734903038569460357346512614633899110657699436874800742883993131591494568856100598474819277112297392849, 19, 971334446112864751139304290616877810657324115683115149723061585194031991431486243029, 971341336166501285638682656921117124764857275560485553346095609691967160552750317581)
(943525739914105530813754205694787578446034503248135809231487915188410655241332727185124505074891365940381155966282308195186981744641258252032952985482052273404997801803, 19, 971334446112864535459730953411759453321203419526069760625906204869452142602604249177, 971370616670658292915093396783399267511106169781113418118892387074370288765655580739)
(943525739914105740318554361520193586550208296050746873240332824741643511452793779572806512121474248144341109245870891773044757619450157630151572781523993688258285418431, 19, 971334446112864751139304290616877810657324115683115149723061585194031991431486243029, 971370616670658292915093396783399267511106169781113418118892387074370288765655580739)


(943562929627360759052082493717598932913470508376336956737560225843664883597117917271663080872117471366881530464908817705820706942010799240131537222307069733105179822153, 21, 971334446112864535459730953411759453321203419526069760625906204869452142602604249391, 971408903908801710889772321184782433595334749104649571204923436079923549553899339783)
(943562929627360968565140424730037295226646300393816519254452731204621147814788124304824456099052869594335487669356981960626434831091207770399426537235133013210186122707, 21, 971408903908801710889772321184782433595334749104649571204923436079923549553899339783, 971334446112864751139304290616877810657324115683115149723061585194031991431486243029)
(943562929627364111261009389916612729924283180656009957007840311618965111079841231018449032196903585040139791859427052644071459046318598872981908233220366256267254039333, 21, 971408903908801710889772321184782433595334749104649571204923436079923549553899339783, 971334446112867986332904348693653170699134558038795986180392290062729723864716148851)
(943562929803457531808388103223314968732540160036030217472778636388521156494553807001937429527455650247490320842829868479065767501363439296386521355664417414194774671787, 21, 971408903908801710889772321184782433595334749104649571204923436079923549553899339783, 971334446294144295247518541416692249446926896960832865208845915855292062062742601789)
(943562929627400566533089386080887772416870991697453834947136244425355084954457269994963303472044858885624261259991848481638274230494070781466117425826621711278615298811, 22, 971408903908801710889772321184782433595334749104649571204923436079923549553899339783, 971334446112905514578665022384247347184135689364693689085428466539623420090183057517)
(3773656659615357090742054426943302213103962951657896493188236380407055136588993847804370336554369467201057028962440773883736253514747827981806268210642549452320156953811, 22, 1942668892225010857940249013779388977360488636090993827724395928888007685028169384071, 1942511497825678320512016718571542821483335123230124905654152443221076678823018233941)
(943562929627360759052082493717598932913470508376336956737560225843664883597117917063781575435633905236470253731365376916419070633615791002277921901203430128570721108591, 23, 971334446112864535459730953411759453321203419526069760625906204869452142602604249177, 971408903908801710889772321184782433595334749104649571204923436079923549553899339783)
(3773656658757203312969102939379602600045906201065871726672407627297803739192318426898466227200223269052181697601756458645202685236640743806793568078690229874937353498087, 24, 1942668891783235466271518455873649188019153640805733069844653993606550730184826290507, 1942511497825678320512016718571542821483335123230124905654152443221076678823018233941)
(3773656659616750551871858891948409809867627900677675906980405792739185698909236460515651335376234621069671523255537017769150497013241172614263968618794079064673287678167, 24, 1942668892225728208201168558003045477297924054423957964863190888440584889889680523387, 1942511497825678320512016718571542821483335123230124905654152443221076678823018233941)
(3773656659615933998732355313387088491138709384249669269132859736023815143899569336991912827611739752014870084120174672739124166902731355459168468333689216821659627948279, 25, 1942668892225307848712734345227367029198687244342494614507354635834459522398674747419, 1942511497825678320512016718571542821483335123230124905654152443221076678823018233941)


(943545565630304024128218589837742902054803595043511593138225821439870537393395773226221445763269525533617469651260273313281513401207930036917123791487855650726106655487, 26, 971391027473832974693672288266806198647180477658456563147852445389021548911192440923, 971334446112866692255464325462943026682410381096523651597460008115250630891424186669)
(943598066029260962946851000464568523226794727657915676498029546820026045953722148300316158069590840447130967446056969864055134122024876784635908396084610887501551239637, 26, 971408903908801710889772321184782433595334749104649571204923436079923549553899339783, 971370616670658292915093396783399267511106169781113418118892387074370288765655580739)
(3767722076632252457428596739465693162817046443326987579262762842624491698747762316726843433018237674810518211046742609309263932097396552837415980322046720233692601525467, 26, 1942511497825678320512016718571542821483335123230124905654152443221076678823018233941, 1939613783933632700588498609437515488653062219369493655533561499983470905156568088687)
(3768027360121838162499516701874197311545754960776756968614794737473757604196254124350092739030853154481456823681556769504899000391068908029625484893454689388789202194309, 26, 1942668891783235466271518455873649188019153640805733069844653993606550730184826290507, 1939613783933632700588498609437515488653062219369493655533561499983470905156568088687)
(3768027360969701282437812852211470551024679458435839108025460499160044601281879655328810559757862373071114809528096461338075968974813097326939805334171301107087511188509, 26, 1942668892220365335610138952735090314656814109490358064094659117762643759738906477107, 1939613783933632700588498609437515488653062219369493655533561499983470905156568088687)
(3768027360978711801582865814078668441794528692756634985872012491526644693069064341901608292574845851140712060522031445060076526158569866125077509594826940473486493104777, 26, 1942668892225010857940249013779388977360488636090993827724395928888007685028169384071, 1939613783933632700588498609437515488653062219369493655533561499983470905156568088687)
(3768027360979287848978879460417455362988181248384089181693299556547713838637147972062800206766830283634722835108848060085156229633977814407710692479437715020165316348853, 27, 1942668892225307848712734345227367029198687244342494614507354635834459522398674747419, 1939613783933632700588498609437515488653062219369493655533561499983470905156568088687)
(3773656659606333110202409697013953888782682333216216158350732780821438725940856255223149955325455226347071041457919331475268733357333869034999424075937738601169086888687, 28, 1942668892220365335610138952735090314656814109490358064094659117762643759738906477107, 1942511497825678320512016718571542821483335123230124905654152443221076678823018233941)
(1884013680841665149521144262984273524933845880708818651115619570958531005265825554574598065497500115906558687671879523413640910444385960903409662105809040880353276861043, 30, 971334446294144295247518541416692249446926896960832865208845915855292062062742601789, 1939613783933632700588498609437515488653062219369493655533561499983470905156568088687)
(3768025081473787770462716392341147318099920966883489234171063917468102433209636676175058805355152123077124961976414240808991657177827472794079405503150767245869753333343, 30, 1939613783933632700588498609437515488653062219369493655533561499983470905156568088687, 1942667716988506089361319172022716496594758756084232821679438375466185108778874044689)


(1886828329808455716265731748223447436075913670787364005038037089745350236094872764819439972332969463829882253121270765691172313545449273370219873500566087475040964584497, 31, 971334446112905514578665022384247347184135689364693689085428466539623420090183057517, 1942511497825678320512016718571542821483335123230124905654152443221076678823018233941)
(1886828329808376113856031553289301181299877489093510099860492835883923655565454215045300411050179010526736280736000040358555908631755247817251547832749230550996842716557, 32, 971334446112864535459730953411759453321203419526069760625906204869452142602604249177, 1942511497825678320512016718571542821483335123230124905654152443221076678823018233941)
(1886828329808376532816082606946849319482909258470846173045637805641089058620872207653199675366490895359136383512628402164083936030443849420681636459549029900564702447289, 32, 971334446112864751139304290616877810657324115683115149723061585194031991431486243029, 1942511497825678320512016718571542821483335123230124905654152443221076678823018233941)
(1886828330160514131566885990787184710417197986949702580133298582191018749665128663724380754333980111876890753786939011218810193463807912884064645937223558601246207120449, 32, 971334446294144295247518541416692249446926896960832865208845915855292062062742601789, 1942511497825678320512016718571542821483335123230124905654152443221076678823018233941)
(1886972964933086835206491262844973263117564947545342107470372506990275958042356797671197978828716348012218281832584892775551261027694263506101067734765113892290542174803, 33, 971408903908801710889772321184782433595334749104649571204923436079923549553899339783, 1942511497825678320512016718571542821483335123230124905654152443221076678823018233941)
(1886828329808382817216848411810071392228385799130887270822812351998570104452142092968251127368491016282609190198972984782634175726188308201302482034677883008612896351791, 34, 971334446112867986332904348693653170699134558038795986180392290062729723864716148851, 1942511497825678320512016718571542821483335123230124905654152443221076678823018233941)
(1886841713816786136708277074364634117830576722188297984895050808225218996848033964644634254482636478059935192121278572447660110036834760396148139849545443663841503216721, 35, 1942511497825678320512016718571542821483335123230124905654152443221076678823018233941, 971341336166501285638682656921117124764857275560485553346095609691967160552750317581)
(1886898591532773255913313696333264563376736800130127203087755836126726015110982897185879864526128994644684789177497753182491606650671902591190462543530953916882515662399, 35, 1942511497825678320512016718571542821483335123230124905654152443221076678823018233941, 971370616670658292915093396783399267511106169781113418118892387074370288765655580739)
(1887051479398385776007813112788198431334410349572074472025413679018196471701307694563098709370396790490406157661395508536395622582845810264527687058304926279972207744673, 35, 1942668891783235466271518455873649188019153640805733069844653993606550730184826290507, 971370616670658292915093396783399267511106169781113418118892387074370288765655580739)
(1887125859254023839621254716015451362951553598545730732223077599702969922352446122527164560840440485818238147760102792163340569754494754535118924187431623573020656796593, 35, 1942668892225010857940249013779388977360488636090993827724395928888007685028169384071, 971408903908801710889772321184782433595334749104649571204923436079923549553899339783)


(1884013680490052428688573590520873962209850769849422239517301062945660855881561397257695303612656821895428328894135594705542684364049005282965866938056408267307582760599, 36, 971334446112864535459730953411759453321203419526069760625906204869452142602604249177, 1939613783933632700588498609437515488653062219369493655533561499983470905156568088687)
(1886828329808376113856031553289301181299877489093510099860492835883923655565454215460997871584874171116307858510310204155989625003001977627240170682059639819122744779931, 36, 971334446112864535459730953411759453321203419526069760625906204869452142602604249391, 1942511497825678320512016718571542821483335123230124905654152443221076678823018233941)
(1887125859254312339102025720143076268194619206615088317984057481739745750084321327472171548126129290815725572027355463672367176654136506450032213131668513140538383270077, 36, 971408903908801710889772321184782433595334749104649571204923436079923549553899339783, 1942668892225307848712734345227367029198687244342494614507354635834459522398674747419)
(1887091130830769540802824373534285996608267626536132030333992270284971459151639199312967772276838249035960851813263389802942507793975401246484685178870687419816833217961, 37, 1942668891783235466271518455873649188019153640805733069844653993606550730184826290507, 971391027473832974693672288266806198647180477658456563147852445389021548911192440923)
(1887125858824879290626451593580117096542643155245225193888809279791754189555552057558415381255016691391665531005583947792527058886204958446484117651096301219368260339981, 37, 971408903908801710889772321184782433595334749104649571204923436079923549553899339783, 1942668891783235466271518455873649188019153640805733069844653993606550730184826290507)
(1887051479827513410642989512787568169993338973801428469009427018111410126317361404445751644160168996599134274642120674306962361092412320042994083256080907782941441008469, 39, 1942668892225010857940249013779388977360488636090993827724395928888007685028169384071, 971370616670658292915093396783399267511106169781113418118892387074370288765655580739)
(1887091131255393573719169295059946409131966886624573235149306414867823213283683890479247004965624002260463259329035476981899238354730585135537024148579847681942149449761, 39, 1942668892220365335610138952735090314656814109490358064094659117762643759738906477107, 971391027473832974693672288266806198647180477658456563147852445389021548911192440923)
(1887091131259906192428567541945482309667279454276054190484096123821525604658003300292535694318718406003215295341043882648784580736452290506743932615707184993951964737533, 39, 1942668892225010857940249013779388977360488636090993827724395928888007685028169384071, 971391027473832974693672288266806198647180477658456563147852445389021548911192440923)
(1887125859249511137866478639105565499458169334053433680875404630065994937953854952594192242500660620015734134705584440589206352614125161114628125301483866870949703847781, 39, 971408903908801710889772321184782433595334749104649571204923436079923549553899339783, 1942668892220365335610138952735090314656814109490358064094659117762643759738906477107)
(1887125859254720680051933263385444416574237848682755663407550430243504710323555005591782954841373507543869165353253386871551308832480375833441060569526334071853191005021, 39, 1942668892225728208201168558003045477297924054423957964863190888440584889889680523387, 971408903908801710889772321184782433595334749104649571204923436079923549553899339783)


(1886994597503635719452868410222845217321563806031132471251232387767965681784267649412235026927602621238706414209198332338335456056690609366496292494326796276794547766847, 41, 1942668892225728208201168558003045477297924054423957964863190888440584889889680523387, 971341336166501285638682656921117124764857275560485553346095609691967160552750317581)
(1887051479823000886752433189367559614194015798361720782498920151028920187657756620950360837940823371049748050793879919615839307759682352690995762139379822558168693642073, 41, 1942668892220365335610138952735090314656814109490358064094659117762643759738906477107, 971370616670658292915093396783399267511106169781113418118892387074370288765655580739)
(1887051479828210223608307788087951124475373835285827362427596192163889885636821245247895423915211510240478686795689359051340680863517936382022969486593636233050956242993, 41, 1942668892225728208201168558003045477297924054423957964863190888440584889889680523387, 971370616670658292915093396783399267511106169781113418118892387074370288765655580739)
(1887051479827801898752804084371641329440651662996863609188867472913053129499230376319377265422804497150792539811135011139563996582352597590855856427224178691068586362641, 42, 1942668892225307848712734345227367029198687244342494614507354635834459522398674747419, 971370616670658292915093396783399267511106169781113418118892387074370288765655580739)
(1886981211981041004601148179566148873309876607538426679665022371940385724399640204397203636601749215941577027937310085451264432870827565583699882019537411337446532091119, 43, 1942668891783235466271518455873649188019153640805733069844653993606550730184826290507, 971334446112905514578665022384247347184135689364693689085428466539623420090183057517)
(1886981211980961395741582278393922585506209531125566246974464571004497991399579674534353207866502605303309756216889054060223150646007467646128940719013773223140817662739, 44, 971334446112864535459730953411759453321203419526069760625906204869452142602604249177, 1942668891783235466271518455873649188019153640805733069844653993606550730184826290507)
(1886981211980961395741582278393922585506209531125566246974464571004497991399579674950084350708114995085414705773849980296322029778434344592884895350815629482693643831237, 44, 971334446112864535459730953411759453321203419526069760625906204869452142602604249391, 1942668891783235466271518455873649188019153640805733069844653993606550730184826290507)
(1886981211980968099645545722703162693952834127034017651832616806872783274178532140254251824391778887536923922604589031696566047151900143170778606567806628924629180257457, 44, 1942668891783235466271518455873649188019153640805733069844653993606550730184826290507, 971334446112867986332904348693653170699134558038795986180392290062729723864716148851)
(1886981212762936388262669093162746548062562816661561653139889619363184704014682071783975143861623794502566260546204657688704303681461146456545462406505091213299642539343, 44, 1942668892225728208201168558003045477297924054423957964863190888440584889889680523387, 971334446294144295247518541416692249446926896960832865208845915855292062062742601789)
(1886981212762528078611726357343360711465721043193900631982755331000656266625795412425510756782306773629982157537779619090972842052589337742977257710224863756640472532591, 45, 971334446294144295247518541416692249446926896960832865208845915855292062062742601789, 1942668892225307848712734345227367029198687244342494614507354635834459522398674747419)


(1886981211980961814735579993663250092284123568369844459778099085746265821573264203879580977031305813127887712653658122046338508471227344288659077302164972310851957625703, 46, 971334446112864751139304290616877810657324115683115149723061585194031991431486243029, 1942668891783235466271518455873649188019153640805733069844653993606550730184826290507)
(1886981212757727245383915308581408001638514229040529692610313385328156691867598038024803650643954659747971564895158525222263162828316349531839484372165824337437345744423, 46, 971334446294144295247518541416692249446926896960832865208845915855292062062742601789, 1942668892220365335610138952735090314656814109490358064094659117762643759738906477107)
(1886981212762239601244179847736744858723878497239580864854292573137546128973411148903835699001723400582805315056628510142996687150162231012676968311649713314408152703019, 46, 1942668892225010857940249013779388977360488636090993827724395928888007685028169384071, 971334446294144295247518541416692249446926896960832865208845915855292062062742601789)
(1886981212410152659974006469477340860086548861852622624122420210815428745746345124958856882128845284642710547671549647103788280832863196448521763368119962148893456611707, 47, 1942668892225010857940249013779388977360488636090993827724395928888007685028169384071, 971334446112905514578665022384247347184135689364693689085428466539623420090183057517)
(1886981212333127945791254724510006956144083533184818765802277600574598124114714515104386196544392869858132619930578317881888422724304518650720312430356793749418731917023, 48, 971334446294144295247518541416692249446926896960832865208845915855292062062742601789, 1942668891783235466271518455873649188019153640805733069844653993606550730184826290507)
(1886981212405567399158965017544531031402827249742188521876670968514638737795369842279099314887381284758903826451347697128916215058304109028611060095502485515024635854057, 48, 1942668892220365335610138952735090314656814109490358064094659117762643759738906477107, 971334446112867986332904348693653170699134558038795986180392290062729723864716148851)
(1886981212410361528481915135929517756851874734934986351665484135368644985641393354286706710959965155068200280570324489659818477400252716461004563939409931726256613624163, 49, 971334446112864535459730953411759453321203419526069760625906204869452142602604249177, 1942668892225307848712734345227367029198687244342494614507354635834459522398674747419)
(1886981212410368232385880105774483130629869894441392789019795027438448392141647071367966771315528198847538806952364658831081810350893345795341560948315636391302832065569, 49, 971334446112867986332904348693653170699134558038795986180392290062729723864716148851, 1942668892225307848712734345227367029198687244342494614507354635834459522398674747419)
(1886981212410849446992365703216741007305586750397900045446626589882945091335725141285873407513663552795503413658028049409457089815704414997008958641525093965364484650079, 49, 1942668892225728208201168558003045477297924054423957964863190888440584889889680523387, 971334446112905514578665022384247347184135689364693689085428466539623420090183057517)
(1886981212410776542036746640377388377679682519442210956093540392722202320240830799882794595387629342328708776701357028180354490235599833804560384935907960230948678678337, 50, 1942668892225728208201168558003045477297924054423957964863190888440584889889680523387, 971334446112867986332904348693653170699134558038795986180392290062729723864716148851)


(1886981212410361528481915135929517756851874734934986351665484135368644985641393354702437853896181034692725430448981033908337547689546563965578456007984269519573009571829, 51, 971334446112864535459730953411759453321203419526069760625906204869452142602604249391, 1942668892225307848712734345227367029198687244342494614507354635834459522398674747419)
(1886981212405560695255000064755551532525954654155965771241348271514833842921950730674323764661639541292597694808637667013534902602802132920096036022343232386085874090939, 52, 971334446112864535459730953411759453321203419526069760625906204869452142602604249177, 1942668892220365335610138952735090314656814109490358064094659117762643759738906477107)
(1886981212405560695255000064755551532525954654155965771241348271514833842921950731090054907596797723113167430693946994350093122033738758636353087223548996970211860191837, 52, 971334446112864535459730953411759453321203419526069760625906204869452142602604249391, 1942668892220365335610138952735090314656814109490358064094659117762643759738906477107)
(1886981212405561114248997874304862751205759191380104693156055940077321648851539425387356342236215608204532582377263721151873861280153574520462134563119215804693226837103, 52, 971334446112864751139304290616877810657324115683115149723061585194031991431486243029, 1942668892220365335610138952735090314656814109490358064094659117762643759738906477107)
(1886981212410073051114422464738797234470272712276899803435250452154877402139705778728132422917107663491616820707152311818354545084219459419554962141191190460911746850761, 52, 971334446112864535459730953411759453321203419526069760625906204869452142602604249391, 1942668892225010857940249013779388977360488636090993827724395928888007685028169384071)
(1886981212410073470108420275290052727236674165695719397228340819305722409211319669851226971165821895369581262286152560681665139052610523027556694917224194927236747391059, 52, 1942668892225010857940249013779388977360488636090993827724395928888007685028169384071, 971334446112864751139304290616877810657324115683115149723061585194031991431486243029)
(1886981212410079755018387433558885118732695966978013304124696326568397515285528039129866647962248967680239651222951293286655820964400749458526389525504883577379824352421, 52, 1942668892225010857940249013779388977360488636090993827724395928888007685028169384071, 971334446112867986332904348693653170699134558038795986180392290062729723864716148851)
(1886981212410769838132781669081815722081898222342837246727739363098225973473484193725183151272115482045041461015835152060917417105023057386473493649210395110023524002499, 52, 971334446112864535459730953411759453321203419526069760625906204869452142602604249177, 1942668892225728208201168558003045477297924054423957964863190888440584889889680523387)
(1886981212410073051114422464738797234470272712276899803435250452154877402139705778312401279980955339892403531758363070663209976960746780286534233359157545864883498659567, 54, 971334446112864535459730953411759453321203419526069760625906204869452142602604249177, 1942668892225010857940249013779388977360488636090993827724395928888007685028169384071)
(1886981212410769838132781669081815722081898222342837246727739363098225973473484194140914294208421318600091532428486884202673164751750061867196343775495561546415156007317, 54, 971334446112864535459730953411759453321203419526069760625906204869452142602604249391, 1942668892225728208201168558003045477297924054423957964863190888440584889889680523387)


(1886981212410770047629780574434895402926038819309182988592830309854372500404131752192458481711854984792476143304680820986860364220468104248444597644085388323921323890301, 56, 971334446112864535459730953411759453321203419526069760625906204869452142602604249391, 1942668892225728423880741895208163834634044750581003353960346268765164738718562517011)
(1886981212410770257126779479787789013056759740911548103563101927449724495146443356847767972215458587791388670531802959602715690335815961862736909327545568830331000219223, 56, 1942668892225728208201168558003045477297924054423957964863190888440584889889680523387, 971334446112864751139304290616877810657324115683115149723061585194031991431486243029)
(1886981212410770257126779479787975083770179416275528730457921256610519027334779309956487673165880840799637780294784616527831009464684924018007117650237556189818127388759, 56, 971334446112864535459730953411759453321203419526069760625906204869452142602604249177, 1942668892225728639560315232413282191970165446738048743057501649089744587547444510767)
(1886981212410770466623778385141054764614320013241874472323012203366665554265426868311088207856528195900029754473552174278303846847929018447746856048636363809956074379431, 56, 971334446112864535459730953411759453321203419526069760625906204869452142602604249177, 1942668892225728855239888569618400549306286142895094132154657029414324436376326504703)
(1886981212410770466623778385141054764614320013241874472323012203366665554265426868726819350792834170921365908371889891829849081427479162728843460343301793194489946385873, 56, 971334446112864535459730953411759453321203419526069760625906204869452142602604249391, 1942668892225728855239888569618400549306286142895094132154657029414324436376326504703)
(1886981212410772980587765249377034063498553881177125083506302086346252583444433810979652546575004028813005195647458454351452960908249315081451467798394556773922492128061, 56, 1942668892225728423880741895208163834634044750581003353960346268765164738718562517011, 971334446112866045216744313847587954674048292625387484305993867141511084404778205551)
(1886981212410769209641784953010016906393648344375107705732161804476155469968864663624873260575772917216573945028029635354072497187121797909023725673321385893550723477899, 57, 971334446112866692255464325462943026682410381096523651597460008115250630891424186669, 1942668892225723247570981802285323258567148042811914015628617140975248366825394667671)
(1886981212410771304611774006553280452634172563425267126335966325810854395893849124722488644255311651968207859324698759709084718531313418532977629455438867139130688626591, 57, 1942668892225728855239888569618400549306286142895094132154657029414324436376326504703, 971334446112864966818877627821996167993444811840160538820216965518611840260368236897)
(1886981212410774237569758681495093489458203193406243124183504276271344047604563264564092080728406992076374046727771847529040464220158949225587775039895951949360151926359, 57, 971334446112866692255464325462943026682410381096523651597460008115250630891424186669, 1942668892225728423880741895208163834634044750581003353960346268765164738718562517011)
(1886981212410770676120777290494041410101750772526229900740693485542414815101906449790788524854719105471750118744218533985933404170881413021746860815175956337701769193243, 58, 971334446112864751139304290616877810657324115683115149723061585194031991431486243029, 1942668892225728639560315232413282191970165446738048743057501649089744587547444510767)


(3773962424821540095259561148869790805852077638618365977185660619708745000808263503116354176800309308790827829038430657957689506311541018360783081784518202264621324172419, 223, 1942668892225729070919461906823518906642406839052139521251812409738904285205208498129, 1942668892225728423880741895208163834634044750581003353960346268765164738718562517011)
(3773962424821540933247556770282109529228640026483748944646024406733331108530853736185075914962267399371084580782964224962693311544461857160695880479049729435238685200687, 223, 1942668892225729070919461906823518906642406839052139521251812409738904285205208498129, 1942668892225728855239888569618400549306286142895094132154657029414324436376326504703)
(3773962424821504899763745049552404424036457348272281343850381564676128476459473733606220705057491257770757314425798418598895499234905373730022511350025401735441721323809, 224, 1942668892225729070919461906823518906642406839052139521251812409738904285205208498129, 1942668892225710306796581569978221818399906273389190669799294321500457437092475043921)
(3773962424821533810349593988277400380527859729627993721232932217024349192888836758900801493779149692157369680701231886812708744250619630929982165024828530346378938800733, 224, 1942668892225729070919461906823518906642406839052139521251812409738904285205208498129, 1942668892225725188687141837131388474592234308225322517503015563896467006285332611277)
(3773962424819770264612808726052647034552314466929538700897342423782885490697692230579096829139982389306758115349122881853848364745181931971108860293175995526480748601029, 225, 1942668892225729070919461906823518906642406839052139521251812409738904285205208498129, 1942668892224817393362965540788222446860224183221279807576019777739883285521021010101)
(3773962424821524173487644342035735061697392269176089595438748666241608954079049083587619206798949530180078440920951305073011305723611438178128373788788746580023459182149, 225, 1942668892225729070919461906823518906642406839052139521251812409738904285205208498129, 1942668892225720228056955081413666255861458296613278568268441816431130483221046755381)
(3773962424821530039403613691921966125333328984233770367661295175413711708137180712049763915413873188033031899928937893185737714467032493752201479916252177565450980287559, 225, 1942668892225729070919461906823518906642406839052139521251812409738904285205208498129, 1942668892225723247570981802285323258567148042811914015628617140975248366825394667671)
(3773962424821536743307578663220515912345828087156834107344205471610400569917902572683117333982468105701450709728992313434675968801285929307850051438873355956689536285639, 225, 1942668892225729070919461906823518906642406839052139521251812409738904285205208498129, 1942668892225726698444155197567216975945079181324640241183103226168525948087506567191)
(3773962424821538419283569906045153359098952862887600042264933045659572785363083037903621093175840165387978193197358523509467551234517752876820191431173587681065847225287, 225, 1942668892225729070919461906823518906642406839052139521251812409738904285205208498129, 1942668892225727561162448546387690405289561965952821797571724747466845343403034542103)
(3773962424821539676265563338163631444163796444685674493455478726196451946946968387013265801793442117244819996480985071729801921964655572678729037399289189994868930242923, 225, 1942668892225729070919461906823518906642406839052139521251812409738904285205208498129, 1942668892225728208201168558003045477297924054423957964863190888440584889889680523387)


(3773962424811121390510000129511103065051909308311931542482696543029667685843901460911547028573696882072914125251880013229286630570273701418893770548091618830917790832803, 227, 1942668892225729070919461906823518906642406839052139521251812409738904285205208498129, 1942668892220365335610138952735090314656814109490358064094659117762643759738906477107)
(3773962424813749320864268878542619573951557654152917498183532652131701503886870925736731051081639432790344336002102410940702230488954645448210571439136522895294099091463, 227, 1942668892225729070919461906823518906642406839052139521251812409738904285205208498129, 1942668892221718077894109903237427526805820406479038481453204513527455614486771138647)
(3773962424820146102228844929477594468940545424553799606870500904309754804279411556187702059211283236748251035416363621420310010801019949335079382718513362598428885903159, 227, 1942668892225729070919461906823518906642406839052139521251812409738904285205208498129, 1942668892225010857940249013779388977360488636090993827724395928888007685028169384071)
(3773962424821489396985826053424508041570053172762696445833651504721285483591554430332102283656605538237733787597999126660212616439928121887063215699159492566602513117097, 227, 1942668892225729070919461906823518906642406839052139521251812409738904285205208498129, 1942668892225702326652368093388842596963440515578511273204545249491003030423841275993)
(3773962424821540514253558959575950167540358832551057460915842513221038054669558619475874845580972737698204633296580739862374793413308880848076364255282580181461239854943, 227, 1942668892225729070919461906823518906642406839052139521251812409738904285205208498129, 1942668892225728639560315232413282191970165446738048743057501649089744587547444510767)
(3773962424820723056963830271859035513703749469869972703330968270737289971282786708136312921169236044176035333464491397749932324823444144657854334816066470912811409079051, 228, 1942668892225729070919461906823518906642406839052139521251812409738904285205208498129, 1942668892225307848712734345227367029198687244342494614507354635834459522398674747419)
(3773962424818921382773244235373780254094615559296592663548826167877158367713786596607636375841864355881728548372224558702576614608998641625432319264388098502452192463507, 229, 1942668892225729070919461906823518906642406839052139521251812409738904285205208498129, 1942668892224380426547384363218430483879693769047321496739219240141109558206101717283)
(3773962424821128224159713224715138266271664002782637470416859297124673055155164175500038391138596666599329443220138670580297658627475536814172038693394367343207521443337, 229, 1942668892225729070919461906823518906642406839052139521251812409738904285205208498129, 1942668892225516410860151422576818573227400428205385871456607409703173339927562682553)
(3773962424312456103009586004652949118877231509475261550232314780963907719322526030709106306715704293051514592850804967271728034569517999337296386952940865373462255889123, 230, 1942668892225729070919461906823518906642406839052139521251812409738904285205208498129, 1942668891963674507082437618327225087946403498077569473715921199380139914662953091187)
(3773962424820266353506216602145331273477248083236255437432704342337861262471109935549038540975349779597296088334699152369226111767772222113491186914253326020266678024971, 230, 1942668892225729070919461906823518906642406839052139521251812409738904285205208498129, 1942668892225072757977796791648357532827128433163020498607990082042424298917301583899)


(3773962424637681339080245179080288371181368034268390336068968490393780125898277651505957404887645471182417850864383772338668900434290450107156668793830810116655943760397, 231, 1942668892225729070919461906823518906642406839052139521251812409738904285205208498129, 1942668892131086070304642917221781171511364077493813631207906039881700137010894733693)
(3773962424584360581912852523946079282204909353882862316851382009492038791343071776780738468568195635559317965390387951158620407035257052521239256434550205771132000271491, 232, 1942668892225729070919461906823518906642406839052139521251812409738904285205208498129, 1942668892103638903481323531064744934127691828054642516311361314174718022317254901779)
(3773962424803660783384982695637508843516970142807372242863900663139550631623060530817219141967239696192184502830524920400651431697385695969862267300946443751829972973877, 232, 1942668892225729070919461906823518906642406839052139521251812409738904285205208498129, 1942668892216524945127296678397619587691698337140159800145957058293855512666126155813)
(3773962424804821396758918351698940720055877336362782175467745692191309827410532696152059205833192064076829138151771720658790745444073283969311080650580212846789893549147, 232, 1942668892225729070919461906823518906642406839052139521251812409738904285205208498129, 1942668892217122377545440736575469408746026692155887599266360557380036768669248782443)
(3773947914464859349383787220304433133103466437269030258494970174115801992120929653886966216058796303748510074507200479584041993520184518230592132356801292020558719873783, 233, 1942668892225729070919461906823518906642406839052139521251812409738904285205208498129, 1942661422936062637725785931503741750220302532707108455527369977349527367866338246727)
(3773960141724747280215854547199339509224359604606191044678900223764559897082033978914863284580694892656582600486252301569750756341360845459235341294600828239289318886881, 233, 1942668892225729070919461906823518906642406839052139521251812409738904285205208498129, 1942667716988506089361319172022716496594758756084232821679438375466185108778874044689)
(3773962137148540938819449495549763260222564969805633081224517905350617127005957339139983681228245740010050336318081773400122027950109629043987686656776518945365506898633, 233, 1942668892225729070919461906823518906642406839052139521251812409738904285205208498129, 1942668744144395414604424141405042683733694145800830418716960338581647069361995776377)
(3773962423961922791483164556787845171012419062251132493948929142008995982799159348631605915081777230695527859862207040816136732110724994577210732876553632154695719961403, 233, 1942668892225729070919461906823518906642406839052139521251812409738904285205208498129, 1942668891783235466271518455873649188019153640805733069844653993606550730184826290507)
(3773962421336736428906077839908995967917612286461703742074040651982387677451410280781620855542408905141914189035859019396880570090123803228854268977051303750453252053127, 235, 1942668892225729070919461906823518906642406839052139521251812409738904285205208498129, 1942668890431905667826353309856559233267295784615568908569843974468125962668341199063)
(3773962422611778739619828996287187023171993635646608993514915485023765200065018874648506169968751071086865299652871895892392638833220054950982805871718625032113831797267, 235, 1942668892225729070919461906823518906642406839052139521251812409738904285205208498129, 1942668891088241040167095554350242211502254074067312018496331224704416528778982850723)


(3773962417891005209830436312427156647269324739583973797614536386120182081448037859967617770720533174245962136557130625642449427600089503139679149715180796511274494056771, 236, 1942668892225729070919461906823518906642406839052139521251812409738904285205208498129, 1942668888658195679024379113407131297163825551603803940210023088215730026350680998099)
(3773961424054174788274952563814678202080589748104222850314057881148082708230519253725235510324720129195688340823539644796280217782434795724765194763668418300095171118447, 237, 1942668892225729070919461906823518906642406839052139521251812409738904285205208498129, 1942668377074963766091541503048909673188886987183615572323349363714472810006995534143)
(3773962140955330598646517409619872138359256553117563384136572838969247455266018027272991439548112716100772932203793014335314236001615269253673464436259942647024792351883, 237, 1942668892225729070919461906823518906642406839052139521251812409738904285205208498129, 1942668746103962315099548092881182803116301701064605911491202184053434771673465225627)
(3773962421916768255811342047384392969858745844321056716997233033797742238177896583824160799191324462607739164646157808359244177907071588406017029484812777737007342284149, 237, 1942668892225729070919461906823518906642406839052139521251812409738904285205208498129, 1942668890730480391098273192223827347936296613457693221037664024634373132483066593381)
(3773962422691434526531617965655756305686334567489963905855054894080820878602169874650154330160265940677287565007281347441317369844619385858702114610708998358749329484703, 237, 1942668892225729070919461906823518906642406839052139521251812409738904285205208498129, 1942668891129244315213378293811392096080041882280324056899995491228637085192574468207)
(3772763351285217460820734186091269893831687865236929138282071446237558947505424183915646734623588836788089524340620588264091661196192738723201763679895838066044420749057, 238, 1942668892225729070919461906823518906642406839052139521251812409738904285205208498129, 1942051662217505639365938833340390436465223812115069729790858665454341409433068765233)
(3773951348206576071515901030369187018921940390442014140101111001904776436133952305568949976681503252354523182106810193018662079505689225560562359260824665192504678668329, 238, 1942668892225729070919461906823518906642406839052139521251812409738904285205208498129, 1942663190474386056324764686469582050709139790746241830666308265810301296826944323801)
(3773929555263634093727910526077680938313465099200984521469071434164750769876390358362703747396531725688523580805185971830092643854592756747006101966219753082361850354927, 239, 1942668892225729070919461906823518906642406839052139521251812409738904285205208498129, 1942651972431502274177089871349245995218042898017519792332850200602617727523930243263)
(3773960214462311445201366679818831075125422261065960616642125905963063229029801063882761665568639791818554103148073146010502189879634683202945654485098193740343761955461, 239, 1942668892225729070919461906823518906642406839052139521251812409738904285205208498129, 1942667754430586135050209623774498858819004344897830431504232556916164646699995758709)
(3773961429765103201858667343705788196828886950565847667620092212652345331350089285005632491944667057221944601319043980355551822937480807884039469155236932114322185780073, 239, 1942668892225729070919461906823518906642406839052139521251812409738904285205208498129, 1942668380014697055916687637950763302545094346913367153484089898213675959154179571737)


(3773830518670923779108964909800473170546726184462189786451850321232829082612868565243537637418661312058554522264414322680570134752407091863255998097709678229072780450397, 241, 1942668892225729070919461906823518906642406839052139521251812409738904285205208498129, 1942600992775058170768622518665808215175185158140392107592245229329551894232577343693)
(3628960151762510058282149648864921997450334103958609565205995935773676534495845284487824177230285811972544372416558184219369361799399641031082406697912008762047422519619, 242, 1942668892225729070919461906823518906642406839052139521251812409738904285205208498129, 1868028137108215866999788700431977692637926368678683832571355923006702676589779353811)
(3772891134009508689911930395976454964531534263252070612254277586163060950640962085841792777077139736759223807855688145410313431031325195974095957100967347872822997283481, 242, 1942668892225729070919461906823518906642406839052139521251812409738904285205208498129, 1942117439110728461062411982864214067930948748857193772301975873951392528610430550089)
(3773656659616752227712063106578602362599754978187020199720985671767847311130908429653535735089580398938268799793402945883361414536732391862318795940756208366814582796389, 243, 1942668892225729070919461906823518906642406839052139521251812409738904285205208498129, 1942511497825678320512016718571542821483335123230124905654152443221076678823018233941)
(3773675780840056415717275137325182917560294493979295746747095577652346670415145477585516703527464683739259250872894801687257386186694240645900150753615296053495136777233, 243, 1942668892225729070919461906823518906642406839052139521251812409738904285205208498129, 1942521340585492259102733569857157580586463647164024635593238425519325593478692339777)
(3217240825489480502247922070184937891540187280971411146712267886938310456700106819158523978619513406197211404324589809579679662348943148904623399761828665345526902809389, 244, 1942668892225729070919461906823518906642406839052139521251812409738904285205208498129, 1656093242839476174196013379699387332251671141341094002633897728266471348641971830941)
(3773955656516045707282718881131321252409347179582666285741927236412417448938433266568204821773782195785399377385748637260304088159390804477497379469297524580592211976253, 244, 1942668892225729070919461906823518906642406839052139521251812409738904285205208498129, 1942665408201496876381761600819787666806085186137166083821147417695950091496649130157)
(3768027360980104857377147181041747924419701539698844479034602125891321711763122794078977505840246286158444470664830204464146369369961938070880396379831862874387345566623, 245, 1942668892225729070919461906823518906642406839052139521251812409738904285205208498129, 1939613783933632700588498609437515488653062219369493655533561499983470905156568088687)
(3771046061240493411734800865789182360506510969162328110429870282000497457765535465870417074926054602521370590283204326107640727279137572890007757593141536754716765060979, 245, 1942668892225729070919461906823518906642406839052139521251812409738904285205208498129, 1941167677277201922397452076784846194844495350028547606796163007734939409732125851651)
(3773909796520638513875470913556382495016742591780127407261080939543420295152992696332275729555306523326356081724944300221234037973992965042211691796905654825590556979583, 245, 1942668892225729070919461906823518906642406839052139521251812409738904285205208498129, 1942641801504755749644490967905682651041482020928654604611037954241077565661116366927)


(3762432724018770676819705440121147246218447726471100168710555119884296580348157300212678176279587624263098883120579474530660697130508355423448720029501405546508602825403, 246, 1942668892225729070919461906823518906642406839052139521251812409738904285205208498129, 1936733912338569289330703717914566649426044527912689166122137652374828454614929506507)
(3771547094241104665896965573757385216818020965170504012881953985226332210703120584871171814776384004913747824971584774067020879803312034406383336089449427945615515450499, 246, 1942668892225729070919461906823518906642406839052139521251812409738904285205208498129, 1941425586899688962490900754526671025278427245417883311392068157318494469589420736531)
(1930476475806062646319054071270723963635998924377851713054808759993661759521166840919796142407237518028915330976306160532500084721080505649864707815213832498171416133519, 248, 1942668892225729070919461906823518906642406839052139521251812409738904285205208498129, 993723883432499148373327828021710436137484226078160606971975079455929474294019522911)
(1913559146314077224239089111577939984644708520419654089681793527725193594895382794196655232538936705320963320819985356414562126918135484934054526913055711348430020278957, 249, 1942668892225729070919461906823518906642406839052139521251812409738904285205208498129, 985015590650499061020825236062632769403566544213162681834483644000129424274493538333)
(2044820375813048674719157416062617322377609412708410716269186231355664052091198517370443685019237728786591065626063685946787579306194271637712269764189862062378029416213, 249, 1942668892225729070919461906823518906642406839052139521251812409738904285205208498129, 1052583064461532581905725797782731646548283860364564180466071771531537689959456571397)
(2840181982228877408468223832220213730327111336575905339378804879300116942935722150528160808614987432582726473663903856792941883031065968174097582182946330586363243517523, 249, 1942668892225729070919461906823518906642406839052139521251812409738904285205208498129, 1462000031809260833937158463422168315343807213548777899201318700061845178557199810787)
(2912298721217784111120485162143229284038105514838321201261881282026975358196525737964699868093662414708128431546504278680181270266695977697966509527008007235193131760301, 249, 1942668892225729070919461906823518906642406839052139521251812409738904285205208498129, 1499122538520263994275088606674961933266612101608290268535520183130051885180534128669)
(3608298801463519580537422796433985733118396262041826434182008215360953650756871880035337383159146309714655935541950601729998964621184380041022340818966533797102646977419, 249, 1942668892225729070919461906823518906642406839052139521251812409738904285205208498129, 1857392588054193270781655626103475561399176507506097237333585644580406514938445562011)
(3702910729060324999817664979893623729600777759358126419206487182522586142513893654927954266123286508792436362944026554525516576946136723814011823194720283413013904472119, 249, 1942668892225729070919461906823518906642406839052139521251812409738904285205208498129, 1906094622649706809410506754387853572929332870509624334447066513039604704673183826311)
(1887432983903120879569910226938584061643871745140858483904682817332963074140898462653959112705867658766508613381759846904191757110375425845690732037219787788904527010989, 250, 1942668892225729070919461906823518906642406839052139521251812409738904285205208498129, 971566998090279794193039844221022799749316548733274447682684184090154435106098381341)


(1887076450442900152145885148668045747751199339834023377794978709084030084277111060971434171560917477188779785797018013078481070065854193235382069095432162981736364364549, 251, 1942668892225729070919461906823518906642406839052139521251812409738904285205208498129, 971383470438373943889409028543574706807651528889567043343913921148841603722941300981)
(2269964995500648986891441649656452421400517404779770546368950986049581317956660182521604693872627414623680970876607017152059073264023260905011385738094664096138617944279, 251, 1942668892225729070919461906823518906642406839052139521251812409738904285205208498129, 1168477554041612580795566216630181637049014432366673268315443059758294055485609869351)
(1892445833498751856342436991477266647760157612483268703512868189766864238464240709747043469462239100738890544711806536054799347045647693127099543474840809068306578258351, 252, 1942668892225729070919461906823518906642406839052139521251812409738904285205208498129, 974147391288364991623233776564966806283548644890381909123269833480890935439561589119)
(1887322823458333479156879991196823974084394030935978211095657483133770151326175588953689191989000479394739914080468607282225366530450477088677936818699335458826104076503, 253, 1942668892225729070919461906823518906642406839052139521251812409738904285205208498129, 971510292366917338516892736494269470294657573148847909735468387059259498579118522407)
(1886982807858370984417905939186615543733030181634263747873345417289360560414344050134124534901818803543896862119318558364214505966582530645423534524204045291334207010937, 254, 1942668892225729070919461906823518906642406839052139521251812409738904285205208498129, 971335267378704892012654809628357380485708265505547527813253640453395244191854886953)
(1887091131260603858072390196763664887724876875246360684809034595004766654069604750325256278353468969023088939528761065977918746575215076832209095761497171055306388533067, 254, 1942668892225729070919461906823518906642406839052139521251812409738904285205208498129, 971391027473832974693672288266806198647180477658456563147852445389021548911192440923)
(1887181036993407459086369160194373380553717859346513482564708445763251386724274351595832332332204991211765726455274135345550546763925933433681312997921370213764770558523, 254, 1942668892225729070919461906823518906642406839052139521251812409738904285205208498129, 971437306967555960806561695004821586679438881770165432412762461358638799477079539787)
(3685645211293018137430691633344841667749270255983116903024933302308995485740813172938671321165827502091772797532029092727774451415956491990923257508145265510204540190203, 254, 1942668892225729070919461906823518906642406839052139521251812409738904285205208498129, 1897207097947787255693148275131379428426783582245786198152599916247509548090781597707)
(1886982944397204965944138883801176333061426511040709698169150146216353760879110169572204791102747687813613207409944309064969640173125392648476496474352699794493389406161, 255, 1942668892225729070919461906823518906642406839052139521251812409738904285205208498129, 971335337662856003884711704524379541457337990686122566745853111802868447936153387009)
(1887989689473809098612972416769895305871424361625395978798460868976936083236341382099718559788245516697967430391081253000561439604451058101199408352649146137784132566147, 255, 1942668892225729070919461906823518906642406839052139521251812409738904285205208498129, 971853565488829321412437867039845513966918554261493258982774797291162134007905255443)


(1886996159832301699416341269544975274865378272597110498422571002467233759286154740329913831799009947072755932175304187282410377960889254726897681306681647954554217547401, 256, 1942668892225729070919461906823518906642406839052139521251812409738904285205208498129, 971342140384179035138685381622895239797928483698027283771855916153610590049330528569)
(1902950590887400483333431049505541711355454490866084739783729871773137693814861039894108413089387705187360266131810349592390390491628768898329308495682196758886701066321, 256, 1942668892225729070919461906823518906642406839052139521251812409738904285205208498129, 979554775650510850879018084495074779818031531282637502358416580055693593294059602049)
(1886981281241346956642769238093762997658114619514640247541259368941784694769667615665851969436633553387796321993148343959798477401899983840425378501045332824892775589217, 257, 1942668892225729070919461906823518906642406839052139521251812409738904285205208498129, 971334481543800067485638221683428336259562457241543183938807720822595039372276400273)
(1886981294538610024166976488818756329883440709269087599323959824339773697555716398870224544971524869503800236485786811548737452201917338068131360856559551108775657078549, 257, 1942668892225729070919461906823518906642406839052139521251812409738904285205208498129, 971334488388642809724353833921494780468838011779465097216581720785283343919639166981)
(1903127599354750389221126668942417484263382190780309155385616872812346410342594249970481743180099254465264377886725119475879304279239432571845026935349890857769229089077, 257, 1942668892225729070919461906823518906642406839052139521251812409738904285205208498129, 979645891778461562064229942299637476165697990750130719193613540068938912676316184613)
(1886985771916382493033654992226955928061966935423098590421018590531309373227973382087672175976748765401365693738138902260998795016076453454132759566756429842165228613573, 258, 1942668892225729070919461906823518906642406839052139521251812409738904285205208498129, 971336793144636168481575044665222117570130573159749812950088654412001764675734733237)
(1887051479828211061627508411389575156892069006496271618462975830376821310482665454151690621398884615974866297656299781200375075288531997427315118879230789574537489937331, 258, 1942668892225729070919461906823518906642406839052139521251812409738904285205208498129, 971370616670658292915093396783399267511106169781113418118892387074370288765655580739)
(1887125859254721518104164987435197865826941016752673913475120451687329767194235833908996147491787425522741735196154706273887822718685428483448070684424061607514090766007, 258, 1942668892225729070919461906823518906642406839052139521251812409738904285205208498129, 971408903908801710889772321184782433595334749104649571204923436079923549553899339783)
(1886981945927038358038391855488902069242697273287914304246558261704323259554661567255269337254131832968018066876982996110858503723882342933156937381378334147801069387541, 259, 1942668892225729070919461906823518906642406839052139521251812409738904285205208498129, 971334823694587605891458966142329334155327740662404471346258905434097735574145204229)
(1887238972397121220570391285184091423616005933077281453569708785752793577489812493760644209040372164191111741980281169757804933771280846243291780331326549401466096842591, 260, 1942668892225729070919461906823518906642406839052139521251812409738904285205208498129, 971467129550264527522075303700228946269592932144402613621523807118665079852348997679)


(1886981215414370629832607653788173696337005308445796912379753480596429107505524235545119152296689256401301494384617110399039096021633221457295851963578870383368088845349, 261, 1942668892225729070919461906823518906642406839052139521251812409738904285205208498129, 971334447658984909205246227663040810807554118945306239588145607649187017233960796181)
(1886981219254398245518003266068126582444249184307748563161056957398436144584571176619316464528860398442780987195124684895343405330265463505214586193268254796586338483801, 262, 1942668892225729070919461906823518906642406839052139521251812409738904285205208498129, 971334449635661238894063986768231689972746420305708031504397841391222617096228700169)
(1886994597503636557446808206949742888922309149051471987326655136175635097979515163252534715408107594302855788944243608024096903019184903369225998157330240736124794305949, 262, 1942668892225729070919461906823518906642406839052139521251812409738904285205208498129, 971341336166501285638682656921117124764857275560485553346095609691967160552750317581)
(1886981212464568667451676339943856497387199179929348202082866341526341763766417772111489505552287443505129068970892412309274996252017533280638345113728055220379727154093, 263, 1942668892225729070919461906823518906642406839052139521251812409738904285205208498129, 971334446140557361317081416198604696546348591839939057182429120272882073392834937117)
(1886981213495769041259530832758325823635147520651466999567173825379163628461190271512707342184764641577560981784381843687840362731368016086873192250273106337556309472179, 263, 1942668892225729070919461906823518906642406839052139521251812409738904285205208498129, 971334446671373692362770397961868772619764365586589295592228874774549695049586704451)
(1886981297181202235401115560969808787555605836928133470415068602044425508825187014584483743385890095261224144562113703218612509834277365483677574806776564367259999390543, 263, 1942668892225729070919461906823518906642406839052139521251812409738904285205208498129, 971334489748932369005093154965385192346655623949183132520201183619788160851907707167)
(1886981213526444010833250441391354384389636526927682369913779753865929867737950086223872741131031104132821365901679613544444221298776609542729805005062599630445954983641, 264, 1942668892225729070919461906823518906642406839052139521251812409738904285205208498129, 971334446687163809606360521881927707352050719036570487434777817589862306329229525129)
(1886981214304413211238268156316965908937877021503555803795468171555152096751625210276057608964478588447790411458923863443047406287750845650742158747606511088183969574073, 264, 1942668892225729070919461906823518906642406839052139521251812409738904285205208498129, 971334447087627935798082811417503336135243793848003576172972382847074577115493957737)
(1886981212415774302442632743449231726912478554409918920020275473926461292782353341844409086601646338937559579928349227846979002274732754588496883474755283293467152743649, 265, 1942668892225729070919461906823518906642406839052139521251812409738904285205208498129, 971334446115440180924523856935182761274556926962106358855458041002006857111373348881)
(1886981212762937226250664870968430254243367007063752850720509699996047769047804465993943652343050930125837153806613609623723809657884837675102239567491632944826598552781, 265, 1942668892225729070919461906823518906642406839052139521251812409738904285205208498129, 971334446294144295247518541416692249446926896960832865208845915855292062062742601789)


(1886981212411089949547109048587568051928730386919130816586706006490119123502953050975445310769754285121041676786907341705690047017569411119865209596599982118055197004643, 266, 1942668892225729070919461906823518906642406839052139521251812409738904285205208498129, 971334446113028883294613903711947743445173891194656252658306012199296950210683470067)
(1886981212419275416288339004116857994190135055979956969420177662647219357764345187496188730478136314802667164413597263153018773686533585379637451487328398367632790649611, 267, 1942668892225729070919461906823518906642406839052139521251812409738904285205208498129, 971334446117242399439329542904176661899094015233377654685816033191223671249312940059)
(1886981213304836828409174521586479367401321944603863025519755421532863467167050956288298347157793545533719396292159686376914014992379752766825088960687267298889317736039, 267, 1942668892225729070919461906823518906642406839052139521251812409738904285205208498129, 971334446573090236229592723167377561107491169259140834662658006334077164156100804791)
(1886981213385642334850956068656337122559259027752649293479010628322058941098001097815842945560789055585203216460140782722946811633796747835803295322649777765172058771289, 267, 1942668892225729070919461906823518906642406839052139521251812409738904285205208498129, 971334446614685336025112753473299976000469232404700555660685883505402907021883212041)
(1886981212410795396766648122157536785067051052237017754268834867348102259012486288537960374870289583625098162053545563886911266904849162595924727880957002255895638297893, 268, 1942668892225729070919461906823518906642406839052139521251812409738904285205208498129, 971334446112877260554557848513742536152324492791747717358073644019663223506641879317)
(1886981212411283105780099784127033790226360789889904816200558915657216953560001667203345725947320852107374679387644817737520790499857824683267863927687128466458329218179, 268, 1942668892225729070919461906823518906642406839052139521251812409738904285205208498129, 971334446113128311577922355271510475396814819592580626446936341830607260325282578451)
(1886981212410921932953986955417664014927971619909845840783766708060604525123611412701535545107685922525278859169782575786814995326268958223184796577535731727948782226349, 269, 1942668892225729070919461906823518906642406839052139521251812409738904285205208498129, 971334446112942395785705684459486451660774732219455224698998502042777569829003985181)
(1886981212411384921321567785723758680478690915533935362634759039144429041854714931423719473841752125805904616578410272075199927426376115195139522061075982321481894803567, 269, 1942668892225729070919461906823518906642406839052139521251812409738904285205208498129, 971334446113180721714243296115271308074143985754610177055693760703510525743607055423)
(1886981212410850284980361324664413166231887457419602122922662917458492314842146524183090114559302054444403645296187767520411242632431944909392327792653671314744793885693, 270, 1942668892225729070919461906823518906642406839052139521251812409738904285205208498129, 971334446112905514578665022384247347184135689364693689085428466539623420090183057517)
(1886981212411575144596573846320108886958352960975868976137338693725475494882697732186952788148518903831902578842219948332739123738845404976604743144227192071863870152483, 270, 1942668892225729070919461906823518906642406839052139521251812409738904285205208498129, 971334446113278640240538387239005538672940041053216827164236428062761894056032207027)


(1886981212410771095114775101200293807146741804140911697918285043635105135057369542716325057463948057631604089725530307777319283923650791485741703769313767999305785792741, 271, 1942668892225729070919461906823518906642406839052139521251812409738904285205208498129, 971334446112864751139304290616877810657324115683115149723061585194031991431486243029)
(1886981212410771933102770722612612530523304192006294665378648830659691242779959775551926528558818659701525412651241605985234268470314887735437013295176780945298127045529, 271, 1942668892225729070919461906823518906642406839052139521251812409738904285205208498129, 971334446112865182498450965027114525329565507997205927917372345843191689089250230601)
(1886981212410794558778652500745218061690488664371634786808471080323516151289896055947135184195860844491029039387597647915939544078754646023957781982195929245759567809359, 271, 1942668892225729070919461906823518906642406839052139521251812409738904285205208498129, 971334446112876829195411174103505821480083100477656939163762883370503525848877891871)
(1886981212410832687232453275005719975324077312246559806255023389942184052667751639837926514947521862898374850329634137142562082134115561578144461030316075228453985566607, 271, 1942668892225729070919461906823518906642406839052139521251812409738904285205208498129, 971334446112896456036584859769276339067066450768787347004902492907269769277139321183)
(1886981212410771514108772911906453168835022998073603181648466937147398188918664659293424642173893142481960627547914507225954136999258280353237976130835425859129053265713, 272, 1942668892225729070919461906823518906642406839052139521251812409738904285205208498129, 971334446112864966818877627821996167993444811840160538820216965518611840260368236897)
(1886981212410812994514556171816229975974861197410060070936474394864410521186881172887009312266521233312965880833746232078045241081269824969676219462772406912596863613237, 272, 1942668892225729070919461906823518906642406839052139521251812409738904285205208498129, 971334446112886319096638011128713544269393731387654059438599617652016874319685615653)
(1886981212410770676120777290494134445458460610208220214188103150122812081196074426170308175029614637915958942412322410834962940272877534958274429963614578702765854289833, 273, 971334446112864535459730953411759453321203419526069760625906204869452142602604249177, 1942668892225729070919461906823518906642406839052139521251812409738904285205208498129)
(1886981212410773609078761965437249977276428967737060600299376404708863458225140240846251705656768424082992448578901534512437310787528013111976024857555375507472360914079, 273, 1942668892225729070919461906823518906642406839052139521251812409738904285205208498129, 971334446112866045216744313847587954674048292625387484305993867141511084404778205551)
(1886981212410777380024742261792684232470959713131283953871013446319500942976796287102832603000971832505974885863198742706831847821160456786702112586027017015606518999779, 273, 1942668892225729070919461906823518906642406839052139521251812409738904285205208498129, 971334446112867986332904348693653170699134558038795986180392290062729723864716148851)
(1886981212410774866060755397555728062341272549535135051489922085245742619809025589633413378164899350167203575329823944230132146235010672386084010809012866477210833242301, 274, 1942668892225729070919461906823518906642406839052139521251812409738904285205208498129, 971334446112866692255464325462943026682410381096523651597460008115250630891424186669)