(463168356949275888850045858240664344183592986215444076572121977175611258437737, 2, 680564733841886296101851228239640395783, 680564733841883878250211998981290983439)
(463168356949264781694283940034751631475691894176014933435091263799097869468923, 4, 680564733841876926926749214863536422929, 680564733841876926926749214863536422987)
(463168356949273420593209876366472945190485360760756153235844140578473305455481, 4, 680564733841876926926749214863536422987, 680564733841889620647855168469870837963)
(463168356949611366091669729876625947463276586276467759725534378689451742201041, 4, 680564733841899140938684633674621649033, 680564733842363972916326458592296173577)
(1852673427796832869900504094945881650707326788188803833100451121389663751770371, 4, 1361129467683591555562215165760368541763, 1361129467683749924844584682182255050817)
(1852673427796837806414176057975388331215242676093558338370272372813060663941073, 5, 1361129467683591555562215165760368541763, 1361129467683753551622043526069779169371)
(1852673427797047196869095181407806354327566404761872079646800433581939027390201, 5, 1361129467683752040464769007783310786749, 1361129467683746902530035645609318285549)
(1852673427797048225309443507165008095172126752066532666330423571873220249256781, 5, 1361129467683749773728857230353608212493, 1361129467683749924844584682182255050817)
(1852673427797051104942418819266949872491490636062060872020398576849799400655257, 5, 1361129467683749773728857230353608212493, 1361129467683752040464769007783310786749)
(1852673427797053367511185135919046453552848359503187302998663641823679654926107, 5, 1361129467683753551622043526069779169371, 1361129467683749924844584682182255050817)


(463168356949273420593209876366472945151012606197926555238268540807220796853627, 8, 680564733841876926926749214863536422929, 680564733841889620647855168469870837963)
(463168356949448255452425254508451910501435413662179983613993610980704510804291, 8, 680564733841876926926749214863536422929, 680564733842146517384523277169495900179)
(1852673427796957928246860506254119511784313190136682673904637651487964142766021, 8, 1361129467683683585040233329406293049497, 1361129467683749773728857230353608212493)
(1852673427796832664212434429819652205616859450796549525343499113723723448845159, 9, 1361129467683591555562215165760368541763, 1361129467683749773728857230353608212493)
(463168356949316203711700227723568974362009262520210959745881039083401956560557, 10, 680564733841876926926749214863536422929, 680564733841952484790475129186955559133)
(463168356949316203711700227723568974401482017083044203863728596576245378990271, 10, 680564733841876926926749214863536422987, 680564733841952484790475129186955559133)
(463168356949448255452425254508451910540908168225024481622295961056535273014673, 10, 680564733841876926926749214863536422987, 680564733842146517384523277169495900179)
(463168356949456894351351194262279308026538063220898672196687220471399731695377, 10, 680564733842146517384523277169495900179, 680564733841889620647855168469870837963)
(463168356949499677469841562566948323726684959033117375238842787720716099784807, 10, 680564733842146517384523277169495900179, 680564733841952484790475129186955559133)
(1852673427791831770174666215803155441933248835928696896766726499235878408291443, 10, 1361129467683591555562215165760368541763, 1361129467680075697047320920463029305361)


(1852673427791957034209091954114263547607237356138994025053159742490598300453417, 11, 1361129467683683585040233329406293049497, 1361129467680075697047320920463029305361)
(1852673427792047125583605046692695978014275202853499438686697828590578672074973, 11, 1361129467683749773728857230353608212493, 1361129467680075697047320920463029305361)
(1852673427796742572837921104531155287183808554426346815062242494606476270643211, 11, 1361129467683591555562215165760368541763, 1361129467683683585040233329406293049497)
(463168357450971202231036221052531462552536483524519375273691592707851587421357, 13, 680564734578798665358962232487596523583, 680564733842146517384523277169495900179)
(463170806516030646177961319815077272307899254432324699513855313346127667927641, 14, 680567853133784091386799852071461847111, 680565213862638685950223805688248795231)
(463168357450839150490168207431130053333144536320851225378572012760766785533539, 15, 680564734578798665358962232487596523583, 680564733841952484790475129186955559133)
(463168446411473936159699861904972850429330086406669212883320299203496914191029, 15, 680564864557856888399112076977244209163, 680564734578798665358962232487596523583)
(1852599901015788666468915109785920246939944621000219782897820736182943131637153, 15, 1361129164834135888538107380707627106353, 1361075751573909068825256736182908223601)
(1852673427758619728942063401980489451643443743478199509952472759845567376392923, 15, 1361129467659191201282023297812686438443, 1361129467680075697047320920463029305361)
(1852673427763405267570806440641394830964039943760078065011518242815469974195009, 15, 1361129467659191201282023297812686438443, 1361129467683591555562215165760368541763)


(1852673015574513390917458247030631903450983766984465150997241556449244060058433, 16, 1361129164834135888538107380707627106353, 1361129467680075697047320920463029305361)
(1852673427763530531605230256963258983748714919192618833601232449715862442613171, 16, 1361129467659191201282023297812686438443, 1361129467683683585040233329406293049497)
(1852673427763620622979741967224304137693487851933249048135055541126131708068399, 16, 1361129467659191201282023297812686438443, 1361129467683749773728857230353608212493)
(463168357450787728472696239510023585376215084521065440831624889097479610434607, 17, 680564733841876926926749214863536422929, 680564734578798665358962232487596523583)
(463168357450787728472696239510023585415687839126635763422444698581760208802421, 17, 680564733841876926926749214863536422987, 680564734578798665358962232487596523583)
(1852600313212053802442420431839145715891604966901391397160623062334785496024961, 17, 1361075751573909068825256736182908223601, 1361129467680075697047320920463029305361)
(463168445909950893053840368351166066379177681591843339445703507659376669229881, 18, 680564733841876926926749214863536422987, 680564864557856888399112076977244209163)
(551088556286813118110724588661285459973630352418131728453400594436798678040609, 19, 680564864557856888399112076977244209163, 809751700368544965270552019384653578243)
(463168445909950893053840368351166066339704919447487639918555007194696505098427, 20, 680564733841876926926749214863536422929, 680564864557856888399112076977244209163)
(463168445910134366847221463701064834976518373339869576719198535681797645140177, 20, 680564864557856888399112076977244209163, 680564733842146517384523277169495900179)


(1845997200896459517727685843876042301232437707413483303693621196020438077015091, 21, 1361129467659191201282023297812686438443, 1356224550829188849570634106235531558937)
(1845997200929676689888900364291279870098974015559444171968024391288296113704689, 21, 1361129467683683585040233329406293049497, 1356224550829188849570634106235531558937)
(1852673015546086894638456646269526379322126675680709702644415667988745548728379, 21, 1361129164834135888538107380707627106353, 1361129467659191201282023297812686438443)
(1852600313183628421672425848834268711723725812691819165922949367345232566293243, 22, 1361129467659191201282023297812686438443, 1361075751573909068825256736182908223601)
(463170568790425208853697702993350987882377541125692030098206932577316411278093, 23, 680567853133784091386799852071461847111, 680564864557856888399112076977244209163)
(1852600313216839152213007644529204241739265510541352174622183833988953110748563, 23, 1361129467683591555562215165760368541763, 1361075751573909068825256736182908223601)
(1852600313217054499123082638584327222689202831010953399624490938075819565647293, 24, 1361075751573909068825256736182908223601, 1361129467683749773728857230353608212493)
(1852673015579298928481511236446905771662810633007159054196290345154601923120339, 24, 1361129164834135888538107380707627106353, 1361129467683591555562215165760368541763)
(463170479829331356195710382206973038371472374057357259913798326512276819940557, 25, 680567853133784091386799852071461847111, 680564733841876926926749214863536422987)
(492454343973333337435305329227286288795864535264931008430103912688620476040411, 25, 680564864557856888399112076977244209163, 723596485242103320987213862231483613297)


(1852600313216964411303968171157255717924390771434823655079639599465929436578697, 26, 1361129467683683585040233329406293049497, 1361075751573909068825256736182908223601)
(463170479829331356195710382206973038331999438575597782613363935092132032808119, 27, 680564733841876926926749214863536422929, 680567853133784091386799852071461847111)
(492454249387709672336695282786709094059029970705312961236172671749171280086913, 27, 680564733841876926926749214863536422929, 723596485242103320987213862231483613297)
(1852673015579424192488066220997516568036188388407970866684763201943898312154441, 27, 1361129164834135888538107380707627106353, 1361129467683683585040233329406293049497)
(1852673015579514283842534337964950933626038258507847578283677236719078334268029, 27, 1361129164834135888538107380707627106353, 1361129467683749773728857230353608212493)
(492456506496370140677234699848149511012450779275274543999350931308132060634967, 28, 680567853133784091386799852071461847111, 723596485242103320987213862231483613297)
(492454249387709672336695282786709094100998566849354953853431075758597329658139, 29, 680564733841876926926749214863536422987, 723596485242103320987213862231483613297)
(984908498775368498407089805295076243837892834041412744748627686282022428361609, 29, 723596485242103320987213862231483613297, 1361129467683683585040233329406293049497)
(984908279634500228057423416990642507429812645621639984042615776591492943975841, 30, 1361129164834135888538107380707627106353, 723596485242103320987213862231483613297)
(984908498775301906200257196672473568250800032504503052672741425195670086622611, 30, 1361129467683591555562215165760368541763, 723596485242103320987213862231483613297)


(926336507789759918709589816423252553443830408699031194135695052749668670767937, 31, 680564733841876926926749214863536422929, 1361129164834135888538107380707627106353)
(926340959658659935589753185105234438212412277266808852885553409584368766157723, 31, 680567853133784091386799852071461847111, 1361129467683749773728857230353608212493)
(984869629987134779482790313966125946574587762345335509518011432154895092822497, 31, 723596485242103320987213862231483613297, 1361075751573909068825256736182908223601)
(984908498775416392309540844008869301010629087465592002691028271995373016319421, 31, 723596485242103320987213862231483613297, 1361129467683749773728857230353608212493)
(926340959658552257391754831911860903291847211998982193676437197870481524396693, 32, 680567853133784091386799852071461847111, 1361129467683591555562215165760368541763)
(922998600464885995089304062560483143658036785111078812399977321883347921666473, 33, 680564733841876926926749214863536422929, 1356224550829188849570634106235531558937)
(984908498757645895604448249095447604935141052554017033958955870323255606776571, 33, 1361129467659191201282023297812686438443, 723596485242103320987213862231483613297)
(923002830925151694332980207672847685369326751457417987900286565344571379681007, 34, 680567853133784091386799852071461847111, 1356224550829188849570634106235531558937)
(926300156608530026240897587123819924867790875222921557115813012490705235347329, 34, 680564733841876926926749214863536422929, 1361075751573909068825256736182908223601)
(926336507789759918709589816423252553522775900259411075670905280830711042936411, 35, 1361129164834135888538107380707627106353, 680564733841876926926749214863536422987)


(926300156608530026240897587123819924946733268814208283107677903189313912316187, 36, 680564733841876926926749214863536422987, 1361075751573909068825256736182908223601)
(926336891819899009318206919676296669238460346272663767231376741929263841673359, 36, 680564864557856888399112076977244209163, 1361129467683749773728857230353608212493)
(926336891819791331593055570555588143063709400865211954280059941150606472774369, 37, 680564864557856888399112076977244209163, 1361129467683591555562215165760368541763)
(926300334522880695021931275689266865319386053391218587118371979966368417055963, 38, 680564864557856888399112076977244209163, 1361075751573909068825256736182908223601)
(926336891819853963622298332365054707079071199741531329317765749243119379941011, 38, 680564864557856888399112076977244209163, 1361129467683683585040233329406293049497)
(926304402201106948520555352574074457472564911994443350765875556258319263866711, 39, 680567853133784091386799852071461847111, 1361075751573909068825256736182908223601)
(926340959641946160663580912687755896123788478848555624526189729416196778888173, 39, 680567853133784091386799852071461847111, 1361129467659191201282023297812686438443)
(926340959658614889696034676319467859213800382770841072610867288748416569453167, 39, 680567853133784091386799852071461847111, 1361129467683683585040233329406293049497)
(1845924349822825455234508689892241826463512510178054258216025644385140905872137, 39, 1361075751573909068825256736182908223601, 1356224550829188849570634106235531558937)
(926336891803185307787193068337284121730550800397061898367531923912724616053209, 40, 1361129467659191201282023297812686438443, 680564864557856888399112076977244209163)


(926336685711092554144109379328919682606809514692572076362817033698239578112539, 41, 1361129164834135888538107380707627106353, 680564864557856888399112076977244209163)
(926336713881813088278811413038006200403056566843458069452674302004112985689241, 42, 1361129467659191201282023297812686438443, 680564733841876926926749214863536422987)
(926340753548948391350035643998187585793753267057722617068957779021797422796183, 42, 680567853133784091386799852071461847111, 1361129164834135888538107380707627106353)
(926336713896026339580742995377875015991903309295292719987624780996737583022369, 43, 680564733841876926926749214863536422929, 1361129467680075697047320920463029305361)
(926336713896393287097024632729298431944651171852692515255625401598419765559619, 43, 1361129467680075697047320920463029305361, 680564733842146517384523277169495900179)
(926336713881813088278811413038006200324111057719224979778316950730977172259547, 44, 680564733841876926926749214863536422929, 1361129467659191201282023297812686438443)
(926336713881830366076662973909987463014193944388503553600147105267378427011609, 44, 1361129467659191201282023297812686438443, 680564733841889620647855168469870837963)
(926336714899072233134857080620584317356032675917086794660314861723074944828463, 44, 680564734578798665358962232487596523583, 1361129467680075697047320920463029305361)
(926336714901527634469143548853418155762589723727496826004207773601672946787751, 45, 1361129467683683585040233329406293049497, 680564734578798665358962232487596523583)
(926336714901572680156448992752307421475961220334907723422770754587985549722419, 45, 1361129467683749773728857230353608212493, 680564734578798665358962232487596523583)


(926336713882180035795087420128655869225076713576561392227772627321161756181297, 46, 1361129467659191201282023297812686438443, 680564733842146517384523277169495900179)
(926336714901465002451862691925510477901622364991844317184227488816513949896829, 46, 1361129467683591555562215165760368541763, 680564734578798665358962232487596523583)
(926336713896026339580742995377875016070848818420737110416369394383593282733307, 47, 680564733841876926926749214863536422987, 1361129467680075697047320920463029305361)
(926336714884858981817535259355072186581205402637871893220508880074856527301269, 47, 1361129467659191201282023297812686438443, 680564734578798665358962232487596523583)
(926336713898419108895157694113923610667463262416152666941938352842862342706081, 49, 680564733841876926926749214863536422987, 1361129467683591555562215165760368541763)
(926336713898436386693009564717196992495530660387086322942114693957885171348769, 49, 1361129467683591555562215165760368541763, 680564733841889620647855168469870837963)
(926336713898786056411440279307253525715711461936135151837259482339913240675577, 49, 1361129467683591555562215165760368541763, 680564733842146517384523277169495900179)
(926336713898481740912370732518903134161557409554503242320042292622554522716713, 50, 680564733841876926926749214863536422929, 1361129467683683585040233329406293049497)
(926336713898848688428653342522502156913492694761135665863827513720965018159963, 50, 1361129467683683585040233329406293049497, 680564733842146517384523277169495900179)
(926336713898893734115910028381745014681912593571649357250678286018188148736247, 50, 1361129467683749773728857230353608212493, 680564733842146517384523277169495900179)


(926336713898419108895157694113923610588517753290504356719329873228760967283827, 51, 680564733841876926926749214863536422929, 1361129467683591555562215165760368541763)
(926336713898521952929990257228646120710490701051730467912431290244445526571479, 51, 1361129467683591555562215165760368541763, 680564733841952484790475129186955559133)
(926336713898557022745868177604695786592116605437569427349554034082639131969269, 51, 1361129467683749773728857230353608212493, 680564733841899140938684633674621649033)
(926336713898449345041398467669652028646078235100544732941168092940972589065179, 52, 1361129467683591555562215165760368541763, 680564733841899140938684633674621649033)
(926336713898481740912370732518903134240502918680156890252375825728119519587539, 52, 680564733841876926926749214863536422987, 1361129467683683585040233329406293049497)
(926336713898499018710222604290373043557627655457786250536287574948698025654611, 52, 1361129467683683585040233329406293049497, 680564733841889620647855168469870837963)
(926336713898526786599627400534307126347650854286715500152325728106522949451997, 52, 680564733841876926926749214863536422929, 1361129467683749773728857230353608212493)
(926336713898526786599627400534307126426596363412372987028599447467032225776591, 52, 680564733841876926926749214863536422987, 1361129467683749773728857230353608212493)
(926336713898544064397479273145957789504323915292352360551473423428684475271759, 52, 1361129467683749773728857230353608212493, 680564733841889620647855168469870837963)
(926336713898584584947203302587176403146966897831723868660880148110563279406101, 52, 1361129467683683585040233329406293049497, 680564733841952484790475129186955559133)


(926336713898529254856463382343256179289540084815465440886290119787754626774623, 56, 680564733841877078042476666692183261301, 1361129467683753098274861170583838654723)
(926336713898529460544533047494125628173933639448969917745112414811789866303743, 56, 680564733841876926926749214863536422929, 1361129467683753702737770977898426007567)
(926336713898529563388567880069457591121176825107540626806282757438093628811671, 56, 1361129467683753551622043526069779169371, 680564733841877078042476666692183261301)
(926336713898529666232602712644858061718111110528061480552097436654362964264667, 56, 1361129467683753702737770977898426007567, 680564733841877078042476666692183261301)
(926336713898530180452776875519302787165485659235594074201055843860269236239309, 56, 1361129467683752040464769007783310786749, 680564733841878286968296281321357967441)
(926336713898531517425229698992087217444872964443739559367018625542380347983343, 56, 680564733841879949241298251436473188401, 1361129467683750680423221941325489242143)
(926336713898532648709612857330101553187900546089750721310811569989073024094199, 56, 1361129467683753551622043526069779169371, 680564733841879344778388444121885835669)
(926336713898532751553647689905844563231084261881725434938694339080067112507323, 56, 1361129467683753702737770977898426007567, 680564733841879344778388444121885835669)
(926336713898537688067319653510680497248482302440111245173341607490743869378109, 56, 680564733841883878250211998981290983439, 1361129467683751889349041555954663948531)
(926336713898529254856463382343370359125373503621206426834337028479264669855047, 57, 680564733841876926926749214863536422987, 1361129467683753400506316074241132331381)


(1852673427797056452832230113179188024151346912264411854725194600203237514541889, 72, 1361129467683753853853498429727072845819, 1361129467683751889349041555954663948531)
(1852673427797058715400996429837495987027081249533425611889913075206458970209849, 72, 1361129467683753853853498429727072845819, 1361129467683753551622043526069779169371)
(1852673427797058509712926764686740718039771939751431076590195065451153828346039, 73, 1361129467683753853853498429727072845819, 1361129467683753400506316074241132331381)
(1852673427797058098336787434385230179142307541097856893078087110585588155153137, 74, 1361129467683753853853498429727072845819, 1361129467683753098274861170583838654723)
(1852673427797058304024857099535985448238507208294551736686084994719059124682467, 74, 1361129467683753853853498429727072845819, 1361129467683753249390588622412485492793)
(1852673427797058921089066094988251256294783229658273441083451761485541118312373, 74, 1361129467683753853853498429727072845819, 1361129467683753702737770977898426007567)
(1852673427797052133382767145013327367185740386291183305325157892352492963888567, 75, 1361129467683753853853498429727072845819, 1361129467683748715918765067553080344693)
(1852673427797054807327672791973145868893604907764951061017016397594380596150117, 75, 1361129467683753853853498429727072845819, 1361129467683750680423221941325489242143)
(1852673427797056658520299778329943293448993740678302268703510251936315265252431, 75, 1361129467683753853853498429727072845819, 1361129467683752040464769007783310786749)
(1852673427797057892648717769234474909493489310021557984805568863982925610221293, 75, 1361129467683753853853498429727072845819, 1361129467683752947159133718755191816247)


(1852673427795371250477463533041266066075923507883221860872705975878605363740417, 76, 1361129467683753853853498429727072845819, 1361129467682513798194028723851117985843)
(1852673427796963481824741465037806268270030769869342824823515485398263616503043, 76, 1361129467683753853853498429727072845819, 1361129467683683585040233329406293049497)
(1852673427797049665125931163204264134895302086387476302750722900659665492769631, 76, 1361129467683753853853498429727072845819, 1361129467683746902530035645609318285549)
(1852673427796838217790315388227847221123951457341348642771733354992867561438897, 77, 1361129467683753853853498429727072845819, 1361129467683591555562215165760368541763)
(1852673427797053778887324466219369522084144211322133081616012509513402650984123, 77, 1361129467683753853853498429727072845819, 1361129467683749924844584682182255050817)
(1852673427797056247144160448028432754480750609705172884791020378724941804076941, 77, 1361129467683753853853498429727072845819, 1361129467683751738233314104126017110039)
(1852673427621699968672181148884859423012420883205280059781443557334472875572993, 78, 1361129467683753853853498429727072845819, 1361129467554920291530169368693750890547)
(1852673427797037940905960249611213780437705623439334988270185933774893311066037, 78, 1361129467683753853853498429727072845819, 1361129467683738288933570891376448503823)
(1852673427797053573199254801068614252642217659333764759129226024229255178616767, 78, 1361129467683753853853498429727072845819, 1361129467683749773728857230353608212493)
(1852673427796518578530055743954158618281294182880099196975533423888827802451923, 79, 1361129467683753853853498429727072845819, 1361129467683356721721755024043181867017)


(1852673427794801700212560730599925177400277952164096896110944085929469050617481, 81, 1361129467683753853853498429727072845819, 1361129467682095358744714610328022810699)
(1852673427795904599642105268949679545467664426986382446335162040712315264827117, 81, 1361129467683753853853498429727072845819, 1361129467682905641275311315532369625143)
(1852673427792052679161485990755750031930722569351062487790404046095417023135659, 83, 1361129467683753853853498429727072845819, 1361129467680075697047320920463029305361)
(1852673427631584308859939968429329053501839255472289367998958801231826965757767, 84, 1361129467683753853853498429727072845819, 1361129467562182157812866994317564051493)
(1852673427745970529721775280695955389436908591930498633859669640632308097613399, 84, 1361129467683753853853498429727072845819, 1361129467646219880584740682254029684821)
(1852673427752461428136198443079990934849377461274790099713747397617531618327781, 84, 1361129467683753853853498429727072845819, 1361129467650988639595938038862305034399)
(1852673427763626176557622826076012400595138066199741502706634992847259573419817, 84, 1361129467683753853853498429727072845819, 1361129467659191201282023297812686438443)
(1852673427772667607035893857825388148085402069510798900638043964255683160834033, 84, 1361129467683753853853498429727072845819, 1361129467665833795313623329641756360707)
(1852673396927618448491454419087294083848606438996792238636297633017737588505469, 85, 1361129467683753853853498429727072845819, 1361129445004470647373159960950205317351)
(1852673423694587128865762119105298274075451575750172259985908531291377710923761, 85, 1361129467683753853853498429727072845819, 1361129464669733442633846560071998242819)


(1852673316584795852715679242069202173825994105789358037745591706856465067147249, 86, 1361129467683753853853498429727072845819, 1361129385977886840840874359131595603971)
(1852673427760648430373080438591977714458207872503130473042942461049653132525463, 86, 1361129467683753853853498429727072845819, 1361129467657003498895703174492408774677)
(1852672416090140161298115826084918438170401000526674380757485820475450608055373, 87, 1361129467683753853853498429727072845819, 1361128724398898896514502075433214804567)
(1852673243861946347588982888504338034675160457856220174064980801244156779298621, 87, 1361129467683753853853498429727072845819, 1361129332549575110230987928045847838759)
(1852673427075173809223486687636558312843303359315627206618823706223666828148591, 87, 1361129467683753853853498429727072845819, 1361129467153396283399831188839711375389)
(1852653212790072321333306949628797223617556979192289007026668499048190017797089, 88, 1361129467683753853853498429727072845819, 1361114616042182089558817954746985349331)
(1852673407749965550802838563389782804215015224557682372058174713240696827936503, 88, 1361129467683753853853498429727072845819, 1361129452955475573251275480599871094837)
(1852673421718725728726939458007660474783488589875954331972428738538079376113629, 89, 1361129467683753853853498429727072845819, 1361129463218099746464470684706992553991)
(1731450887947080073754597325534161330667653254033893167903559277379131199717261, 90, 1361129467683753853853498429727072845819, 1272069210942516350947733126267373879319)
(1852665893268234078594149422300938570816496677453877149167875293865321265363827, 90, 1361129467683753853853498429727072845819, 1361123932186210133961930008640356352233)


(1852673019761912551863156595292393325985720404796326322648151351451271691239259, 91, 1361129467683753853853498429727072845819, 1361129167906872769006349626577652809761)
(1243842628005736884502361590816924640283940045866866744520823758373239314709973, 92, 1361129467683753853853498429727072845819, 913831239082932331379531360263372537967)
(1265481461511286161972731703031043544304281755873560489445125194287333859392611, 92, 1361129467683753853853498429727072845819, 929728943173030588749300656509009526969)
(1852600313217060052481795174247639849682499796134460660547441012270277049974219, 92, 1361129467683753853853498429727072845819, 1361075751573909068825256736182908223601)
(1852669218615755512359152622894153752773505825606488180572064491902792407973713, 92, 1361129467683753853853498429727072845819, 1361126375265726362890921896024465211427)
(1845997200929771990178608125120966287263180812739819259666699913623510112534403, 93, 1361129467683753853853498429727072845819, 1356224550829188849570634106235531558937)
(1848951671645154426808362910846651559404750990777344422803351164063544994954849, 93, 1361129467683753853853498429727072845819, 1358395153101440060014026747863040524371)
(1852545236860821422047116041904415315244262226274167525651050387401657028706099, 94, 1361129467683753853853498429727072845819, 1361035287857895077620617469977773998121)
(1781728923995285540213007492255348656343909172026754379110545851887864506220249, 95, 1361129467683753853853498429727072845819, 1309007678033206884965618648980402470971)
(1852673015579519837419179632846505106834576779969531088618403917651739884388107, 95, 1361129467683753853853498429727072845819, 1361129164834135888538107380707627106353)


(1568226163377258301479390998278588569121829505973438352275160061042513336597953, 96, 1361129467683753853853498429727072845819, 1152150622413548022309049482642060214387)
(1851379727438655892751966943003345607759194425158325159753688334268522641227281, 96, 1361129467683753853853498429727072845819, 1360179006769403997439696330382167244899)
(1836118094037389272181685094790409979856317165682411063450082335085031057260379, 97, 1361129467683753853853498429727072845819, 1348966529364710468801558797603158622241)
(1851796741266496356207154244558480103569989322120737410646726940251310209891807, 97, 1361129467683753853853498429727072845819, 1360485380143679774161094823875700588653)
(1852663940057502007622764633219920120602297085048849002329215865165209720061267, 97, 1361129467683753853853498429727072845819, 1361122497193596687154775481345801977993)
(1821747186960437461486886280422733643023868410343614539697365025298770582044407, 98, 1361129467683753853853498429727072845819, 1338408454311492415013082194472075264053)
(984908498775419344673390565573418188089839678486183892953844002871314699255243, 99, 1361129467683753853853498429727072845819, 723596485242103320987213862231483613297)
(1290048521325700273392870692778288227408704814595843341879563136904768167870119, 99, 1361129467683753853853498429727072845819, 947777968190628728079023987422901829701)
(1841945543043356361440159129811349513210490136175141389492079579330015131598693, 99, 1361129467683753853853498429727072845819, 1353247862731097511445442226671967010847)
(926935231664676829651996641923863217219819234610152750344042490431988090011343, 100, 1361129467683753853853498429727072845819, 681004455249984980953628197229885915197)


(1173751029830421487234560036331947800986953877843912978564650458672185575734851, 101, 1361129467683753853853498429727072845819, 862336065523439203536136170712690851929)
(926524519447762142077723929303297147574541035937343559348688120914547212025801, 102, 1361129467683753853853498429727072845819, 680702711568236910203058276822016851979)
(927219334968558515879759707067008004559561152757210969686713170016161239136599, 102, 1361129467683753853853498429727072845819, 681213181392961774595479980140165857621)
(926337367268933493598218072791111771229492051546517720115516723574101365489189, 103, 1361129467683753853853498429727072845819, 680565213862638685950223805688248795231)
(926340959658662712391420764413946076637456730878977985662642675953477053578909, 103, 1361129467683753853853498429727072845819, 680567853133784091386799852071461847111)
(926521232221765526669994550807596138547882395860700391203848115795641344458587, 103, 1361129467683753853853498429727072845819, 680700296495993849218194703271581450273)
(929062398245758961894846209090763245974301629661309750521398699730388429830827, 103, 1361129467683753853853498429727072845819, 682567250437059984606387508465327145233)
(926424388955045433701794168995070464524231976716638272344564498931231697665473, 104, 1361129467683753853853498429727072845819, 680629147300403445890664018638486372467)
(926824107090875622511747615672274766374171168751822390513330751685389843431409, 104, 1361129467683753853853498429727072845819, 680922813807021947600248528155189444611)
(1102176900878652157935655925681678645692732847193992374029706410595599391916017, 105, 1361129467683753853853498429727072845819, 809751700368544965270552019384653578243)


(926337112508053873052369104270292521328435608473338995323000207871008841924093, 106, 1361129467683753853853498429727072845819, 680565026693904433157424924718576697447)
(926337583646931572819048072634411476781228079080324688139411027997285779765711, 106, 1361129467683753853853498429727072845819, 680565372832085176175138110033784471869)
(926338021325800787508342396148719548221226634373242309081675207181630160502379, 106, 1361129467683753853853498429727072845819, 680565694387734073771431322471010140241)
(927709830402241793004212058733500305270824837854892058514533246507178977655787, 106, 1361129467683753853853498429727072845819, 681573540525086037231174638171653669073)
(926336724635271965050221926988698213641351608084688227085752735873579272371829, 108, 1361129467683753853853498429727072845819, 680564741729989451543870525471522291791)
(926336891819901786107680736702332132652867809177218861189544643387280486039497, 108, 1361129467683753853853498429727072845819, 680564864557856888399112076977244209163)
(973486471161061692238990891854986550800522451081502335529946330376295522762717, 108, 1361129467683753853853498429727072845819, 715204904657344827275425856604168257543)
(926336717502249952728162630329061432717778917089313205716967343567508839857921, 110, 1361129467683753853853498429727072845819, 680564736489472526684116788979756433459)
(926336774302046125088953471225201091219176937388070101427984993365734312640107, 110, 1361129467683753853853498429727072845819, 680564778219372231976303440672191414353)
(926336936021136467077350049785454988589764322836123098606318912760028652895561, 110, 1361129467683753853853498429727072845819, 680564897031795430180375773135639675019)


(926336714901575456945392479020047170725888144393557733714250251127942956449477, 111, 1361129467683753853853498429727072845819, 680564734578798665358962232487596523583)
(926367085108423889682773371406235733380937294811661083137194969805007133605753, 111, 1361129467683753853853498429727072845819, 680587047082913438503244835993482690587)
(926337717714977114682565883923166277821383593667548400438401632810108889071591, 112, 1361129467683753853853498429727072845819, 680565471329729026328721063253989392389)
(926340291171256679571936499376245819107567292199985269474758395119629173260203, 112, 1361129467683753853853498429727072845819, 680567362006803224246761390397844357137)
(926342620130363362227149110480348838243118810883984204605816691528786732120447, 112, 1361129467683753853853498429727072845819, 680569073055723975235777276383466619213)
(926336717274578764929479222939520974109179697766725709990946895609924056776429, 113, 1361129467683753853853498429727072845819, 680564736322206154745146503681997275191)
(926336774326537403543982971655125113692063581293286652142318454531604762066899, 113, 1361129467683753853853498429727072845819, 680564778237365581643992677651224461321)
(926336714310319547115035673927847533256425125985653451838057733478195277070171, 115, 1361129467683753853853498429727072845819, 680564734144412426674039587777519026209)
(926336715311340647314076528843519751456556615367700638604055760496134165888999, 115, 1361129467683753853853498429727072845819, 680564734879846581885216804202103177221)
(926336728903862173160703951294566530305468915533332996098478490432856771264317, 115, 1361129467683753853853498429727072845819, 680564744866054248799623150543415803943)


(926336713899155060808419603516277420639806555300251085630467304898580946353601, 116, 1361129467683753853853498429727072845819, 680564733842336469853930225778571608179)
(926336728623518384482168738495645508302044112250184506984013312281056167066923, 116, 1361129467683753853853498429727072845819, 680564744660090161374788585363311952017)
(926336713898562267791644639039591092915567019590543016796709476538894470086361, 117, 1361129467683753853853498429727072845819, 680564733841900954327414055618383708219)
(926336714009466601010188279321017513986844011125298895892822268519936402915063, 117, 1361129467683753853853498429727072845819, 680564733923380590064983188221171073077)
(926336715226417391239147075912433408247881924009022552220681572501999568551631, 117, 1361129467683753853853498429727072845819, 680564734817454827029270503467398463549)
(926336713898632407423400455447137948697476500420585772584933548128512646314927, 118, 1361129467683753853853498429727072845819, 680564733841952484790475129186955559133)
(926336713898896510904850509016903820976328802704516253049990814151798681501601, 118, 1361129467683753853853498429727072845819, 680564733842146517384523277169495900179)
(926336713899192496037098660953736446044430011449761396847627654125333782724563, 119, 1361129467683753853853498429727072845819, 680564733842363972916326458592296173577)
(926336713968512460835299442740843563432320214374836361898168372392975006695359, 119, 1361129467683753853853498429727072845819, 680564733893292239803504490006496411661)
(926336713898546841186419752732945890275483187776019415271270730044116631026697, 120, 1361129467683753853853498429727072845819, 680564733841889620647855168469870837963)


(926336713898559799534808657230527860567961282044118352360427550797529939443027, 121, 1361129467683753853853498429727072845819, 680564733841899140938684633674621649033)
(926336713898539025039772477004245653915973700436575051463439481598518929391541, 122, 1361129467683753853853498429727072845819, 680564733841883878250211998981290983439)
(926336713898542316048887119416329963843449779396114974015084565174137296781277, 122, 1361129467683753853853498429727072845819, 680564733841886296101851228239640395783)
(926336713898531414581194866426300687273338917557617288620801401241937414979179, 123, 1361129467683753853853498429727072845819, 680564733841878286968296281321357967441)
(926336713898533677149961183084608650312408790948681508247939687812407612145419, 123, 1361129467683753853853498429727072845819, 680564733841879949241298251436473188401)
(926336713898962331087143357258590019719130766306407751330089262685410373402619, 123, 1361129467683753853853498429727072845819, 680564733842194874417307862336484147201)
(926336713898529563388567880069503262924841763732196666720039308218517818441353, 124, 1361129467683753853853498429727072845819, 680564733841876926926749214863536422987)
(926336713898529769076637545220258532353157021043727450668290809205394562350519, 124, 1361129467683753853853498429727072845819, 680564733841877078042476666692183261301)
(926336713898532854397682522481587573312379602768845391874166861041886807717911, 124, 1361129467683753853853498429727072845819, 680564733841879344778388444121885835669)
(926336713898584070727029145019649646205512984712751311509160631673272246730647, 124, 1361129467683753853853498429727072845819, 680564733841916972594523949454948565013)