(4784065733063809380167906707317610543852397990978041537568310075955821913186729511785531205930078950484509801799643525008006820415364705398250439563496329523088044793192746273754530044688511923137041, 2, 2187250724783011681538890698901487500420431077953349106124915724892512842722824705860477526371991641, 2187250724783011438705279170685353635487692725013485775824060843375072686246273488497441875720929401)
(1196016433265952743395471289404697169072810493804166494441751843412187589432751524808206008009981312251423154439517820087862749159850026909164839805525923298279421875382386008327853040583899904746601, 3, 1093625362391505962186251113558810682676584715446606218212885303204976499599687961611756588511526951, 1093625362391505962186251113558810682676584715446606218212885303204976499599687961611756588511527151)
(1196016433265953008964467697788246513866913770038480159238310706928149189154820625009985938436103093035810546260411907073795790825137953355103281210487472781253795510006014048414531637148165146172849, 3, 1093625362391505962186251113558810682676584715446606218212885303204976499599687961611756588511526951, 1093625362391506205019862641774944547609323068386469548513740184722416656076239178974792239162589799)
(1196016433265954867947442556473504704565851559764077232846518343449824425467787374594299098983042115239353308901051188265853343168330937606935735636186773181904374031795552690993432267333565138663281, 3, 1093625362391507662021531811071747737205753186025649530318869473827057594935546483153006143068962919, 1093625362391506205019862641774944547609323068386469548513740184722416656076239178974792239162589799)
(1196016433265953008964467697788246513866913770038480159238310706928149189154820625009985938436103311760883024561652911046324145814047475219716958504397175529290739993337229296250326595595997664132649, 4, 1093625362391505962186251113558810682676584715446606218212885303204976499599687961611756588511527151, 1093625362391506205019862641774944547609323068386469548513740184722416656076239178974792239162589799)
(1196016433265954602378446148089542582631533427444362148017663888023918787487235226220665520992830750587131797497273097446311710028895863244241573434244756412580765942796890352656861874296756688129969, 4, 1093625362391505962186251113558810682676584715446606218212885303204976499599687961611756588511526951, 1093625362391507662021531811071747737205753186025649530318869473827057594935546483153006143068962919)
(4784065733063808849029913890550570822427079275093042982265520290625319290636660318263664723301277732928605795669131338924150931576142581797528094029354166745789344520395140406550384815110282215966533, 4, 2187250724783011681538890698901487500420431077953349106124915724892512842722824705860477526371991641, 2187250724783011195871667642469219770554954372073622445523205961857632529769722271134406225069867213)
(1196016433265954602378446148089542582631533427444362148017663888023918787487235226220665520992830969312204275798805501752673924378443304394878778564150820186475531354315877461953492475525370480713769, 5, 1093625362391505962186251113558810682676584715446606218212885303204976499599687961611756588511527151, 1093625362391507662021531811071747737205753186025649530318869473827057594935546483153006143068962919)
(1196016433265987532934000787649661337100339680499256582790962964003157153023803651241376893831880939558641830917488674014997047650116150472638446880464827387072282386153985010805064722804151827880327, 5, 1093625362391505962186251113558810682676584715446606218212885303204976499599687961611756588511527151, 1093625362391537773389361309872346988865308950568702487624874781989636998027897436169426823800684777)
(1196016433268298779909742949679609080181152747731081307242752143416959534191182707332111392366159939302844597448596569891315346046706248396230227554495002087544967924518255068157256265480036253958417, 5, 1093625362391505962186251113558810682676584715446606218212885303204976499599687961611756588511526951, 1093625362393651154310491374885373498487194586199266095964908628271318813453142146668694439995637767)


(1196016433265955664654431781623739961807946532381616807203899342087765186375511627027785242697316261720897199701061182855902491003101303742124770756525308551541336345930992572948160531342351663109187, 6, 1093625362391505962186251113558810682676584715446606218212885303204976499599687961611756588511526951, 1093625362391508633355977923936283196936706597785102851522288999896818220841751352605148745673212037)
(1196016433265955664654431781623739961807946532381616807203899342087765186375511627027785242697316480445969678002787854051487278259740691083444327777095613009341315709575160923218681561091486305516587, 7, 1093625362391505962186251113558810682676584715446606218212885303204976499599687961611756588511527151, 1093625362391508633355977923936283196936706597785102851522288999896818220841751352605148745673212037)
(4784065733063797695132064738445213335336675378020481841100708350144428446636105543335590473480984649908463732190142885562434480638015295859229550524259592259267270094211879575503182871980351990824787, 7, 2187250724783006582033048606362676336832925666216219169806963213026269556715249141236728862699683999, 2187250724783011195871667642469219770554954372073622445523205961857632529769722271134406225069867213)
(4784065733063798757408050371976816115346023673278070431512514369345769462185345641348201553354051007900739585484218716472361447388446543035973529481420816865493765831152878051504602549025614969452359, 7, 2187250724783011681538890698901487500420431077953349106124915724892512842722824705860477526371991641, 2187250724783006582033048606362676336832925666216219169806963213026269556715249141236728862699683999)
(1196016433266705365931292650214678677717484773273420565443144701860535493301452193877002808161807952294856019473294013172383548883982564544232394954965013333937476116175368990395131722994139992722369, 8, 1093625362391508633355977923936283196936706597785102851522288999896818220841751352605148745673212037, 1093625362392191481471595267704711387796955064680787657526215826938538232903774577461398376460321037)
(1196016433276630741603059575156752650377341323088000634480536093196189214387132437975648581498009614551522758539144040419073792656665028443168782998838887966298993844626391093130604162429150585470341, 8, 1093625362391505962186251113558810682676584715446606218212885303204976499599687961611756588511527151, 1093625362401269816038577627869251898220279721471390954985961356438788108771035694549197966423359691)
(4784065733049217426091251700431256317026648819988284143857191802138319525541140271242213675705205267597167362971754508063941058062793103921430288223787631973398303695379606010426162219146632006477601, 9, 2187250724783006582033048606362676336832925666216219169806963213026269556715249141236728862699683999, 2187250724776345170401606581378493501954427819885342356755853426607897091962254438442760202759438399)
(1196016433266702444672332156164497522826359303271642215127423548971783604833821394432949600950607672932131397348153575092388004550481168597885020133057029442178972671632241576183503686839948537768187, 10, 1093625362391505962186251113558810682676584715446606218212885303204976499599687961611756588511526951, 1093625362392191481471595267704711387796955064680787657526215826938538232903774577461398376460321037)
(1196016433275791012436416266373724411422781870188192547761409655725610893204637599947508574102238981137435632590892400172257779745449603513273499286745588659697115750226827968000869041805725760794261, 10, 1093625362391505962186251113558810682676584715446606218212885303204976499599687961611756588511527151, 1093625362400501976158925408453970980901607725623540543682825998293013329916086392630470607764455611)
(1196016433309390801862023235576997998958770108989296870277271760874823320756417289911780624426786061621388604647380722137285904524586008415684742265992960100690894840201891593280528018825844965278659, 10, 1093625362430759529822564195165809329965860738474222690802772834371390621150872261598613031425671257, 1093625362391971717053162232103563623668745654104473735252548053655196621624922863914134537248964987)


(1196016433266702444672332156164497522826359303271642215127423548971783604833821394432949600950607891657203875786449869411441545492758727988897956290588534685344360379278822331098995966515240601975587, 11, 1093625362391505962186251113558810682676584715446606218212885303204976499599687961611756588511527151, 1093625362392191481471595267704711387796955064680787657526215826938538232903774577461398376460321037)
(4784065732953143592536869250968140096976564235635175511712145896880631111543121673993321702244750469685580121134166479513016029935640947287841073571149386531798379210833316085624035793192010664380699, 12, 2187250724739082109878990287420785708321430844917444360273429693898445608701398863259132146602737701, 2187250724776345170401606581378493501954427819885342356755853426607897091962254438442760202759438399)
(4784065732967724923853375099530885539420738247084391596987774432039894738019413825573224207870182112752332514353727032654645864254350120170786172641492000495452362850704441472795422234012698487557341, 12, 2187250724739082109878990287420785708321430844917444360273429693898445608701398863259132146602737701, 2187250724783011681538890698901487500420431077953349106124915724892512842722824705860477526371991641)
(1196016472213522578609947302555454445020475380900441616024459381960576992481930174036600076203282238445869897921294275703190132223713421401238618776189193880846476300312504361613164978060827062962709, 13, 1093625362430759529822564195165809329965860738474222690802772834371390621150872261598613031425671257, 1093625397965517387461892438446087729575141522881902019838123173217994277385694727002785928192196637)
(1196026165691505669549180630586595895988898756857370289906643980042245043716191695631935328013890873635526660553569571456909955466822037161406315404249121132484694851576358843678053542097058833621961, 13, 1093634246252702544924677911713824882492718241653490571923534030051990931802774668830156862032707811, 1093625377761939391018783339742074624173234304600418664824210067517660226366234922699820775692567651)
(4784065728754170047191555888312431919847206907971052265566176544395483770965102795895359944907034369929972247590785529836606235011504948053839854534481426377966386279128095700983892582588015246848753, 14, 2187250722819332582410128839863897748141877461395741306807572433200921925296042953447739047637156047, 2187250724776345170401606581378493501954427819885342356755853426607897091962254438442760202759438399)
(4784065733049228579989100818543177976003009515997701365383123182997827668687228949506850080074010748767865037683178749033321404474983093371452386467042952209757174132663735220403074114897092282422759, 14, 2187250724783011681538890698901487500420431077953349106124915724892512842722824705860477526371991641, 2187250724776345170401606581378493501954427819885342356755853426607897091962254438442760202759438399)
(1196016433308881440526893673389184446279207218139453528588921471572859462458660942130399529677131437015776175181320905645641318371125234803756558146091817968428361553315924944407630308638202355798807, 15, 1093625362391505962186251113558810682676584715446606218212885303204976499599687961611756588511527151, 1093625362430759529822564195165809329965860738474222690802772834371390621150872261598613031425671257)
(1196016963151962708517330453496008879185428355857971025013572944169021630594791166229614281796423231103170625984033349199579004261855746350180988768823725914531942193324251310959624628303823267455549, 15, 1093625800318815335516577378801881843091009062490233246475643899735385685593873621636288838373474607, 1093625408986600496094562928797967757661496984402778657316193332440053878694515395083277802955341907)
(4784065732967713769955526171442158709774021033874890502834465569648231002320000204650804874732888197331483329703284801784882257719878828963625876154639889865234643140436882600651856646684040983746299, 15, 2187250724739082109878990287420785708321430844917444360273429693898445608701398863259132146602737701, 2187250724783006582033048606362676336832925666216219169806963213026269556715249141236728862699683999)


(1196016433308881440526893673389184446279207218139453528588921471572859462458660942130399529677131218290703689029414941132802285209259241631608863301553657413861487275191694769955310586031917221547407, 16, 1093625362391505962186251113558810682676584715446606218212885303204976499599687961611756588511526951, 1093625362430759529822564195165809329965860738474222690802772834371390621150872261598613031425671257)
(4784056400816602285518266730287293516264405808791595830882647878169985693151208034118687673071804453009855669645051479786858902001545502733875340719880135948113147925881241958076264493560247632267621, 16, 2187246458170584909308367960482903110524695092708528593881850662972916472457936814013986091204345921, 2187250724739082109878990287420785708321430844917444360273429693898445608701398863259132146602737701)
(4784065728672666391129002862417971177452848718132134753686097465419719892403543578749023220995499973466001120759822257378786822669010245599102389480198349610330345139717056339927294016735779947027947, 16, 2187250722819332582410128839863897748141877461395741306807572433200921925296042953447739047637156047, 2187250724739082109878990287420785708321430844917444360273429693898445608701398863259132146602737701)
(4784065728768740224597424566954714127753066328005207697501415345670569333892035122467088438109041800476663194400461335145944248952432264177277904103399580277750976322755908063898261281945357951991953, 17, 2187250722819332582410128839863897748141877461395741306807572433200921925296042953447739047637156047, 2187250724783006582033048606362676336832925666216219169806963213026269556715249141236728862699683999)
(1196016433308884361785854270461168778437432031382075153593390633815988556536489576033212455663703896266919811003999994743022882042646842553021758906127869583154801884666177352779141216943626017320509, 18, 1093625362430759529822564195165809329965860738474222690802772834371390621150872261598613031425671257, 1093625362391508633355977923936283196936706597785102851522288999896818220841751352605148745673212037)
(4784056400912687085540334807928760609446345554791945939482070315340694453535519205298698347594350044805002540842047565624755709731398413166001947444841644637208892884338017142078726568551751484446361, 18, 2187246458170584909308367960482903110524695092708528593881850662972916472457936814013986091204345921, 2187250724783011681538890698901487500420431077953349106124915724892512842722824705860477526371991641)
(1196016912194365157940995120651014441717215626039163705065100955541263260662810027146416826635752969731187638711220732037826070980974671163420725111447048243664564535806271257885082731476180994633257, 19, 1093625362391505962186251113558810682676584715446606218212885303204976499599687961611756588511526951, 1093625800318815335516577378801881843091009062490233246475643899735385685593873621636288838373474607)
(1196016912194365157940995120651014441717215626039163705065100955541263260662810027146416826635753188456347702474287835353301831357343289365233223158096343372444511612943390032609409989243855689554657, 20, 1093625362391505962186251113558810682676584715446606218212885303204976499599687961611756588511527151, 1093625800318815335516577378801881843091009062490233246475643899735385685593873621636288838373474607)
(1196016951099021873458748973313733343824155973080170323818350655932331725688395285909738228202008283081434525725476676287065042757054649433745462119916354818674668560488352360714578260948665470296659, 20, 1093625800318815335516577378801881843091009062490233246475643899735385685593873621636288838373474607, 1093625397965517387461892438446087729575141522881902019838123173217994277385694727002785928192196637)
(4784065728768751378495263705269510275550019632460614421913439259888518327651931068036423750822560244322742775403816200213998816496764785372443796721832280136854954206961935775668372068822572496603127, 20, 2187250722819332582410128839863897748141877461395741306807572433200921925296042953447739047637156047, 2187250724783011681538890698901487500420431077953349106124915724892512842722824705860477526371991641)


(1196016472170593880082118054993935452459925740071650270114127587635420786091695160059991576165518952225453974562387306138843781053722271339888328929218213211023848616273140999370834230053843717063787, 21, 1093625362391505962186251113558810682676584715446606218212885303204976499599687961611756588511526951, 1093625397965517387461892438446087729575141522881902019838123173217994277385694727002785928192196637)
(4784056400912675931664243270817196073510397091879760430304381663507785369800676025852169911384178098594167533713579494988572809429704170533084853165845388971211310326716320235361910556907382184618079, 21, 2187246458170584909308367960482903110524695092708528593881850662972916472457936814013986091204345921, 2187250724783006582033048606362676336832925666216219169806963213026269556715249141236728862699683999)
(1196016472170593880082118054993935452459925740071650270114127587635420786091695160059991576165519170950533567665864798517331470271268186368192905309622180835658492215128618138316234787239482156391187, 22, 1093625362391505962186251113558810682676584715446606218212885303204976499599687961611756588511527151, 1093625397965517387461892438446087729575141522881902019838123173217994277385694727002785928192196637)
(1197280278271623673546352032043181012131068001883017299144620737779041821535976177014207321591599160708069345916518048431411441953654452777643980672100585124927519430927544515903000289099652142301961, 23, 1094780571126422619551999778574552728476000896679806521982874766091095422274180902341771950288798023, 1093625800318815335516577378801881843091009062490233246475643899735385685593873621636288838373474607)
(1197279798837313805954207647428627708934424497204886748208766888751930099498435253114648357155300694677421405546662366446981275564507410561311157301754598755521511585676985733797161840177946160017873, 24, 1093625362391505962186251113558810682676584715446606218212885303204976499599687961611756588511526951, 1094780571126422619551999778574552728476000896679806521982874766091095422274180902341771950288798023)
(1197289524715948408668835489507531409617440640494203011447889566287496188372612976488189229047510679374228352392667899175297897619232162800681425087509612755455097374614702937854058880631227153457653, 24, 1094780571126422619551999778574552728476000896679806521982874766091095422274180902341771950288798023, 1093634246252702544924677911713824882492718241653490571923534030051990931802774668830156862032707811)
(4784056396617636930987345524787679595070142835302619221767093719731327188402076294795054980113647931621764440287762393271452085431857886919115338583254368324781873899601589226359218511619803244934287, 24, 2187246458170584909308367960482903110524695092708528593881850662972916472457936814013986091204345921, 2187250722819332582410128839863897748141877461395741306807572433200921925296042953447739047637156047)
(1196016912194368079201125391041398796877784014439842676820195755064253831615364429096639231520357840367199134720987135173791067757776373079410058008425265362978127429419523921467945717188821946244459, 25, 1093625800318815335516577378801881843091009062490233246475643899735385685593873621636288838373474607, 1093625362391508633355977923936283196936706597785102851522288999896818220841751352605148745673212037)
(1196016912237293872262626762910127441313474552671384274843660345757609927800443340741989989053163117338798837902179258290123530747916428000050443777215661443950334761127640535452638143310588419270999, 25, 1093625800318815335516577378801881843091009062490233246475643899735385685593873621636288838373474607, 1093625362430759529822564195165809329965860738474222690802772834371390621150872261598613031425671257)
(1197279798837313805954207647428627708934424497204886748208766888751930099498435253114648357155300913633535630831186276846936990475053105761490493263058995330474729804761440569977630194568003919622473, 25, 1093625362391505962186251113558810682676584715446606218212885303204976499599687961611756588511527151, 1094780571126422619551999778574552728476000896679806521982874766091095422274180902341771950288798023)


(1197279798880287849149840142092451585534229251764857447126920216196477073395783682103371838601861092746768658252415715126977234323687665591034692913548937888118245891512332120715022581611880469524911, 26, 1094780571126422619551999778574552728476000896679806521982874766091095422274180902341771950288798023, 1093625362430759529822564195165809329965860738474222690802772834371390621150872261598613031425671257)
(2461993131539423796142365118625783752989607768602503042245963449831181097809170313872189801437124823833072191587858655783829998176633510970289020404108650002038054148072457008560224483210919267023299, 26, 2187250724783006582033048606362676336832925666216219169806963213026269556715249141236728862699683999, 1125610842709252703620663503655674417383539662113395627803717328121304088707409152226358771851460701)
(2461993129329091050620561624496492584016604893687248360729157227997990204032134914576038533757952736334338436230925665284792033693235535100575313705163755262035491665787088120521497100343518425008947, 27, 2187250722819332582410128839863897748141877461395741306807572433200921925296042953447739047637156047, 1125610842709252703620663503655674417383539662113395627803717328121304088707409152226358771851460701)
(1196019765862067852045798317399468381006225206673282053055238034533117948126292597897740910304341146429080088854075340906729126126484226831421586858945072829832107935607648930092968291630620866563303, 28, 1093628409683092285375109681028551154464846972055756353698443057637798721577338053606618464857882819, 1093625362392191481471595267704711387796955064680787657526215826938538232903774577461398376460321037)
(1197279798837316730298926740503959925000460562311168048798245878201857658247772521950135811118825939647177115987823468026944773641467815483557417301693445549094306903318940880647972020315590345402851, 28, 1094780571126422619551999778574552728476000896679806521982874766091095422274180902341771950288798023, 1093625362391508633355977923936283196936706597785102851522288999896818220841751352605148745673212037)
(1197279837783050351375357801836033187930862669346290327387101864005448619536710990187570391013450233359363665679193467749346323937353018217140306250667942794752478345901565044762884965058502792848651, 29, 1094780571126422619551999778574552728476000896679806521982874766091095422274180902341771950288798023, 1093625397965517387461892438446087729575141522881902019838123173217994277385694727002785928192196637)
(1230996565813899146115244790322283712404654458932541344477872639033605982862057705704389777090509159668799555967114796238320350533245463544964051595152407624503899898581734665453819949982224880771157, 29, 1093625362430759529822564195165809329965860738474222690802772834371390621150872261598613031425671257, 1125610842709252703620663503655674417383539662113395627803717328121304088707409152226358771851460701)
(2461993131489981934025476429894121281646338903330346236142358124928707460458144345390042305023149333206624069881688749017037210237453020059188751182025618956598424670603028965650885431727282412588401, 29, 2187250724739082109878990287420785708321430844917444360273429693898445608701398863259132146602737701, 1125610842709252703620663503655674417383539662113395627803717328121304088707409152226358771851460701)
(1197279798838064299148934897579795522972589205844169617672329363037884494896536155167474042521798767973175976045557609086176981420552164309812596658079934693292414032150823192425602378662603430909851, 30, 1094780571126422619551999778574552728476000896679806521982874766091095422274180902341771950288798023, 1093625362392191481471595267704711387796955064680787657526215826938538232903774577461398376460321037)
(1230997058705442653878758827698440482221557951834177618550750526465542111851196964425068446481684036032813877595859378355194490586628760671881130817250969831346624658172732670483876400182385681919507, 30, 1093625800318815335516577378801881843091009062490233246475643899735385685593873621636288838373474607, 1125610842709252703620663503655674417383539662113395627803717328121304088707409152226358771851460701)


(2392034865634073006756678829750659400605323096174232727244125941793359883374889777754328879972683178321277508061068489396118584700918484488443320930539323241455958490333150262573139070860727758631299, 32, 2187246458170584909308367960482903110524695092708528593881850662972916472457936814013986091204345921, 1093628409683092285375109681028551154464846972055756353698443057637798721577338053606618464857882819)
(2392039531722630454825719949789897043772832021040918063859777417467442582989100508235406004311070205306035148301991596835083392890629255200090742491422970825562026149406999344757250830226395471313181, 33, 2187250724783006582033048606362676336832925666216219169806963213026269556715249141236728862699683999, 1093628409683092285375109681028551154464846972055756353698443057637798721577338053606618464857882819)
(2394559597674621763218977108706590985736776864197210895238575798604005081498195968558321806383551193911305023218687189221975991529777971322371001471585917317209511040738652928555433256735231635933977, 33, 1094780571126422619551999778574552728476000896679806521982874766091095422274180902341771950288798023, 2187250724783006582033048606362676336832925666216219169806963213026269556715249141236728862699683999)
(1230996565769714904768789773786203621032349015449662337644529574401578326694708392871220388588957010655516309700018670665108229589710697598923371977628648469710084060254583815715311928884875570992851, 34, 1093625362391505962186251113558810682676584715446606218212885303204976499599687961611756588511527151, 1125610842709252703620663503655674417383539662113395627803717328121304088707409152226358771851460701)
(2392028200542201035121731060094851125778654065987367270198370196337205422567649734180393017606917815915882990050184608619979137205558854899907512548838571422519638732130156822982008165767123054892697, 34, 2187246458170584909308367960482903110524695092708528593881850662972916472457936814013986091204345921, 1093625362430759529822564195165809329965860738474222690802772834371390621150872261598613031425671257)
(2392047631650280913027630255848147684845468744838618865094028409270094922410522660972664859441528934302990636805455068440249002969063848250682589701619644251545020018098188236486446967600410762688931, 34, 2187246458170584909308367960482903110524695092708528593881850662972916472457936814013986091204345921, 1093634246252702544924677911713824882492718241653490571923534030051990931802774668830156862032707811)
(2394554926670237989264357144450357035717586891228679328228017490203162453285099108564348365599360661230281295321805082188061420746663017857044731911486672918568750701668949149745773384028740992914183, 34, 1094780571126422619551999778574552728476000896679806521982874766091095422274180902341771950288798023, 2187246458170584909308367960482903110524695092708528593881850662972916472457936814013986091204345921)
(2394559595524829620405690411073389349314914869312009365979649722312748125514156134985914893105253857438810283011950633978006635811471419371562088091096095441948678209537139762096179414995137716095081, 34, 1094780571126422619551999778574552728476000896679806521982874766091095422274180902341771950288798023, 2187250722819332582410128839863897748141877461395741306807572433200921925296042953447739047637156047)
(1230996565769714904768789773786203621032349015449662337644529574401578326694708392871220388588956785533347767849477946532407498454827220890990949298503087726244459799436842333884866657130505278852651, 35, 1093625362391505962186251113558810682676584715446606218212885303204976499599687961611756588511526951, 1125610842709252703620663503655674417383539662113395627803717328121304088707409152226358771851460701)
(2392028278265474301192713448149222926593113365249145402594033386636737102701325782727194874542252451893881933576753349000657572300807521306820329779722902004545684015862354068737905717250253800867677, 35, 2187246458170584909308367960482903110524695092708528593881850662972916472457936814013986091204345921, 1093625397965517387461892438446087729575141522881902019838123173217994277385694727002785928192196637)


(2394559597626534104507730495495932924572998262426256847354207737581586058191541534969491325990980941431552798295995858678155734740023219934625331509232353750639046710492218625374542043903764436365123, 36, 1094780571126422619551999778574552728476000896679806521982874766091095422274180902341771950288798023, 2187250724739082109878990287420785708321430844917444360273429693898445608701398863259132146602737701)
(2394559597674627346058895377304952489135572988491020650909399323917503148201476209062434218495735479391939818524206742175779723442821749978799271527005868376906833559342501813234613980431498493325743, 36, 1094780571126422619551999778574552728476000896679806521982874766091095422274180902341771950288798023, 2187250724783011681538890698901487500420431077953349106124915724892512842722824705860477526371991641)
(2392032864384375954816628022594631236532080133003054990109386865997067473201201151769862716190173847509104361261062893966989079824522379879640239602131842150531789491098790311873794765575350464332097, 37, 1093625362391505962186251113558810682676584715446606218212885303204976499599687961611756588511527151, 2187250722819332582410128839863897748141877461395741306807572433200921925296042953447739047637156047)
(2392032944341187494595231063038650614418313814662497630255067073148982191577342671927528085714067475997567372610400280985270755619496759900626538616657517067979091891304473462765448711203452392311317, 37, 2187250724783011681538890698901487500420431077953349106124915724892512842722824705860477526371991641, 1093625397965517387461892438446087729575141522881902019838123173217994277385694727002785928192196637)
(2392033824388724473361729700521260173113294475276969466620012312036545379420511250392388843502296492375692571164233911763037046114561729976300594301680964196911032103135461940608659653224602550713393, 38, 1093625800318815335516577378801881843091009062490233246475643899735385685593873621636288838373474607, 2187250724783006582033048606362676336832925666216219169806963213026269556715249141236728862699683999)
(2392029158311300171329391914640035900543676407016747200817541482978547211214564687172978035435632568297231422710786713513984061695555657379187814981282161315474894180137649406130775539139047537528047, 39, 2187246458170584909308367960482903110524695092708528593881850662972916472457936814013986091204345921, 1093625800318815335516577378801881843091009062490233246475643899735385685593873621636288838373474607)
(2392033822241199923958864987513259633452130648867415141702162979013635576586750298258107083824560250893336299538514789156898286814714576702853055062335189939038151493329523816222489625144519250998529, 39, 2187250722819332582410128839863897748141877461395741306807572433200921925296042953447739047637156047, 1093625800318815335516577378801881843091009062490233246475643899735385685593873621636288838373474607)
(2392033824340687537348666152894595217741312740730201468727955755936232142066157799294274048778276328771766721651592123599543302863121640452561984744083500839563598643985679262338058001605286005058507, 39, 1093625800318815335516577378801881843091009062490233246475643899735385685593873621636288838373474607, 2187250724739082109878990287420785708321430844917444360273429693898445608701398863259132146602737701)
(2392028200456343808338645773895608031769266788417691672340503935094940300190017773588552231802179107975457347603507060716876456355087145824834477727323028049272085583075428361012928992844534918416871, 40, 1093625362391505962186251113558810682676584715446606218212885303204976499599687961611756588511526951, 2187246458170584909308367960482903110524695092708528593881850662972916472457936814013986091204345921)
(2392032864384375954816628022594631236532080133003054990109386865997067473201201151769862716190173410058959797394546411941221107044972751504147960453870480636045149306713731103283105217765823033122697, 40, 1093625362391505962186251113558810682676584715446606218212885303204976499599687961611756588511526951, 2187250722819332582410128839863897748141877461395741306807572433200921925296042953447739047637156047)


(2392028200456343808338645773895608031769266788417691672340503935094940300190017773588552231802179545424748981720488922390468552935709250763853019433041804419404680166369919948375731790062775787601071, 41, 1093625362391505962186251113558810682676584715446606218212885303204976499599687961611756588511527151, 2187246458170584909308367960482903110524695092708528593881850662972916472457936814013986091204345921)
(2392033824388730050312887489448357578419834125860083867243375111125891014875387835933722525554723699870878511289307894341849546109930666204201368632273166954976845454731556153883418991714871929760087, 41, 1093625800318815335516577378801881843091009062490233246475643899735385685593873621636288838373474607, 2187250724783011681538890698901487500420431077953349106124915724892512842722824705860477526371991641)
(2392028200456349650845169912382618026783335030895503129528817038435987915479697534251019507912269460838479552293894675914957192945790571954616498168819238721852685860058242196846387588364645729051077, 42, 2187246458170584909308367960482903110524695092708528593881850662972916472457936814013986091204345921, 1093625362391508633355977923936283196936706597785102851522288999896818220841751352605148745673212037)
(2392032866617762615484790928862733953271303089620486909450163928396343552728428372087816066082755850868065269025985687560248330765392877966730988089771343048347163208520577253975385996690202417962737, 42, 2187250724783011681538890698901487500420431077953349106124915724892512842722824705860477526371991641, 1093625362430759529822564195165809329965860738474222690802772834371390621150872261598613031425671257)
(2392052297715703434499510912162347097619572995477086170555948617566427260133228884265305716109900138660492808166907952958822227205451338991339621591995187126848444677683261933505496746360898806882511, 42, 2187250724739082109878990287420785708321430844917444360273429693898445608701398863259132146602737701, 1093634246252702544924677911713824882492718241653490571923534030051990931802774668830156862032707811)
(2392052297763746318489990181663041986925391558740008213551706528253243322855736766841018564401570460294553344914605046121433888822958335417187276520489367039234627262602514082460104685113160287407851, 42, 2187250724783011681538890698901487500420431077953349106124915724892512842722824705860477526371991641, 1093634246252702544924677911713824882492718241653490571923534030051990931802774668830156862032707811)
(2392032898003367582077016665410572501736492752322369861571958207656839969345717167010901655155943510070870900105389820861896799440441588178483178107843639290268248426798361354472781090518688791235597, 43, 2187250722819332582410128839863897748141877461395741306807572433200921925296042953447739047637156047, 1093625377761939391018783339742074624173234304600418664824210067517660226366234922699820775692567651)
(2392032944293144999306217761291217724248477675492871840634640820299593035133594064036156809293502242706463828497392541510371899116297267197486330352969942878787324143152658256751356953508689125311537, 43, 2187250724739082109878990287420785708321430844917444360273429693898445608701398863259132146602737701, 1093625397965517387461892438446087729575141522881902019838123173217994277385694727002785928192196637)
(2392052297763740741495762303536192859251733584400974685476578775875604226222621011161022047078492412122244336891340400971943768550006311676121079448817115207392054006943256535219082900877351999016189, 43, 2187250724783006582033048606362676336832925666216219169806963213026269556715249141236728862699683999, 1093634246252702544924677911713824882492718241653490571923534030051990931802774668830156862032707811)
(2392032866617757038535866152634400228241964809793663807168904618659460736761664616455173207381117374814197627983973297314931876354453042236930584959862716435028791235511513958901329937145870357116743, 45, 2187250724783006582033048606362676336832925666216219169806963213026269556715249141236728862699683999, 1093625362430759529822564195165809329965860738474222690802772834371390621150872261598613031425671257)


(2392032864470233349002391370697855002337211495269063930816133794712255249375477789480083169278466869917261223762934046559766755491612579108868120705815104693122114593409299943935200730339551431641079, 46, 2187250722819332582410128839863897748141877461395741306807572433200921925296042953447739047637156047, 1093625362430759529822564195165809329965860738474222690802772834371390621150872261598613031425671257)
(2392032866483862727495683952815174360892433819094802967402299331791177457954931046618098278533598045977915840549678338716664059074507732739126283101181955166965157664888519735134058280507612445279651, 46, 1093625362391505962186251113558810682676584715446606218212885303204976499599687961611756588511526951, 2187250724739082109878990287420785708321430844917444360273429693898445608701398863259132146602737701)
(2392032866483868570013604819909269366897857121252160683387365878758239414749861990910794119700752287475312493654258055265080647384753820228888269521310422177606823100492968508089296590946922466906937, 46, 2187250724739082109878990287420785708321430844917444360273429693898445608701398863259132146602737701, 1093625362391508633355977923936283196936706597785102851522288999896818220841751352605148745673212037)
(2392032900150891301715930724320657278238805661368312366758053198835910025118753458597823969062394726905882574288368298214711241092585235818325622512705206140247917142354677583863069799100890629716349, 46, 2187250724783006582033048606362676336832925666216219169806963213026269556715249141236728862699683999, 1093625377761939391018783339742074624173234304600418664824210067517660226366234922699820775692567651)
(2392032942193658158333970207225883829554112326834138335230308512708664394543233771989773555290720796738632087784261886906570312541933080935603796216249689705027436242273353413772856081150804477613939, 47, 2187250722819332582410128839863897748141877461395741306807572433200921925296042953447739047637156047, 1093625397965517387461892438446087729575141522881902019838123173217994277385694727002785928192196637)
(2392032866524620398081467783475736563155226091527817256384333538160073055590282084279297356715161034346091028411910333365565630111664276890190592967178780958865671835982911771126836061873800566808763, 48, 1093625362391508633355977923936283196936706597785102851522288999896818220841751352605148745673212037, 2187250724776345170401606581378493501954427819885342356755853426607897091962254438442760202759438399)
(2392032866569720121756804318839677157680247194782082381405679707394013093136502230772401277453197654330437029638477926336946941827497579323666222301325812117264445007799051229099026667077367825960157, 48, 2187250724739082109878990287420785708321430844917444360273429693898445608701398863259132146602737701, 1093625362430759529822564195165809329965860738474222690802772834371390621150872261598613031425671257)
(2392032866610471949826129890936745704203503276012171341478172013794250851034838687185701783412127977785063639099466258625383302598217013880532719956711429223262725738631737693110980941362380916397543, 48, 1093625362430759529822564195165809329965860738474222690802772834371390621150872261598613031425671257, 2187250724776345170401606581378493501954427819885342356755853426607897091962254438442760202759438399)
(2392032866483862727495683952815174360892433819094802967402299331791177457954931046618098278533598483428060788366100314514721543231649397025295266590054009852903937354010260014906710106936932992819851, 49, 1093625362391505962186251113558810682676584715446606218212885303204976499599687961611756588511527151, 2187250724739082109878990287420785708321430844917444360273429693898445608701398863259132146602737701)
(2392032866533404623775667903778978577026252654724940943862508811317317037988767261643712546700197160024874457623218793667774828390002971777496543134063002906598335192462387415759964297725055940451717, 50, 2187250724783011681538890698901487500420431077953349106124915724892512842722824705860477526371991641, 1093625362392191481471595267704711387796955064680787657526215826938538232903774577461398376460321037)


(2392032866531905486790942578795124042726764534370169610624141795080595570500803384246614485947158714873878522744518111936482889511175420059605470097970239079256674749637278633486668766178839223095963, 51, 2187250724783006582033048606362676336832925666216219169806963213026269556715249141236728862699683999, 1093625362391508633355977923936283196936706597785102851522288999896818220841751352605148745673212037)
(2392032866533399046826743324228632735870467666539727729623404792166063432732381189977792787478815081324036033945534789883911933001322862683987689754177965652898384920962879439305088417534781991986963, 51, 2187250724783006582033048606362676336832925666216219169806963213026269556715249141236728862699683999, 1093625362392191481471595267704711387796955064680787657526215826938538232903774577461398376460321037)
(2392032866551581228165843301043197101434871680338727022666357908423262134201781081651008360102704521222352695701493826236651241263726166473911769565928855973394110517793079461003469097497149002782143, 51, 2187250724783011195871667642469219770554954372073622445523205961857632529769722271134406225069867213, 1093625362400501976158925408453970980901607725623540543682825998293013329916086392630470607764455611)
(2392032866531899644273021594371308752675348910453432363359208689473219984979982845177253546645292582298975745067599400350025987439992365471059158804985166440581618221057614502935722602674936608756849, 52, 1093625362391505962186251113558810682676584715446606218212885303204976499599687961611756588511527151, 2187250724783006582033048606362676336832925666216219169806963213026269556715249141236728862699683999)
(2392032866531910532601874338094885939858284628800543068437300017480766536080538726354349212742704403629728573527836498883337604004991417632640393129056667070708161008071405499099572828363458783242881, 52, 1093625362391508633355977923936283196936706597785102851522288999896818220841751352605148745673212037, 2187250724783011195871667642469219770554954372073622445523205961857632529769722271134406225069867213)
(2392032884963042622219841687430989699961584936036251787781425123458323941797325922462374951508568898205069325800406001392974060775102097139587164370391521454529860009374081110215998231747636544680487, 52, 2187250724739082109878990287420785708321430844917444360273429693898445608701398863259132146602737701, 1093625370840093810718588644527910547379365382038987883171948706443617658198485837619586234832650587)
(2392032866531899644273021594371308752675348910453432363359208689473219984979982845177253546645292144848830788466282993740304714904724998885925915561151205047939012967146271453107475256902396671957049, 53, 1093625362391505962186251113558810682676584715446606218212885303204976499599687961611756588511526951, 2187250724783006582033048606362676336832925666216219169806963213026269556715249141236728862699683999)
(2392032866531904690083953353658746303763311158905391994493827096276490379699295749011072224741598654649513934756190222796156959950924073951320476968972874805762334628306999574057075224603195414200163, 53, 1093625362391505962186251113558810682676584715446606218212885303204976499599687961611756588511527151, 2187250724783011195871667642469219770554954372073622445523205961857632529769722271134406225069867213)
(2392032866531911063739867154863281929030023586109003432417632461943942427194195078155163394510656449237511102510089898281674239335592040183573094785163286060569172030294205555421690023250257384582717, 54, 2187250724783011681538890698901487500420431077953349106124915724892512842722824705860477526371991641, 1093625362391508633355977923936283196936706597785102851522288999896818220841751352605148745673212037)
(2392032866531904955652949762042295648557414435139705659290385959792451979421364849212852155167719932366234626484390270828883407790070955715960400907740106532473537461772107067924885020266875565666551, 55, 1093625362391505962186251113558810682676584715446606218212885303204976499599687961611756588511527151, 2187250724783011438705279170685353635487692725013485775824060843375072686246273488497441875720929401)


(2392032866531900175411014411137110142680023058082226658565111699073890492754602894183559086581826710561928227539493918148084632216738174549170286122685474965729319490515728159063729181523979760926201, 56, 2187250724783006582033048606362676336832925666216219169806963213026269556715249141236728862699683999, 1093625362391506205019862641774944547609323068386469548513740184722416656076239178974792239162589799)
(2392032866531903362238971311740999579792794777733823670511032778696682381088950248002172572610991916105794510833282083032168381935771208621011914361146888048909294868501590204570310484176470968179903, 56, 1093625362391505962186251113558810682676584715446606218212885303204976499599687961611756588511527151, 2187250724783009981703610001388550445891262607374305794018931554270431747386966184319227971814555953)
(2392032866531904690083953353658746303763311158905391994493827096276490379699295749011072224741598217199368978153951048462628466106969962960446062244483770164569963101801045629602848343358181440757563, 56, 1093625362391505962186251113558810682676584715446606218212885303204976499599687961611756588511526951, 2187250724783011195871667642469219770554954372073622445523205961857632529769722271134406225069867213)
(2392032866531904955652949762042295648557414435139705659290385959792451979421364849212852155167719494916089669882102529773049270719343858177415398210584941720304862447234857813227185531891731379786351, 56, 1093625362391505962186251113558810682676584715446606218212885303204976499599687961611756588511526951, 2187250724783011438705279170685353635487692725013485775824060843375072686246273488497441875720929401)
(2392032866531910798170870746479083934444154107454773250427466239712354481637366902254756303626680397999360415839738731327079899326928608553735201544435836986124669201909063641725463691939470580399837, 56, 1093625362391508633355977923936283196936706597785102851522288999896818220841751352605148745673212037, 2187250724783011438705279170685353635487692725013485775824060843375072686246273488497441875720929401)
(2392032866531905221221946170425844993351517711374019324086944823308413579143433949414632085593841266951474162570900352546667760687373336663005528070030685329220506954015193745566698627273158316544791, 57, 1093625362391505962186251113558810682676584715446606218212885303204976499599687961611756588511527151, 2187250724783011681538890698901487500420431077953349106124915724892512842722824705860477526371991641)
(2392032866531905486790942578809276401819845314441075440302847803421534025077365035853025259573080818179934655474378584310014184045250900409625337984408904361541603716178653728464774549367730401780399, 57, 2187250724783011438705279170685353635487692725013485775824060843375072686246273488497441875720929401, 1093625362391506205019862641774944547609323068386469548513740184722416656076239178974792239162589799)
(2392032866531905752359938987192884714776836427259017879389734608638916201693503142936498568222643490642711568886786046520245144210845653662023732144761665567752657782720452112135539676513519139870159, 57, 2187250724783011681538890698901487500420431077953349106124915724892512842722824705860477526371991641, 1093625362391506205019862641774944547609323068386469548513740184722416656076239178974792239162589799)
(2392032866531907080204921029107388189788521796331003617404492132640592471130053265452262418063975871635118666703867342442596886842620521403584283268432470404478620997075995365867205389000784207706807, 57, 1093625362391507662021531811071747737205753186025649530318869473827057594935546483153006143068962919, 2187250724783009981703610001388550445891262607374305794018931554270431747386966184319227971814555953)
(2392032866531905221221946170425844993351517711374019324086944823308413579143433949414632085593840829501329205968564044768527980389873252576789937400209460346075528451446649180625526531767883918216591, 58, 1093625362391505962186251113558810682676584715446606218212885303204976499599687961611756588511526951, 2187250724783011681538890698901487500420431077953349106124915724892512842722824705860477526371991641)


(4784065733063808317891921073783295228350209212873529329801418738489134360510315097215024727778710367703288459219489538863294943226792798727331125163173086967823054210266725855206808711682138069464077, 271, 2187250724783011924372502227117621365353169430893212436425770606409952999199375923223513177023053569, 2187250724783010710204444586036952040689477666193895784921496198822752216816619836408334923767742733)
(4784065733063799819684036005509716194938904373375492056311535105978363169404103890758066954142825972418063771968809260918479234527390486930489685127011413203062318512927727245133278417419263901955849, 272, 2187250724783011924372502227117621365353169430893212436425770606409952999199375923223513177023053569, 2187250724783006824866660134578810201765664019156082500107818094543709713191800358599764513350746121)
(4784065733063807255615935440249097849173796107936274670615183284425287961622038696407905006074225178095379600118616063396809340488082110349097327092098669786492716685367719326286987692816899090837649, 272, 2187250724783011924372502227117621365353169430893212436425770606409952999199375923223513177023053569, 2187250724783010224537221529604684310824000960314169124319786435787871903863517401682263622465618321)
(4784065733063810442443892340851689986703035422748038648173889646616827158286867898829264171187680930648167059194238137086453226584408865150030916335166581095214667696116671660624001524519485963216729, 272, 2187250724783011924372502227117621365353169430893212436425770606409952999199375923223513177023053569, 2187250724783011681538890698901487500420431077953349106124915724892512842722824705860477526371991641)
(4784065733063806724477942623481999159585589555467647341022065557393364762177900496004345145221982228956807755720247577318205746064065578946532623356146760220989309510532345762927514974249601866846257, 273, 2187250724783011924372502227117621365353169430893212436425770606409952999199375923223513177023053569, 2187250724783009981703610001388550445891262607374305794018931554270431747386966184319227971814555953)
(4784065733063399872775444979884402935019370364499112872693886650940193987968038986877491732404045412822530652998394100853033277008828038452320049396968859599715626980680815543045054077013374126545577, 274, 2187250724783011924372502227117621365353169430893212436425770606409952999199375923223513177023053569, 2187250724782823971157179387830009907413684255438994783564092311911271886348733684233919573100856233)
(4784065733063738207676869260526268202706944287014721823509878770275272033884072643945123095282668303934325648001260116650339185172123839135527128939504779462340685407025450924496849705800133427320107, 274, 2187250724783011924372502227117621365353169430893212436425770606409952999199375923223513177023053569, 2187250724782978656167722861507281869568015078131936185208651838520651561911859144487629037827522603)
(4784065733063809380167906707317492607526622317810783988987654192552980759398591498022144449483195706044246603565173871659931989963756331121086223972693181101554627611969677941689408929443414615733197, 274, 2187250724783011924372502227117621365353169430893212436425770606409952999199375923223513177023053569, 2187250724783011195871667642469219770554954372073622445523205961857632529769722271134406225069867213)
(4784065733063809911305899524084591297114828870279411318580771919584903958842729698425704310335438261477687987021395970688134703215927098953153366930406534028348880995265195617382701415638847690082169, 274, 2187250724783011924372502227117621365353169430893212436425770606409952999199375923223513177023053569, 2187250724783011438705279170685353635487692725013485775824060843375072686246273488497441875720929401)
(4784065733063758390920596297676018407058793280822560348048352397488353612761324259280397807667892462101434919768144056669222515965894915372323761049507227364957379660724541388818436787709312577287499, 275, 2187250724783011924372502227117621365353169430893212436425770606409952999199375923223513177023053569, 2187250724782987883844960933720368737012072489846742736641137336183377508020805404282983762567888971)


(4784065733061834077972621150477466028986453686985745232182827360830602026648624197183021939992448353869687406441843380282884524819045939256334102106930806126033459207543702713501600572727590981201171, 277, 2187250724783011924372502227117621365353169430893212436425770606409952999199375923223513177023053569, 2187250724782108097670394206667376085701019788721897056643901598497690593475744898004821453769277459)
(4784065733063715899881170956308123240002269083332373980598934234934497657230268226995608939488473390344273995354578233628101584670056545397120787054814431964519013591612485109676826141894028354885991, 277, 2187250724783011924372502227117621365353169430893212436425770606409952999199375923223513177023053569, 2187250724782968457156038676429659542393004254657676312572746814788164989896708015240131710482907239)
(4784065733063799288546043188742617505350697820906864726718417378946439969959965690354507093290583561343170224191374170475423511038229832407604981121318864377128088186530156728250918683093514349142431, 277, 2187250724783011924372502227117621365353169430893212436425770606409952999199375923223513177023053569, 2187250724783006582033048606362676336832925666216219169806963213026269556715249141236728862699683999)
(4784065732967725454991367905630348721784867638189605934804598663582354915909862093236196557067195363601340342985014087729562407027374594441781208693391939281842247147389341904446651270010406178904869, 278, 2187250724783011924372502227117621365353169430893212436425770606409952999199375923223513177023053569, 2187250724739082109878990287420785708321430844917444360273429693898445608701398863259132146602737701)
(4784065733054117174074986341300605001933452870299273573775371314018437302764710533861803617757691101244788937144247759102649250798498522822302236954388266620392431287590488600186475134804332774415141, 278, 2187250724783011924372502227117621365353169430893212436425770606409952999199375923223513177023053569, 2187250724778579968128500754458452477945489925447571115523328031609657145663107830459853144485527589)
(4784065733063603298626693801683201047302479959983380106857976104166779375072969741440918438813012875997356098098169510164657396724016976130232190508785273977450499145910926522587451967939014037554109, 278, 2187250724783011924372502227117621365353169430893212436425770606409952999199375923223513177023053569, 2187250724782916976430394694609280176652473431406650288791511933090851816867849934276573772457705661)
(4784065733062404520176906358341458646720291038291497215191266193116118229653051430606312495301150984309375386248344305354304146382267896745462775155014058695342929490161175486712237888039336747634291, 279, 2187250724783011924372502227117621365353169430893212436425770606409952999199375923223513177023053569, 2187250724782368900969175510795147023462010846135113799762044348228418649291752345905110253010157939)
(4783974198420129291436432534357846413339927266372910606230077419973432791011815628465507116909195945069130551669934131882394692754071436706739481770513631701715398942026025806413264516442197126542093, 280, 2187250724783011924372502227117621365353169430893212436425770606409952999199375923223513177023053569, 2187208875605574452992566406602951698002340114769451782998842419642665525670022147213938842281181197)
(4784065731058979099309694517206365100602913551904265784373905857435898112012177423392730739153408926893282459951301929709221540813045655502167098567273413959084400470992860879907558568703432356526343, 280, 2187250724783011924372502227117621365353169430893212436425770606409952999199375923223513177023053569, 2187250723866412902798932192879447845964377681586248820492559521347637078403971060945672629324349447)
(4784065733061756000687677085713958659520090474097527781994521487137891708360308737859722394712765985698950089103526688649879207887343913624696295839944548673550307877264384810309506665028415429503383, 280, 2187250724783011924372502227117621365353169430893212436425770606409952999199375923223513177023053569, 2187250724782072401129499558895697940588481906561987502418234015433987591422715945638580808063123607)


(4784065731033272551595355806396887720993980622810140807069035239384968215167416091499025351457076887742875212616948118927419840390376916207709139215722194523295948598981573598404446981677595525824577, 281, 2187250724783011924372502227117621365353169430893212436425770606409952999199375923223513177023053569, 2187250723854659998834578060216518966360833745140925589417148958761503769801601907383216768561447233)
(4784065731340024394552773026272776425041673696432192027501752075213805584411262562250382373171924559941121654981606359087198782163390457980778150575573655650297654967926686177649817494719801860213303, 281, 2187250724783011924372502227117621365353169430893212436425770606409952999199375923223513177023053569, 2187250723994905394335749421520470625270975574989117554242855896597154767762024102903786831112831287)
(4784065733038905913098706948361233885285996721281181356476786846769928422090789176310948670377884270087429533065615434187465553336588536090950229144711522545836045195017800534024779168411945537619769, 281, 2187250724783011924372502227117621365353169430893212436425770606409952999199375923223513177023053569, 2187250724771625456327944172600694669251800080701654629340376253641015813712793770481854148713119801)
(4784065732895848143837453264465982818556741716258974086961952614511543739019616080690907005614032689035783520860929117779266657760408607142897333925234323291420420575623923139777703884066378724927767, 282, 2187250724783011924372502227117621365353169430893212436425770606409952999199375923223513177023053569, 2187250724706220165731711382673245955638342552032544736484878583274390106454806775733636490298654743)
(4784065732904172138460877638436646044929832004586483470302970658811925427553492805281046281962241237476414654197627806634474165363704284060619835712647781512935767180406812528099475246131028896462283, 282, 2187250724783011924372502227117621365353169430893212436425770606409952999199375923223513177023053569, 2187250724710025854091581585923177181513809825570657211482581724596522406965485289228353493746581707)
(4784065733029562133529074381561086649556325693189199154349732901177003800811567676885876557723616905849573822297374806094242135822489303183640904878452761828496707955045960758342740550191962501664561, 282, 2187250724783011924372502227117621365353169430893212436425770606409952999199375923223513177023053569, 2187250724767353527433939794373742772518695162625947976701300598833783078223777919958687895225630769)
(4784065732888586425199662424692698768596756365186123889856388634057560938762140163220489433751303078029885785215061890004265007822010225711291457353328447336058507452581656118400957710297316705928571, 283, 2187250724783011924372502227117621365353169430893212436425770606409952999199375923223513177023053569, 2187250724702900144594897611691044595239581158221092863196938476832570759046562988310220788975272059)
(4784065733031405713502141380160638210221269311794660172061363428982429071415261277642153575858164779492516159064309958200452139201342468629280457945682820947204218004876291862791255116935185693630879, 283, 2187250724783011924372502227117621365353169430893212436425770606409952999199375923223513177023053569, 2187250724768196402899554232574387954053518216891567450968594345868566208333053387055431305062776991)
(4784065733049229111127093633691364721668550501521959328312929439229232818360852219900404194567762645604960876956420424646459364697348665155899940681520813584087884491782222422389945181052326532596031, 284, 2187250724783011924372502227117621365353169430893212436425770606409952999199375923223513177023053569, 2187250724776345170401606581378493501954427819885342356755853426607897091962254438442760202759438399)
(4784025751835794743852757065450210018531314063570234599747811300140705546035518875842904471285349638954227599413212356146154561672883973270739954659002897183114576802981079264891324190875344990885673, 285, 2187250724783011924372502227117621365353169430893212436425770606409952999199375923223513177023053569, 2187232445567207711482830226635095086847993963089288456786259711266923450576794376099494578907775017)


(4783978848903694877356486057313957247745332913811289719201459356718852653623886270226924669009633117078894753599431903582480176335495317656820931114183614179155560318901769409655166802306223700949319, 286, 2187250724783011924372502227117621365353169430893212436425770606409952999199375923223513177023053569, 2187211001783205985049892039140236261825933008654111289815161157609924908994090596337286062465351751)
(4784056400912687616677291547791216063538533576835383344681007870189880600380035547177104463604357487597844124402239321747222071903438486926203083514624293442273401184965528229066791328320698789642049, 286, 2187250724783011924372502227117621365353169430893212436425770606409952999199375923223513177023053569, 2187246458170584909308367960482903110524695092708528593881850662972916472457936814013986091204345921)
(4784065239785318350654160759611468799236381827618125794524387848903294344928065973155333329757642863618073242996510191493179893464204952808142310082997204860970725327788338897332288373363467811213361, 287, 2187250724783011924372502227117621365353169430893212436425770606409952999199375923223513177023053569, 2187250499258572940879268537593272654228708970580302581837247138763845658313440932859789104239345969)
(4782265168506396783171003932338752261840397118510564950989305501930085906701403605363108433438632726057639792242142557792763473303726615363814054256302230200242054151693127882200928077784787946825497, 288, 2187250724783011924372502227117621365353169430893212436425770606409952999199375923223513177023053569, 2186427515748486256559489102930565442941109604677879705152392615774548073730470792445204160093093913)
(4783916199023838513617028515629617151727064502475634590117674824381735367195238969747775578714738068342505376844911533365175265574562750309922952175743527109438719320946513402410298000303140391206213, 288, 2187250724783011924372502227117621365353169430893212436425770606409952999199375923223513177023053569, 2187182358574109515794279296990006353167602994642497129447570581150563818232647353480903169824260677)
(4784065677022606402560080617001196970279576624989134006006802262692129810021175463918202640905302087978271537043655515288711023982386841464364830176020946868737757187206751630877385580900448362015063, 288, 2187250724783011924372502227117621365353169430893212436425770606409952999199375923223513177023053569, 2187250699161255837593095587266132467469793629448014004932991750084186099116888337031276773234442327)
(4784065731466978591009815148502857866936464405142393363280220426592706320656337622339002858788166913150402637900475408874750193440194965579828292361280335555147267844003385382963708135167064847394649, 288, 2187250724783011924372502227117621365353169430893212436425770606409952999199375923223513177023053569, 2187250724052948212664058226485268443190310319941916055479200839695676262463651867774112399970271321)
(4784059757825364169358847596186033722969190048644177062129386012860029452972367071008973703986249062508297778305503801340926299601507115826338241796616336495556682993943846974019097430490211625685423, 289, 2187250724783011924372502227117621365353169430893212436425770606409952999199375923223513177023053569, 2187247992934130083447900710651542853517888453907549775519918332610958465600048926864969633567342767)
(4778202946865803011016492841334112488429943003914903498731206508986109792926027519163728336306583295116686256595751970522232529569928876889447262827694537476424368387438176606534070225498666782544687, 290, 2187250724783011924372502227117621365353169430893212436425770606409952999199375923223513177023053569, 2184570288502169185012653799373848014711977446187952554442308266447078517399888015166192595568165423)
(4784065728768751909633256045189262473064160266006109980218773731994134946402402303539725432380346091763428895951342881309538539411995371763101276125885794350470042706426338624262712338428782893281743, 290, 2187250724783011924372502227117621365353169430893212436425770606409952999199375923223513177023053569, 2187250722819332582410128839863897748141877461395741306807572433200921925296042953447739047637156047)


(4740141824044047726237236755537255336744153744526350081505960873662545303320147270311063316118703485198604773893335071805493278120171671019741436614906896029303446892333400601807633969951841575740253, 291, 2187250724783011924372502227117621365353169430893212436425770606409952999199375923223513177023053569, 2167168935108844251509482739061745997074233507371150117175110556629877624904022422251445611862687837)
(4784058990820568613184871534837335042628502242991795541675270470532343758870631474364336264957879002762742019914546018476148593198267608609309918661945514456235780345642462302648779151783220817617949, 291, 2187250724783011924372502227117621365353169430893212436425770606409952999199375923223513177023053569, 2187247642263405933949519964452698661599002613520412460358709845873462354375730092663026101031797021)
(4783093870446296689233666040858951079067546292763782393033634995972266249554551730515591367179702930162607773575422935008494174934321493319379931175283010941376969553754012450896502689176637872659239, 292, 2187250724783011924372502227117621365353169430893212436425770606409952999199375923223513177023053569, 2186806394095860958262310973827677313180654761993442386361534718804381581137059571419512478504059431)
(3898522632903540374949925285876104744030495709018821134479344112802267298272492472788245461019538781527393522229952176380203761969670570509557661423102160883985144063571279714936279012223442413797697, 293, 2187250724783011924372502227117621365353169430893212436425770606409952999199375923223513177023053569, 1782384885614929509879141348840131058655143980678053036982056329580546974386133412222269806016987713)
(3903057582988027431394666949253882789888795729054339546170767884388627914646564644784034343927259862568668598555353565058875432217884769852347216601457960065647912548976489888737462372421666709880387, 293, 2187250724783011924372502227117621365353169430893212436425770606409952999199375923223513177023053569, 1784458241921594787148538572620514032993886169823851871598784650568179414918907293031210858997350723)
(4781317628387881998792112296171401519157506486861804453509499176084450604848789165270923075985297853174062473326075122528335378674827451513356737261696819139606496765996670653536015768652503807075421, 294, 2187250724783011924372502227117621365353169430893212436425770606409952999199375923223513177023053569, 2185994305185207652134585339374220736536006533632777368770619277272552256659127094772975055258255709)
(2461993131539429809537579547572407242064698030899324675289059148803156653389416785742440777177913196238284913517805587383868279570073453063274414836262116814618655204612145100522041936789984021291869, 295, 2187250724783011924372502227117621365353169430893212436425770606409952999199375923223513177023053569, 1125610842709252703620663503655674417383539662113395627803717328121304088707409152226358771851460701)
(4726655918456199827194477830462228971375847998292324782074667516407506578713113134016489961510471351930573845353537847467902288058521801064430411874419338987022286006632440492216214490182161029646647, 295, 2187250724783011924372502227117621365353169430893212436425770606409952999199375923223513177023053569, 2161003247090070921432807569904002756232038054876033227812354755445273656909354674818998912793182263)
(4776636164376385586771191376806500546757261365661005087148055814872901167825205195591887156394973966547375558549323756733243897443518070387166616856181778388727944437978410121146454375297631127486657, 295, 2187250724783011924372502227117621365353169430893212436425770606409952999199375923223513177023053569, 2183853963450054796873688371592563125799076885506958182715315192080285414566368731776431434292527553)
(4784061511000702777402605948487393707625392340432937566031613080188714803272962500146392837920479796558245716247883350312662466227139805575340126780118819460370753002403629250296465236245773620675583, 295, 2187250724783011924372502227117621365353169430893212436425770606409952999199375923223513177023053569, 2187248794477052777858718510518439895511293346797826485668608584636260988320816048493874515688817407)


(3090752746413751442532061563791393491242929795936999152011921626277555602111382906024824150631308330834729280994367052332481159877133853435025079222480702030425686688343739934049272488082384195927873, 296, 2187250724783011924372502227117621365353169430893212436425770606409952999199375923223513177023053569, 1413076567488792217739813331279261439372212882407922268100268884364597744927406919146121829130698817)
(4238193664502028204997294579884939665226579447789919063691228313191451115396838624908332579936723439244225493070823398326382875759110055596955045105302367332906629920139856974279235347917625395986369, 296, 2187250724783011924372502227117621365353169430893212436425770606409952999199375923223513177023053569, 1937680768135295429405050964712678129947161421738933172257207014102556166611168488466797567575851201)
(4670020814676069500199382715931891552871916004061240073607813947030239664777608281834713784453393415466461815540314770767959168399435067690411535986249576416614273777220669237676926772946535264003419, 296, 2187250724783011924372502227117621365353169430893212436425770606409952999199375923223513177023053569, 2135109963280210092231037178537447198369594623817515513428427600268927414967957843148780306232770651)
(4777998892413949622921470025374175320033581848710416028684522194060089811931808236745492976678353323693110181436144383192268042897836737956705755199501295571286656868800510558656716027088952453181903, 296, 2187250724783011924372502227117621365353169430893212436425770606409952999199375923223513177023053569, 2184476995835927809556650377340107314817961686558137606334258007466640355191754276259022403776020687)
(4784061532737903303679685000533058047588236271559194579310216183855284163350876874786391798817534046253387634051424594101820365424605042386124057857041356144455105037287216690248182962534022006149997, 296, 2187250724783011924372502227117621365353169430893212436425770606409952999199375923223513177023053569, 2187248804415191227182371878828124044715064546773080145903385463457455258195865044978152502726754413)
(4677697444484163785822017672789325683512719460820054206108814715952909576997269725189298209552144314260631886434400669610619073532330719262583043396171319295113729443130124480405353145015534486462051, 297, 2187250724783011924372502227117621365353169430893212436425770606409952999199375923223513177023053569, 2138619679711487467730389701829977386672045142996774910628036886189951114998422323622133022666522979)
(2394073247900849037601915946582391503501469893869133245870784592933642187751147642189324677496293256641524741609412053600556559149305572140962663970900851288488467223816654098499977118182703412259159, 298, 2187250724783011924372502227117621365353169430893212436425770606409952999199375923223513177023053569, 1094558214462749860659188049837695423269236962999021723245390871341915600289075077615463690376577111)
(3144616184675767672551365173196875299986585617787640000815809759733321373931002883942195886964220537622197102764845881667885086446525292776220846330598574866425045698287205762796649992278473445469969, 298, 2187250724783011924372502227117621365353169430893212436425770606409952999199375923223513177023053569, 1437702659802630540230577850717567451106929586513511605281875998154075286767331041779741614705475601)
(4682676362869145382865560018277406660964603135022029265302375021238537064695110697623415696009724086237511167947100841083680117057027680080506653753393550310677461881403882761707947311133470924699019, 298, 2187250724783011924372502227117621365353169430893212436425770606409952999199375923223513177023053569, 2140896016085990457044944220597606784049968783298474594668840779160571657816514115972807023669543051)
(2414011505096284152204433859390127393237735774485596095663419386367028617206632402153359205519274180465809975368614798782521012825295174343073763711739171501174215622078491936967518893273269254639793, 299, 2187250724783011924372502227117621365353169430893212436425770606409952999199375923223513177023053569, 1103673885094160032637017296450546901362745149272768565954005060515322227146851518947704454789464497)


(2392106874178442491368304312374544191217644024667679056730718884494223204109509632097775446168204614245998389198967550779130922932685497522234868138990055297425408422474720894682754981233170461814293, 301, 2187250724783011924372502227117621365353169430893212436425770606409952999199375923223513177023053569, 1093659198314246070807828637747949859621869579036001159357036802559177000957778858696195692935774997)
(2396512211469984822697818973195604793599904882217073119277573227172027162029568096073266679129554368209529879704223821316454197623600801157906980278908250566468261586510005847079340438026802092160333, 301, 2187250724783011924372502227117621365353169430893212436425770606409952999199375923223513177023053569, 1095673296305677467671030302991406502535298680488007076212097837150991824175430767300443115584750157)
(2426424179122645859872250545181910788468773844099891939532904479380068289759100862264955720996600753823894080005823143933317529813785228226512783719033992488622695863288080505497770744106606837884187, 301, 2187250724783011924372502227117621365353169430893212436425770606409952999199375923223513177023053569, 1109348897055851400960850919555429046051503043463077268793806532138727713661427248839496751063760923)
(2999087271637223950610528316857152768421322408863801893067597010123564549116724862179861460816092843844953834953249051982505899493047688146052174819888339436010011062459819080194939031481066719144727, 301, 2187250724783011924372502227117621365353169430893212436425770606409952999199375923223513177023053569, 1371167574734602483222408324942399308021078049638496949783082673666000638246330916084035558517506583)
(4093343299404390106569277359285996909140258885404081913756541622043411378897284717123080851193982293324221512100020752755484240536660717811907896742246759032175158597630101120332572342212423241896431, 301, 2187250724783011924372502227117621365353169430893212436425770606409952999199375923223513177023053569, 1871455911763601643558520503710345213094220398578702324631026417705627875601421363343387900258549999)
(2394559597674627611908415294857255417868848994409773496417533777503860198996870506229296714310601024792912625994592422078036285802956238614323720227937377213745914836578354165353843870296446150294087, 302, 2187250724783011924372502227117621365353169430893212436425770606409952999199375923223513177023053569, 1094780571126422619551999778574552728476000896679806521982874766091095422274180902341771950288798023)
(2397045686940181668370491357156270326056236229101760970926916567185594747916665803978647636773625435864234680520317349575860983746505426423351514789600751283767493264323659778447508088426972193867579, 302, 2187250724783011924372502227117621365353169430893212436425770606409952999199375923223513177023053569, 1095917198600074818739310230799228364203240119214195446447904458312601826112208820421589641954591291)
(2408523115340951017149254263425749837981538017625498930142223823050705785050006445385813905108031081732614954132960480298378872495838494844970010199103224725345602005958242424370983498840836377889717, 302, 2187250724783011924372502227117621365353169430893212436425770606409952999199375923223513177023053569, 1101164620978644599239757169752406546852040733373862540778350234097739099705536449693392742081626293)
(2392039531722636297359920600296283577612153052203713443699141455988115386957307400106669530768117645417457355787832033122572364235220526308540729983819321728839769180114184826361057004681239761731011, 304, 2187250724783011924372502227117621365353169430893212436425770606409952999199375923223513177023053569, 1093628409683092285375109681028551154464846972055756353698443057637798721577338053606618464857882819)
(2392426694083822015517419161677646022182828515429758645644617305929336328254458284349818864375314596366468398240521494655296625508297740014295363574882461108062637139955479794229764891921367584186209, 304, 2187250724783011924372502227117621365353169430893212436425770606409952999199375923223513177023053569, 1093805418361978025339877251876218644225626819446491064204170161990603742702750902292139849981886561)


(2392032968447059777414854783623201844235389341206648294812213476148423202086035616772396548583546268993360879802177416685019721616214698125546986743568420969627762561337755382948225331407917571616083, 306, 2187250724783011924372502227117621365353169430893212436425770606409952999199375923223513177023053569, 1093625408986600496094562928797967757661496984402778657316193332440053878694515395083277802955341907)
(2392032944341187760164236109987870904919851480143300540228255175270841572183390320119983152331037540273650426607484587467505559560230594157649538185063820327031015640451912562397576532393599432647453, 307, 2187250724783011924372502227117621365353169430893212436425770606409952999199375923223513177023053569, 1093625397965517387461892438446087729575141522881902019838123173217994277385694727002785928192196637)
(2392033824388730315881990241302028883434431252078327410130201911082526521325620054292833653271505575284983771256934737055385000935295593020823640975223020097910517188179239755854160578769183622222383, 307, 2187250724783011924372502227117621365353169430893212436425770606409952999199375923223513177023053569, 1093625800318815335516577378801881843091009062490233246475643899735385685593873621636288838373474607)
(2392032866788578452957638096018236528550308004233986192618209590742429758094986270322728723175906499193679349032836140195301921608166100237543699700911899526223144722128454630606515685808900012828189, 308, 2187250724783011924372502227117621365353169430893212436425770606409952999199375923223513177023053569, 1093625362508855547790873088465173293418381257340837436635233487678033949452029865952969365005533981)
(2392032900150897144233933822831668967086277750762240396280728533540640865351391436313574282831133029098036867008293364379225702462757046854455529558673702431720707474192963624387028502499358129496419, 309, 2187250724783011924372502227117621365353169430893212436425770606409952999199375923223513177023053569, 1093625377761939391018783339742074624173234304600418664824210067517660226366234922699820775692567651)
(2392033966913086189157680007612721210260096871356523830321059641508779035610261585623202283375954591049222746817731433084955225484672935198631791564583194817571153137967188855734894958656114978185503, 309, 2187250724783011924372502227117621365353169430893212436425770606409952999199375923223513177023053569, 1093625865480232021029364294468185346344493873895318238229484405490986046818090150958568801415725087)
(2392032866986571824815930000930951703483284839380893278299550734817332948380227106139178335406268516109739683117379645213435082345262363931681721788749968978972098452854028853940184793476472879631413, 310, 2187250724783011924372502227117621365353169430893212436425770606409952999199375923223513177023053569, 1093625362599377118827469273118272000159683356074200346911126506880044026402428719478533862790791477)
(2392032908400698163717719231013144142779664840657207533869719198634445446451178053983007902955537616337115671816925174505655033599744516019256449188032046906419549733906476597823461320033185323497417, 310, 2187250724783011924372502227117621365353169430893212436425770606409952999199375923223513177023053569, 1093625381533706809361833134365975775285462379084010596710661981469382840558297409692856078032699593)
(2392052297763746584061143890145272897766994319422819333936236421223607089362075612349589827131240470976120550447426867740658161183422272123604676901447496128253273991770758868043924249020056777727459, 310, 2187250724783011924372502227117621365353169430893212436425770606409952999199375923223513177023053569, 1093634246252702544924677911713824882492718241653490571923534030051990931802774668830156862032707811)
(2392077461587302007984841251885505509958273691127479657613195652696349537875121661403712142862276879958622483162888065607887923751903986562305274458758517240097769831225547940049983683034977690166109, 310, 2187250724783011924372502227117621365353169430893212436425770606409952999199375923223513177023053569, 1093645751025918665505594879302725464170807938056437806808926150374365597390773166722795865865453661)


(2392032866791672331765795764368103379853476133988181072528969551695066520200003621058918187489861368355124983905056460675069139175206346340903249961257697195376887397195445597950923883191042276474053, 311, 2187250724783011924372502227117621365353169430893212436425770606409952999199375923223513177023053569, 1093625362510270053578024947444936526619287132044736439114918326766945425362871005635634407443268037)
(2392032868129877691495597370119113003791660155356854910200932844387605223060749592549694578184637789030403898433582004094228240032964286401502995309530290986893863693305556609698684861809650458042593, 312, 2187250724783011924372502227117621365353169430893212436425770606409952999199375923223513177023053569, 1093625363122090794825034666014437750495949235344609424794030806345829035014324478135663662743945697)
(2392032885011085381886245210343374414763773364887027293486019346372472616344890372734668607569771308384795596927806182202350561784991866779596906791775722725544572156371920045616524047449612760295003, 312, 2187250724783011924372502227117621365353169430893212436425770606409952999199375923223513177023053569, 1093625370840093810718588644527910547379365382038987883171948706443617658198485837619586234832650587)
(2392032908025453952034608626692838281144204727666495962533630688181346957809836742573354541130504289036860329754953604859062205238515887997076915321953062447716868627259369462885424121653301224579679, 312, 2187250724783011924372502227117621365353169430893212436425770606409952999199375923223513177023053569, 1093625381362147048319652189735605580033755542099923015444563843655793565412191381272991958397092191)
(2392033121745819653079016064538325251786809719928324541399719100892385377388069164888562235591218964539699363481213192175565725173473555008541326934147600441430528733700265924071832157420760411882429, 312, 2187250724783011924372502227117621365353169430893212436425770606409952999199375923223513177023053569, 1093625479074020350931870453710435244235450216913588283175894922629380571450959523001125094924746941)
(2392032866552475930114743151774543399797191545076180800739953906177966450893866479086262962529007901680535083923384070117953495786771203744459867911361783852217855607743622401063505373833053133994249, 313, 2187250724783011924372502227117621365353169430893212436425770606409952999199375923223513177023053569, 1093625362400910665127127396207265662700255723413525440021591592144796679951785214619470653502259721)
(2392032866617762881053787346778368892558414436278907057177842943145718924917321884260799059354262072404161688615906451351727580204011604631591814686951277504369128877306546299447508833924369694566233, 314, 2187250724783011924372502227117621365353169430893212436425770606409952999199375923223513177023053569, 1093625362430759529822564195165809329965860738474222690802772834371390621150872261598613031425671257)
(2392032867134629727141560730293266553589024784060781337424667245600717198568418800871750063183265938655000376160955734917481833899663229450567472847752082778067651522776423100887987158881247137090357, 314, 2187250724783011924372502227117621365353169430893212436425770606409952999199375923223513177023053569, 1093625362667068445042628689729925190571995460616701692014478782428302803913575969844366750305484853)
(2392032956366344189489242894009873532198513196528382038276875102062455059818555461458347556457548513969874580919013150451198588018463431354818284215965500273696293294385691179274590579074875109885371, 314, 2187250724783011924372502227117621365353169430893212436425770606409952999199375923223513177023053569, 1093625403463358258228078923388624031536983792910438943265145127673960041458334539552431513714819259)
(2392032867489638643574338141687696483731248947287490070161591293843763264432601137457824676264423129764613017953239579755297613043149734255504291448974686328004596500011129927190717987993614945322873, 315, 2187250724783011924372502227117621365353169430893212436425770606409952999199375923223513177023053569, 1093625362829376731152807656092309178357931994687631471311300868806810635411402901332012365770653817)


(2392032866532038802427139587351165424785465657233792716756053171837098239344191350909937089932889295795005404082015649884438928877043984772461888902231735054418974500422642502587499439123873983886093, 316, 2187250724783011924372502227117621365353169430893212436425770606409952999199375923223513177023053569, 1093625362391566913422744695808410780793911303352302123727460564082455775214043519733704901928157197)
(2392032866532924209461165138104680968325788622435551148483304134053071712722571423644225130621536280220046811780365082976035871579681353697470021077190623658955683395420205066671115835885783506388603, 316, 2187250724783011924372502227117621365353169430893212436425770606409952999199375923223513177023053569, 1093625362391971717053162232103563623668745654104473735252548053655196621624922863914134537248964987)
(2392032866533404889344664312328995045652718606543284430254847097943567209667642788865899201901214981687017118096543820143551863432070200809733501563824102654487574810032926195432712728020535788631053, 316, 2187250724783011924372502227117621365353169430893212436425770606409952999199375923223513177023053569, 1093625362392191481471595267704711387796955064680787657526215826938538232903774577461398376460321037)
(2392032866532268785178029247504898016478902876149426430576028976659843598656032125651356838953995331285979000505778562022196218015073428004380928582726866227120968178338683785103399347889307450866947, 317, 2187250724783011924372502227117621365353169430893212436425770606409952999199375923223513177023053569, 1093625362391672060376536413394374296669618126313124143997624261134043529560720637928141633838120963)
(2392032866846258976701553369401728428605492992224725346017129803538042992615273696116497555032892874375782980748728117303623308010854017718541204831983885308253242382211958138388926555116617580086779, 317, 2187250724783011924372502227117621365353169430893212436425770606409952999199375923223513177023053569, 1093625362535226792335614304170637258938033820618781448873656518644146989961133056898558769066148091)
(2392032866551582024872832532747448822845563740376385095522819311451221786409275199895017148204477160647480625613836275852191162730170206148084116518272657807937482721682827444675939948655960175625659, 319, 2187250724783011924372502227117621365353169430893212436425770606409952999199375923223513177023053569, 1093625362400501976158925408453970980901607725623540543682825998293013329916086392630470607764455611)
(2392032866553261483206119150313505300754682646176001268961072186392378428774264875951297162996018427475654876947512924560746357151688661421301727468107771222923718057569053017097103762748912848287179, 319, 2187250724783011924372502227117621365353169430893212436425770606409952999199375923223513177023053569, 1093625362401269816038577627869251898220279721471390954985961356438788108771035694549197966423359691)
(2392032866531911329308863563247479923615893064763233614407798684175530372751023254055570485394632159264548723029747458171156311223898027560952479073801060180845707051394444842695903548152394146610053, 320, 2187250724783011924372502227117621365353169430893212436425770606409952999199375923223513177023053569, 1093625362391508633355977923936283196936706597785102851522288999896818220841751352605148745673212037)
(2392032866532013838941477199297527014139757691208308225879520001336707865469695931942623629877480747635462719213548917700314732006547633431302922089699544020548323066956402153939109827075210502708069, 320, 2187250724783011924372502227117621365353169430893212436425770606409952999199375923223513177023053569, 1093625362391555500243002869650119128955208715178725599587281132762768420816136303671029321328230501)
(2392032866536905619855319624276458121522105927266013778493785965349374745982521648728942079033108692376911004759659586025553860971732304442198632898063931208496535631428706004764486795840829140182491, 320, 2187250724783011924372502227117621365353169430893212436425770606409952999199375923223513177023053569, 1093625362393791997805177740243015159475439291319997670460739908386609569852848217229371817611755739)


(2392032866531912391584849196781677302792306169700488273594034138239376771639299654862690207099117655087559051752290345787953710429599865382906602194616576970060941969713339284244975858862416352736141, 321, 2187250724783011924372502227117621365353169430893212436425770606409952999199375923223513177023053569, 1093625362391509119023200980368550926802183303664829512123998762931698533794853787331220046975336589)
(2392032866531919296378755814753960267438991351792643558304564589654378364413096260108968398178273202957068205807865165496958635856952582972053931022922522038311456142546217204240087997423398848270193, 321, 2187250724783011924372502227117621365353169430893212436425770606409952999199375923223513177023053569, 1093625362391512275860150847178291170927781891883052806035112222658420567990019613050683505439146097)
(2392032866531945853278396653108894746849318975224010037960450941250538336620006280286961440790410786635888755210462851952085148114935948893478065859579974384964480356476509389296292987307177984029327, 321, 2187250724783011924372502227117621365353169430893212436425770606409952999199375923223513177023053569, 1093625362391524417540727257984984417564699538876219321077856298530428391817580481202466037992259983)
(2392032866531909204756892296179085165263066854888724296035327776047837574974470452441331041985661136997017918622494741722530333165795236972672200327195916641626747475414667168334833797547871411607911, 322, 2187250724783011924372502227117621365353169430893212436425770606409952999199375923223513177023053569, 1093625362391507662021531811071747737205753186025649530318869473827057594935546483153006143068962919)
(2392032866531919827516748631521058957027197904261270887897682316686301563857234460512528259030515963992077718867208155540370698165531694002047577942604898987542712061423659621270163493857472089654651, 322, 2187250724783011924372502227117621365353169430893212436425770606409952999199375923223513177023053569, 1093625362391512518693762375394425035860520244822916136335967104175860724466570830413719156090208379)
(2392032866531975065868001575299322674200679360998513165581925928006314306047607302482753787663761077489893028837789453628153958869889462673816126902006225740929366368388415572789417255746457753819113, 322, 2187250724783011924372502227117621365353169430893212436425770606409952999199375923223513177023053569, 1093625362391537773389361309872346988865308950568702487624874781989636998027897436169426823800684777)
(2392032866531906017928935395576493027733827540076960318476621413856298378309641250019971876872205821894375416149257542533331870593741552805624789726615290487026078455265554709182464668480689149942631, 323, 2187250724783011924372502227117621365353169430893212436425770606409952999199375923223513177023053569, 1093625362391506205019862641774944547609323068386469548513740184722416656076239178974792239162589799)
(2392032866531907080204921029110690406910240645014214977662856867920144777197917650827091598576691029000290073514226412979835290273423164009214034943389199074521267259788554833109671475451344312997611, 323, 2187250724783011924372502227117621365353169430893212436425770606409952999199375923223513177023053569, 1093625362391506690687085698207212277474799774266196209115449947757296969029341613700863540464714219)
(2392032866531905486790942578809394338145620987608332988883503686824375178865503049616412016019961822875455675905165357653659259711469651881733257248693896551631594502990565445379844663588420860238119, 324, 1093625362391505962186251113558810682676584715446606218212885303204976499599687961611756588511526951, 2187250724783011924372502227117621365353169430893212436425770606409952999199375923223513177023053569)
(2392032866531906549066928212343591717322034092545587648069739140888221577753779450423531737724447414937497895080232917660554652092511565243142339670856616074753511459241424659469538808878232080721243, 324, 2187250724783011924372502227117621365353169430893212436425770606409952999199375923223513177023053569, 1093625362391506447853474169991078412542061421326332878814595066239856812552790396337827889813651547)