(858099707516326214372737599885174152158679412517913176174307932398192897925548120251539819926238639007265147886581260423251461557147200366805234510094083003, 4, 926336713898529563388567880069503262826159877325124512315660672063305037119923, 926336713898529563388567880069503262826159877325124512315660672063305037119961)
(858099707516326404909148141632746868320619707510973829775268788414498492356702014277252866186102652444406564396684724380557534370112174724882536528733305593, 4, 926336713898529563388567880069503262826159877325124512315660672063305037119923, 926336713898529769076637545220258532197307696993937635157643876260787955696291)
(858099707516331549392232768817210204693007672323611477001211900854749541992656698659678770452419701292235022458583090956645868470730233509272418378966069589, 4, 926336713898529563388567880069503262826159877325124512315660672063305037119961, 926336713898535322654518504290650805218298828051891951891190389592826757251549)
(3432398830065254555878567378187041835124817216157253011986112493686016006785646328231410793199126948949236604651268413508548480955923158963465983168153125263, 4, 1852673427797058921089066094988251256281171934981435901789338139929127155662869, 1852673427797032181640009625390066238031955378035729932331521594256347740766227)
(3432398830065227118635449366803277704749653275895262835965418899983019248496912556092991122595231121922485866196592255991401004324551911799237009451624959879, 5, 1852673427797051104942418819259551020177554787566537233793976380424776249770249, 1852673427797025188245641010264387079412929509296083755704092651541928509177871)
(3432398830065242361548292706569495100950465823268499589429892264917586048845662041598103860134451543826160783182023837041755608103670594372683507552925780377, 5, 1852673427797049459437861498053508865208372230216032251058110746844912901161051, 1852673427797035061272984937500640009228024853399113652119286453021108600832027)
(3432398830065251888368819793759819861554015196029693867170487776243187098785971103151688973789727709134983939995189824933977044543252615934346935887038776227, 5, 1852673427797057481272578438932964370683137197299744041895455710546746725630001, 1852673427797032181640009625390066238031955378035729932331521594256347740766227)
(3432398830065272085228337219035739226591708554905467373947904931012559159741108206563342859402602626663089802169486979789100877007661501508826305884097371699, 5, 1852673427797051104942418819259551020177554787566537233793976380424776249770249, 1852673427797049459437861498053508865208372230216032251058110746844912901161051)
(3432398830065301427835560648084726178375812947479224320517649100071663035139233493014399577033614038061150794109094702710715162055030702992718867048788132869, 5, 1852673427797057481272578438932964370683137197299744041895455710546746725630001, 1852673427797058921089066094988251256281171934981435901789338139929127155662869)
(3432398830065302571054023898570035552601446989706589474384271944129849548026005039442431224851129784633428075333522614142621653204021323932398332843632101491, 5, 1852673427797058098336787434385230178796580656306183410421405323139195481358439, 1852673427797058921089066094988251256281171934981435901789338139929127155662869)


(858099707516373467402551953559899346616719024374268940542796870872557380906266998336935645736569947955905576272962857835514754851348993395973196526221546187, 6, 926336713898574403387754882934151985736384565126385291867999187114581286715549, 926336713898535734030657834592161343960594467389518197575156797987792594403463)
(3432398830065286947068359475282061254997133604747823111077709636183339299897963776010762902544436056559996733176801284824632809717404092235445105316031640249, 6, 1852673427797051104942418819259551020177554787566537233793976380424776249770249, 1852673427797057481272578438932964370683137197299744041895455710546746725630001)
(3432398830065283898485790807323605481654253743120159698564038170101586934583594722556427444750145471987358459641830818244466130068040787794305304452338291051, 7, 1852673427797049459437861498053508865208372230216032251058110746844912901161051, 1852673427797057481272578438932964370683137197299744041895455710546746725630001)
(858099707516326404909148141632746868320619707510973829775268788414498492356737215072381010317327564671124934220908222073043304000248165192180446471049764651, 8, 926336713898529563388567880069503262826159877325124512315660672063305037119961, 926336713898529769076637545220258532197307696993937635157643876260787955696291)
(858099707516331930465053852312355637016888262309732784203133612887360730854238238727408415575598984824822961314123408247307499316300834129263269441777493349, 8, 926336713898529563388567880069503262826159877325124512315660672063305037119923, 926336713898535734030657834592161343960594467389518197575156797987792594403463)
(858099707516332121001464394061197580638905834612781115195517389300136862276718753489276133065046303650120948090859549519710990755250862828929654037946655733, 8, 926336713898535734030657834592161343960594467389518197575156797987792594403463, 926336713898529769076637545220258532197307696993937635157643876260787955696291)
(858099707516367751310235700856026275461663721005135661183774543952812483876047332717284467208512540372802836151728542850326215054378412269415723655996973589, 8, 926336713898529563388567880069503262826159877325124512315660672063305037119961, 926336713898574403387754882934151985736384565126385291867999187114581286715549)
(3432398830065288090286822725762547564874473993197235090856925382734937772217827926662893752480121486521414889866518700655208304825995269862649323236167281311, 8, 1852673427797051104942418819259551020177554787566537233793976380424776249770249, 1852673427797058098336787434385230178796580656306183410421405323139195481358439)
(858099707516331930465053852312355637016888262309732784203133612887360730854273439522536559933492149822537463445193910837068301007808690087586805560364824943, 10, 926336713898529563388567880069503262826159877325124512315660672063305037119961, 926336713898535734030657834592161343960594467389518197575156797987792594403463)
(858099707516367751310235700856026275461663721005135661183774543952812483876012131922156321381183805687251338376270560236851412413287428300305369567101782727, 10, 926336713898529563388567880069503262826159877325124512315660672063305037119923, 926336713898574403387754882934151985736384565126385291867999187114581286715549)


(858099707516367941846646242612822044500165564450773437162408621516803980443918878314456942460543615816940017635927732964755120150856480266939609120751328759, 12, 926336713898574403387754882934151985736384565126385291867999187114581286715549, 926336713898529769076637545220258532197307696993937635157643876260787955696291)
(3432398565067394105912518748875104291253057191220323659657034156919136945515951866612334841140173672527091307810285992322383108376416234441544417838589040771, 12, 1852673426190094137381019349848104145690792775513526938548728758954971740766291, 1852673286368609993594963777064493759264117136221491511105307326469635475243281)
(3432398830060424076798513014786794473416901270432398456886995721200637542395373590168782615115811914557872830180121024375075739331105222159439137282870846799, 12, 1852673427797051104942418819259551020177554787566537233793976380424776249770249, 1852673427794432695815581450144971925465810403575483455347786946467222775660951)
(858099726210073712714302744597140299427326747295816253931123319927122463725180837987141536462811601417265628293339504515605726191326960313564113399407725417, 13, 926336734078817683002951439297939887326312079890727804552563647570575271919759, 926336713898535734030657834592161343960594467389518197575156797987792594403463)
(3432398830060421028215944351147435131552990942872135362226094169615024522646287168031646091011406674547175275285662036685143456209318837991904997071822819501, 13, 1852673427797049459437861498053508865208372230216032251058110746844912901161051, 1852673427794432695815581450144971925465810403575483455347786946467222775660951)
(3432398827088105611814007248790533691106641309759088102799045543087348987552442594884485238378331233686419917072434380512672070486874998885410045642342931841, 14, 1852673426190094137381019349848104145690792775513526938548728758954971740766291, 1852673427797049459437861498053508865208372230216032251058110746844912901161051)
(3432398830060435890055966586389311923139553789728417948697989233594887993921434133431092652312932398213334294139503663961780262281904093479541485524649790951, 14, 1852673427794432695815581450144971925465810403575483455347786946467222775660951, 1852673427797057481272578438932964370683137197299744041895455710546746725630001)
(858099726210109533560264951908429628675190962994535202475549086735493138082153318310010587783282143332610201755821803531151518168793397107776240276985632691, 15, 926336713898574403387754882934151985736384565126385291867999187114581286715549, 926336734078817683002951439297939887326312079890727804552563647570575271919759)
(3432398827088120473654016614293664705439144430978410984879392314948935100067068288733692449183446865153381829792347299108953765764328940073519746301479096291, 15, 1852673426190094137381019349848104145690792775513526938548728758954971740766291, 1852673427797057481272578438932964370683137197299744041895455710546746725630001)
(3432398827088121616872478873178520937310875440302974283500957451245980185645222448955099575402164335142862514577293981295204824173539262795425300119499579749, 15, 1852673426190094137381019349848104145690792775513526938548728758954971740766291, 1852673427797058098336787434385230178796580656306183410421405323139195481358439)


(858099707690205741368515058046916499471143884816115687431330436541253115153023526141383317995168119839632239212679960680973411655895967433169424312493520357, 16, 926336713898529563388567880069503262826159877325124512315660672063305037119961, 926336714086236176315521491162470715532285423135954526506164006827656321433837)
(858099726210073331641473359412977646988519681171361797031714535173841924636593899395784584479213031267125949066879984947462523228507700055565531267706456691, 17, 926336734078817683002951439297939887326312079890727804552563647570575271919759, 926336713898535322654518504290650805218298828051891951891190389592826757251549)
(858099726383947527405612955819300489902019149690910803224682230628454983737417545749966041251190811933315838361236317970459050448951998576312005390491485283, 17, 926336734078817683002951439297939887326312079890727804552563647570575271919759, 926336714086236176315521491162470715532285423135954526506164006827656321433837)
(3432398827088108660396573272483483642764590667957923565789885906546135882427575935677689944452365917572197186289996256792606965386258988006593504975953876459, 17, 1852673427797051104942418819259551020177554787566537233793976380424776249770249, 1852673426190094137381019349848104145690792775513526938548728758954971740766291)
(858099707690205741368515058046916499471143884816115687431330436541253115152988325346248041020468130022968065325489733834894245383888733200909973372279034551, 18, 926336713898529563388567880069503262826159877325124512315660672063305037119923, 926336714086236176315521491162470715532285423135954526506164006827656321433837)
(858099707690211457460832468744424274191003005852581482797428607716597923814432006662973317613740137957846734007404209842387706306057933716423352017838177531, 18, 926336713898535734030657834592161343960594467389518197575156797987792594403463, 926336714086236176315521491162470715532285423135954526506164006827656321433837)
(858099726210067996621861966834700512845220755428999400439991548627914377391902552691186567299928793713361390240660623647585466453049174025819502860516258557, 19, 926336713898529563388567880069503262826159877325124512315660672063305037119923, 926336734078817683002951439297939887326312079890727804552563647570575271919759)
(858099726210067996621861966834700512845220755428999400439991548627914377391937753487081562371882905868054711956379023506621314109622171444427184720849209399, 19, 926336713898529563388567880069503262826159877325124512315660672063305037119961, 926336734078817683002951439297939887326312079890727804552563647570575271919759)
(858099726210068187158276659426781839064624288491226628889695941004554646936576746384571437359442291829982683147581497696492157062129907813970300363125913869, 19, 926336734078817683002951439297939887326312079890727804552563647570575271919759, 926336713898529769076637545220258532197307696993937635157643876260787955696291)
(3432398827083257603388388071076873067052674434060993081615157552751489412884874064677168187034896474114364430231851195622574932494785865364740634508745802741, 19, 1852673426190094137381019349848104145690792775513526938548728758954971740766291, 1852673427794432695815581450144971925465810403575483455347786946467222775660951)


(858495961018711881091777296741780276159259059620944348674648431428121531016182001676877650202048788814858074724712348815137526381725295065976432464609943681, 21, 926336713898574403387754882934151985736384565126385291867999187114581286715549, 926764477903128344735063524252475957519631998794118984542003914989436420489269)
(1088271901932705986079555200501649916838769363031170293516382451468195947131168844738966048108564507027908365403220586352177742196551001636835448446838114281, 21, 1174812447357999748569159138963470238229234842898831694377991526789791006851087, 926336713898535734030657834592161343960594467389518197575156797987792594403463)
(1088271901932751415321604144300899309890451847677245601563359994311341466128142747751057938907660284238060031147482734489445297325127110305409524119170451763, 21, 1174812447357999748569159138963470238229234842898831694377991526789791006851087, 926336713898574403387754882934151985736384565126385291867999187114581286715549)
(858495961018676043705236401104404575544726310612369557977064082734221403898268058791007912521739276978408615681233215351385036177587540857945761193647938547, 23, 926764477903128344735063524252475957519631998794118984542003914989436420489269, 926336713898535734030657834592161343960594467389518197575156797987792594403463)
(1088271901932698736732419730746450545607117902715307212445056247823013151546901917653239935032396862901124884762079606011846788380720815128651422939821906301, 23, 926336713898529563388567880069503262826159877325124512315660672063305037119923, 1174812447357999748569159138963470238229234842898831694377991526789791006851087)
(1088271901932698736732419730746450545607117902715307212445056247823013151546946560526239539022842490948405496631132316935876943985107178806669434998082247607, 23, 926336713898529563388567880069503262826159877325124512315660672063305037119961, 1174812447357999748569159138963470238229234842898831694377991526789791006851087)
(1088271901932698978377324246404957191314839618059169315147433787944519244733337851667936972072078074156758535009674947400582528098176319227288338208435218317, 23, 1174812447357999748569159138963470238229234842898831694377991526789791006851087, 926336713898529769076637545220258532197307696993937635157643876260787955696291)
(1088271925640752410926160449235318189994155690800165115783487387441367646038310713092132668521069504532723671154146679582254031859582491090362208339925928033, 24, 1174812447357999748569159138963470238229234842898831694377991526789791006851087, 926336734078817683002951439297939887326312079890727804552563647570575271919759)
(858495961018670324973341577332482921191343425132277836057236793049024575103137542272566744292703624689048841781401812148930875130427084034266916002287606287, 25, 926336713898529563388567880069503262826159877325124512315660672063305037119923, 926764477903128344735063524252475957519631998794118984542003914989436420489269)
(858495961018670515597738071458213643003122854648280893454564369371864469396540250609323898653188578979757286567442766922044543578134600240470236613788601279, 25, 926764477903128344735063524252475957519631998794118984542003914989436420489269, 926336713898529769076637545220258532197307696993937635157643876260787955696291)


(858495979721044508082469404022229361084796120112972273961121554595849466971684427918084146006589897701759182933709578945297914696979629608746664939688566171, 26, 926764477903128344735063524252475957519631998794118984542003914989436420489269, 926336734078817683002951439297939887326312079890727804552563647570575271919759)
(858495961018670324973341577332482921191343425132277836057236793049024575103172759322727063169803557102970435867787558164885051651839680183036514586266198509, 27, 926336713898529563388567880069503262826159877325124512315660672063305037119961, 926764477903128344735063524252475957519631998794118984542003914989436420489269)
(1088774444409833089705407533719579562409180310792467348438295200208728245798567550526487821840860860082549783588023801411813376024748411842367250519564485403, 28, 1174812447357999748569159138963470238229234842898831694377991526789791006851087, 926764477903128344735063524252475957519631998794118984542003914989436420489269)
(2173093075548964180666421465501718398765937720078430292820213260898502996392553848344004836323601416909238754230099619225801929461657529092845071557162174021, 28, 1849736168897399413816282789435673585209332669482410203471367411256921346277483, 1174812447357999748569159138963470238229234842898831694377991526789791006851087)
(3426957045578883615894427025666148226854554949827003328869592417752935475688420922536969877029360745923577749290024592019875586719180539993341978690738725553, 28, 1849736168897399413816282789435673585209332669482410203471367411256921346277483, 1852673426190094137381019349848104145690792775513526938548728758954971740766291)
(1713478524275672439466124734013460857785561167029383125353747173223183167874505809373535815407749615692497453799815742778972355021501398640925652191505593809, 29, 926336713898529563388567880069503262826159877325124512315660672063305037119923, 1849736168897399413816282789435673585209332669482410203471367411256921346277483)
(1713478524275672439466124734013460857785561167029383125353747173223183167874576099347953916585474634438496009396053697420412686609233310602553415202664138163, 29, 926336713898529563388567880069503262826159877325124512315660672063305037119961, 1849736168897399413816282789435673585209332669482410203471367411256921346277483)
(1713478524275672819934786704330815198566981499893866835356551841445953281224839182677271985619121885556413168488136260640861310847643975287152675238159915553, 29, 1849736168897399413816282789435673585209332669482410203471367411256921346277483, 926336713898529769076637545220258532197307696993937635157643876260787955696291)
(1713478561603881273087338945728513726522190469226415754511139567883088452476573554070192464869654469493544899471528894358009048081675647048715424453724486597, 30, 1849736168897399413816282789435673585209332669482410203471367411256921346277483, 926336734078817683002951439297939887326312079890727804552563647570575271919759)
(3426957048551326996905136863111267698844366689428031880575674939976171008302767152981063222125487333352820325566850348411398575760954524094790152247517914633, 30, 1849736168897399413816282789435673585209332669482410203471367411256921346277483, 1852673427797049459437861498053508865208372230216032251058110746844912901161051)


(1713478524275683853525983843534091081228171152963894425437887219906286568370633987218890426145295590689201342560361283614522953279743442443309433494054123629, 31, 1849736168897399413816282789435673585209332669482410203471367411256921346277483, 926336713898535734030657834592161343960594467389518197575156797987792594403463)
(1713478524275755381634434263196707148135193731486831905965164845787067878149888766576355507118995603867385696618848156921328913238396124421125127390644683167, 31, 1849736168897399413816282789435673585209332669482410203471367411256921346277483, 926336713898574403387754882934151985736384565126385291867999187114581286715549)
(1716991790966477828383963026948917483614904541041804616576226205692647474589683448726891165957138403562184778492977124605786144530482377846016661030824851589, 32, 926764477903128344735063524252475957519631998794118984542003914989436420489269, 1852673286368609993594963777064493759264117136221491511105307326469635475243281)
(1716991920548062580540385152930086758246487809782238531374538901131857526823443557068315950051753953171731966468120617117355614131315232813081092351202431279, 32, 1852673426190094137381019349848104145690792775513526938548728758954971740766291, 926764477903128344735063524252475957519631998794118984542003914989436420489269)
(2176543637713495021264713867076959823186722518160069575436882741783749358344863601614687890492479352339306698664951468894914420322663533445547643449064296447, 32, 1174812447357999748569159138963470238229234842898831694377991526789791006851087, 1852673286368609993594963777064493759264117136221491511105307326469635475243281)
(2176543801977515001453765827058938927601567172707316646346455473375711267745556980977688841869896405015026181512341163081573899310881297564156213712306308317, 32, 1174812447357999748569159138963470238229234842898831694377991526789791006851087, 1852673426190094137381019349848104145690792775513526938548728758954971740766291)
(3426956786946027206219129669074062688933800254550072787211259797612582393841898026348867880677025003774741825751510990303323140711497127415118292553157341723, 32, 1849736168897399413816282789435673585209332669482410203471367411256921346277483, 1852673286368609993594963777064493759264117136221491511105307326469635475243281)
(3426957048551330040654432625650102425095729352343901560598112285758331915102204500060057724439942262513791356993638996465593934154834129764551751950152003267, 33, 1852673427797051104942418819259551020177554787566537233793976380424776249770249, 1849736168897399413816282789435673585209332669482410203471367411256921346277483)
(1716199284022287606948160124407954061683816084623422218613145813532907217249628933607147104474304388797997651083775545815522655799018567593838582803996987363, 35, 926336713898529563388567880069503262826159877325124512315660672063305037119923, 1852673286368609993594963777064493759264117136221491511105307326469635475243281)
(1716199284022287606948160124407954061683816084623422218613145813532907217249699335192029111654060997421526101846627582266699072476440569272244428952056232041, 35, 926336713898529563388567880069503262826159877325124512315660672063305037119961, 1852673286368609993594963777064493759264117136221491511105307326469635475243281)


(2176543803865386116154327225543088742951315184269095597878368109935239923343651642125425484559501536905723608858823361838394441663696226644187423617761412437, 36, 1174812447357999748569159138963470238229234842898831694377991526789791006851087, 1852673427797049459437861498053508865208372230216032251058110746844912901161051)
(1716199284022287988020952117758401553803158738151405048791708908251891148102239635751909348173560183572322158802179471409665932480447008636173334172974370771, 37, 926336713898529769076637545220258532197307696993937635157643876260787955696291, 1852673286368609993594963777064493759264117136221491511105307326469635475243281)
(1716991922037333215595219883761467691723289099140436433618698109507293272771683282415646357184649513195298763915290766295871192509926280302336844017419957981, 37, 1852673427797051104942418819259551020177554787566537233793976380424776249770249, 926764477903128344735063524252475957519631998794118984542003914989436420489269)
(2176543803865388049313563350811141908613088907019992419497388430907288668833087891709914713315949475094162591803637848912578999264956286227507770668705910663, 37, 1852673427797051104942418819259551020177554787566537233793976380424776249770249, 1174812447357999748569159138963470238229234842898831694377991526789791006851087)
(1716991922037331690600047930755621917229053663012411974440077498924574118426079746500007984390677299782976028648792405580856376675276489488281835115586261719, 38, 926764477903128344735063524252475957519631998794118984542003914989436420489269, 1852673427797049459437861498053508865208372230216032251058110746844912901161051)
(1716199284022299039131919924921378825264095690462907123970038655102425142814054948302249840500016003699749179441412435118159769908581993915358857808993882103, 39, 926336713898535734030657834592161343960594467389518197575156797987792594403463, 1852673286368609993594963777064493759264117136221491511105307326469635475243281)
(1716199284022370680816814674805507343700514553723679197539900462271404143021315091648900082468959744854702090946057292207778961849301760065164494514220476269, 39, 926336713898574403387754882934151985736384565126385291867999187114581286715549, 1852673286368609993594963777064493759264117136221491511105307326469635475243281)
(2176543803862311909679079018021542049315652579655425018231302684134722409093101697152318865966922012836722024526728813678814622820630498024550035675657803737, 39, 1174812447357999748569159138963470238229234842898831694377991526789791006851087, 1852673427794432695815581450144971925465810403575483455347786946467222775660951)
(3426957048546486674587550485729344277614891987466273224894685809894788971009938949249929053479215985306713177854099511660912423254448072339092948018773666333, 39, 1849736168897399413816282789435673585209332669482410203471367411256921346277483, 1852673427794432695815581450144971925465810403575483455347786946467222775660951)
(1714269774826731198818440119188918869154380476770100198878244694430985026367773898452100025507395678690689531067827610567290713050765535089097756302697829927, 40, 1849736168897399413816282789435673585209332669482410203471367411256921346277483, 926764477903128344735063524252475957519631998794118984542003914989436420489269)


(1716199452420127038032233381841578693378475456933319063743876655553736086193845463837845906291937169009589680612853770147489006954910330871690134028808106709, 42, 926336734078817683002951439297939887326312079890727804552563647570575271919759, 1852673427797049459437861498053508865208372230216032251058110746844912901161051)
(1716199413544061761118291318993307328548546894588623223935116339203860997471700154616821073082183534279255411196085559157322956296476978350873536175682915593, 43, 926336713898529563388567880069503262826159877325124512315660672063305037119923, 1852673426190094137381019349848104145690792775513526938548728758954971740766291)
(1716199413544061761118291318993307328548546894588623223935116339203860997471770556207016296659404013014549639153621809282792470320141830043713825101832034651, 43, 926336713898529563388567880069503262826159877325124512315660672063305037119961, 1852673426190094137381019349848104145690792775513526938548728758954971740766291)
(1716199413544062142191112071954926072505790564363477656808971384636209359331496168191237649386921277238081918578077809215570645413238237042663391174806526681, 43, 1852673426190094137381019349848104145690792775513526938548728758954971740766291, 926336713898529769076637545220258532197307696993937635157643876260787955696291)
(1716199413544144834993215464626193511227666905506889590435516243455803882809784196968888136077044643540123438615351753448858693836645337897548322363804758759, 43, 1852673426190094137381019349848104145690792775513526938548728758954971740766291, 926336713898574403387754882934151985736384565126385291867999187114581286715549)
(1716199452420128562323550922578229303133703721431136891341511794566858242549621629447223251093522000729545820824949021647253321080807425048238289624913449991, 43, 1852673427797051104942418819259551020177554787566537233793976380424776249770249, 926336734078817683002951439297939887326312079890727804552563647570575271919759)
(1716199452420135040561650470708994394593423845546862658631461135372627407060835240721304912359030374816832323917929170181230165000065939170283077300725496201, 43, 926336734078817683002951439297939887326312079890727804552563647570575271919759, 1852673427797058098336787434385230178796580656306183410421405323139195481358439)
(1716199415030230901503900113661933164491395786995327126657826211036299330893169029212293855434520468419990568030084534919253355315130421462462955533388273313, 44, 926336713898535734030657834592161343960594467389518197575156797987792594403463, 1852673427794432695815581450144971925465810403575483455347786946467222775660951)
(1716199413544073193302913907841869647265856987834256210150767702174311853251685511152892656193958177920189851563172115088402177760199273412406898093644065733, 45, 1852673426190094137381019349848104145690792775513526938548728758954971740766291, 926336713898535734030657834592161343960594467389518197575156797987792594403463)
(1716199452420134468952406392932750415935213246360180973282347958242706598427429599906046794757369846125540873162125871879717317890655745195112687923995089759, 45, 926336734078817683002951439297939887326312079890727804552563647570575271919759, 1852673427797057481272578438932964370683137197299744041895455710546746725630001)


(1716199415030230139358257947752093329025418205105261352992600823139896075956611629284424478212656065066347065983736857907348633406720397288442534860643563099, 46, 1852673427794432695815581450144971925465810403575483455347786946467222775660951, 926336713898535322654518504290650805218298828051891951891190389592826757251549)
(1716199415377978523310329542877940485679583885811173340539075948483244170254784930663367430021230923706801341064505689182513093159815651015157575345690998987, 46, 1852673427794432695815581450144971925465810403575483455347786946467222775660951, 926336714086236176315521491162470715532285423135954526506164006827656321433837)
(1716199450931545293187523568745658200846530029483968558403265193810137414203027559944488836570591384404586578547542902667535035333591222016011088305324043869, 46, 1852673426190094137381019349848104145690792775513526938548728758954971740766291, 926336734078817683002951439297939887326312079890727804552563647570575271919759)
(1716199321409768317379557040463658895801274352600907824898069980564719368989224612992541512619325270206981188857660698872077511947333657450341302578435889279, 48, 926336734078817683002951439297939887326312079890727804552563647570575271919759, 1852673286368609993594963777064493759264117136221491511105307326469635475243281)
(1716199415030219469319267625014335632501732058644340521679445392590250506835859617638006087185765159711137822934869515491412941599650247900719959435775226773, 48, 926336713898529563388567880069503262826159877325124512315660672063305037119923, 1852673427794432695815581450144971925465810403575483455347786946467222775660951)
(1716199415030302543194263709186877698293288484661509851189012673298205294989165126604162214114161638913643507229001294721320517464210999888233055464403827099, 48, 926336713898574403387754882934151985736384565126385291867999187114581286715549, 1852673427794432695815581450144971925465810403575483455347786946467222775660951)
(1716199415030219469319267625014335632501732058644340521679445392590250506835930019228262275628206151806243331868037216286748809970953463804685713901250342911, 50, 926336713898529563388567880069503262826159877325124512315660672063305037119961, 1852673427794432695815581450144971925465810403575483455347786946467222775660951)
(1716199415030219850392088707969255550234720849589373408512058086538452134304899766380764287634677565363969157419409802073234826254003200422728198332944232741, 50, 926336713898529769076637545220258532197307696993937635157643876260787955696291, 1852673427794432695815581450144971925465810403575483455347786946467222775660951)
(1716199415032728071700460273197017558421755547630398059200820062909956601611771232474770439568994810316732686261033430953139726291686162785063555707065901701, 50, 1852673427797051104942418819259551020177554787566537233793976380424776249770249, 926336713898574403387754882934151985736384565126385291867999187114581286715549)
(1716199415032733978329187067657686398615312694445169114538476467393692995209788336754482207396812272953337875707608025287547060361785371974175747539107585549, 50, 926336713898574403387754882934151985736384565126385291867999187114581286715549, 1852673427797057481272578438932964370683137197299744041895455710546746725630001)


(1716199415032643473534179737634430644706164960361975633103455632030022857594936245756192150416441123121730191822732828178077460792375806658312273050067839011, 51, 926336713898529563388567880069503262826159877325124512315660672063305037119961, 1852673427797049459437861498053508865208372230216032251058110746844912901161051)
(1716199415032726547409175939142651406113740800065295851371747442398024629070134645238832381842431349304826281550871776580620733110735273632691698204474881999, 51, 926336713898574403387754882934151985736384565126385291867999187114581286715549, 1852673427797049459437861498053508865208372230216032251058110746844912901161051)
(1716199415032644997825464071615012374001687320306460861911142480160467613042831620420454840927476088914007129800454046230602532938680381727891438142901840289, 52, 926336713898529563388567880069503262826159877325124512315660672063305037119961, 1852673427797051104942418819259551020177554787566537233793976380424776249770249)
(1716199415032650904454190865789766575021836465091341123540929016665941040402531124394668312529641550823168936538306818139851105134929565892205569192763609923, 52, 926336713898529563388567880069503262826159877325124512315660672063305037119923, 1852673427797057481272578438932964370683137197299744041895455710546746725630001)
(1716199415032643473534179737634430644706164960361975633103455632030022857594865844165935862536982484384804158485854910033329251566835598449932166359823719073, 53, 926336713898529563388567880069503262826159877325124512315660672063305037119923, 1852673427797049459437861498053508865208372230216032251058110746844912901161051)
(1716199415032643854607000821127587620675924482562449579058814768774830205170887475900010017246950197705880491432447785396229225630528507551974864803034361841, 53, 926336713898529769076637545220258532197307696993937635157643876260787955696291, 1852673427797049459437861498053508865208372230216032251058110746844912901161051)
(1716199415032644997825464071615012374001687320306460861911142480160467613042761218830198552985488276998875266861687299148675004523796210625435296645410570827, 54, 926336713898529563388567880069503262826159877325124512315660672063305037119923, 1852673427797051104942418819259551020177554787566537233793976380424776249770249)
(1716199415032645378898285155108507810627467449789598188504214395677667103816460562548546448309347303963890272751405854921706607492562199257624336279571446459, 54, 1852673427797051104942418819259551020177554787566537233793976380424776249770249, 926336713898529769076637545220258532197307696993937635157643876260787955696291)
(1716199415032656430010096576419875472775091204800580659703299945676452336239846479672157529414190944804878810901912311432874064333321046737920663796959972287, 54, 1852673427797051104942418819259551020177554787566537233793976380424776249770249, 926336713898535734030657834592161343960594467389518197575156797987792594403463)
(1716199415032654905718812242429139923798950626376194011764229734374243284861619745479682632890229922781692830394578379193708231594687040909876272897435119613, 55, 926336713898535734030657834592161343960594467389518197575156797987792594403463, 1852673427797049459437861498053508865208372230216032251058110746844912901161051)


(1716199415032651476063422491032484723507657350070523084343811584714857823695481468605735462990243101664794820267537169759485854843026244275458530868191080197, 56, 926336713898529563388567880069503262826159877325124512315660672063305037119923, 1852673427797058098336787434385230178796580656306183410421405323139195481358439)
(1716199415032652428745475199768994461693276395905172829797764749706817223059354379803415615217938690313896145253508839676460994871441604249218854013112434327, 56, 1852673427797057481272578438932964370683137197299744041895455710546746725630001, 926336713898530386140846540672524340310751156000377003683593488853236711424327)
(1716199415032662146102412828890633767095953242235310524837645893111108605870338665697222905938690859339357133768142621323141704010598905275889831092556972011, 56, 1852673427797058098336787434385230178796580656306183410421405323139195481358439, 926336713898535322654518504290650805218298828051891951891190389592826757251549)
(1716199415032652238209064658022775588155418530042765698747655008780080201419272605033217956718283330000098628404035743297890785278925203709631397459711239087, 57, 926336713898529563388567880069503262826159877325124512315660672063305037119923, 1852673427797058921089066094988251256281171934981435901789338139929127155662869)
(1716199415032652238209064658022775588155418530042765698747655008780080201419343006623474244957284714511708181951774427831420079843193198558948704291626428109, 57, 926336713898529563388567880069503262826159877325124512315660672063305037119961, 1852673427797058921089066094988251256281171934981435901789338139929127155662869)
(1716199415032652428745475199770263689153353673215160507189187670103287760051260887322470764758538490231454884181816210799029130759055813805519597338196192467, 57, 926336713898529769076637545220258532197307696993937635157643876260787955696291, 1852673427797058715400996429837495986910024115312622778947354935731644237086737)
(1716199415032652619281885741517878712897296544118554083369862623466142372381941080676866119737937018197278447257739467278092161098785977089922152286549718879, 57, 926336713898529769076637545220258532197307696993937635157643876260787955696291, 1852673427797058921089066094988251256281171934981435901789338139929127155662869)
(1716199415032653190891117366760385323473104549546071431274174704782314066175777789502284079262831811386985558499400936173320875217485780755900409294507481727, 57, 926336713898530180452776875521769070939603336331563880841610284655753792848271, 1852673427797058715400996429837495986910024115312622778947354935731644237086737)
(1716199415032651476063422491032484723507657350070523084343811584714857823695551870195991751197979899587301459014331439824425489812622257677737820296482700879, 58, 926336713898529563388567880069503262826159877325124512315660672063305037119961, 1852673427797058098336787434385230178796580656306183410421405323139195481358439)
(1716199415032652047672654116274187490025416413201714903233555816446598177395231936255479657132521671470966326471389075466187010919198890166940136410678578271, 58, 1852673427797057481272578438932964370683137197299744041895455710546746725630001, 926336713898530180452776875521769070939603336331563880841610284655753792848271)


(3432398830065300665689918481094096853072031160224318325476092897234048514218251897714153970412389999181532669228438839951567164876507585973788635522540687257, 202, 1852673427797059126777135760139006525652319754650249024631321344126610074238827, 1852673427797056864208369443480698562569693738293304673369506097954297969902091)
(3432398830065302952126844982064969447015314700141046168687623169429715647389075062988545723778281016933951090982880623830195708790833076526638221540877911053, 202, 1852673427797059126777135760139006525652319754650249024631321344126610074238827, 1852673427797058098336787434385230178796580656306183410421405323139195481358439)
(3432398830065249601931893292744608921672032102084063160418583484864149206718504322120083832485695517493181771871590624143273460615526277639107711870517091449, 203, 1852673427797059126777135760139006525652319754650249024631321344126610074238827, 1852673427797029302007034313279492466835885902672346212543756735491586880700587)
(3432398830065289995650928143230024748003374640612921723822284960320935226083634563437471910895040229220925051233813669968819707606356359319217746292305257923, 204, 1852673427797059126777135760139006525652319754650249024631321344126610074238827, 1852673427797051104942418819259551020177554787566537233793976380424776249770249)
(3432398830065165765911254923812613810418302305137375575995806837689687657092886615738886808282429502487734480878395994110017783569116466203024889965371713273, 205, 1852673427797059126777135760139006525652319754650249024631321344126610074238827, 1852673427796984050631707980113333205183365575533459187307451812045344793952299)
(3432398830065241980475471622841700275194420302361637016380149244211925429479544344685125763931460235075677405202869668342942526752114973118148086533877397317, 205, 1852673427797059126777135760139006525652319754650249024631321344126610074238827, 1852673427797025188245641010264387079412929509296083755704092651541928509177871)
(3432398830065254936951388461676644974206360361889761461245487453320705850785292388025213888629746027324886520035194907283590469274680489668693579054773695729, 205, 1852673427797059126777135760139006525652319754650249024631321344126610074238827, 1852673427797032181640009625390066238031955378035729932331521594256347740766227)
(3432398830065286947068359475268861289412329920723951266206911264060045715187843814108946531674797787903091791438062488764068366269842982048829366473364327177, 205, 1852673427797059126777135760139006525652319754650249024631321344126610074238827, 1852673427797049459437861498053508865208372230216032251058110746844912901161051)
(3432398830065304095345308232550405743986956470099410090293388305527549213974716377130788435792946890644417538669282403419086611627050105649734714199252137499, 205, 1852673427797059126777135760139006525652319754650249024631321344126610074238827, 1852673427797058715400996429837495986910024115312622778947354935731644237086737)
(3432398830065304476418129316045551176310837060085531397495310017560160402836657335843510710395976901649404228777920972394035487373927071854675014347802014663, 205, 1852673427797059126777135760139006525652319754650249024631321344126610074238827, 1852673427797058921089066094988251256281171934981435901789338139929127155662869)


(3432398830065260271970883630608681026740688621695459762072391421777262494852376881678791474234080878878213509242903561584651517777775713113339703850908512329, 206, 1852673427797059126777135760139006525652319754650249024631321344126610074238827, 1852673427797035061272984937500640009228024853399113652119286453021108600832027)
(3432398830065294568524781145171769935889941720446377410245345504712269492426562943998290982542552042671778087258448642996294767760052214795052532500352973799, 206, 1852673427797059126777135760139006525652319754650249024631321344126610074238827, 1852673427797053573199254801068614252631328623592294707897774830794571272683637)
(3432398830065299903544276314103805988424269980252075711072249473168826136493425116840532921051673637933888395683079018926797786380191679678403464087579131159, 206, 1852673427797059126777135760139006525652319754650249024631321344126610074238827, 1852673427797056452832230113179188023827398098955678427685539689559332132749317)
(3432398830065301808908381731579533150043672930182682247081858033331882080803174374566411423485866344217065182382887519475653771091167662415364003472110248827, 206, 1852673427797059126777135760139006525652319754650249024631321344126610074238827, 1852673427797057481272578438932964370683137197299744041895455710546746725630001)
(3432398829861756334400485801588602537113098923319896027022436358456685745342102773483165946447174986557088630199988355737563393585612133860051612448971515331, 207, 1852673427797059126777135760139006525652319754650249024631321344126610074238827, 1852673427687191667117774144814893004529034936795935470670732075415584309772553)
(3432398830064645601510475952939098688321296974081791245372669913175414860553723256928699712117542041434471188673606671548018266188268803492535340905330097723, 207, 1852673427797059126777135760139006525652319754650249024631321344126610074238827, 1852673427796703286416615049332390513566591727603546508000378082481160937537649)
(3432398830062809592658495673328405751864614420949333146513861340054706923757803678355606933490366231533030784715172849847240605482607412252347430479337609473, 208, 1852673427797059126777135760139006525652319754650249024631321344126610074238827, 1852673427795712281296968352993502683376396563261920655325300259008459237752899)
(3432398830061952940956699976241473887781048132148634556593852690744754362131146972803273246246092400091398309030771102361380660254130336003368388905136022991, 209, 1852673427797059126777135760139006525652319754650249024631321344126610074238827, 1852673427795249894516361094095657137036097947770020506547057223066858278617133)
(3432398830065244266912398123812572869137703842278364859591679516407592562651423533813361840999614220211375060676933274481721712610480316837149840294530752503, 209, 1852673427797059126777135760139006525652319754650249024631321344126610074238827, 1852673427797026422374059001168918695639816427308962492755991876726826020634789)
(3432398830060438938638535250028671265003464117288681043358890785180501013669831361053089647454494241924577919477689370181582465558301100902989818863151944477, 210, 1852673427797059126777135760139006525652319754650249024631321344126610074238827, 1852673427794432695815581450144971925465810403575483455347786946467222775660951)


(3432398829843986146607720255966802409913426690511098587009160853731726735656821149367930214504369849926078811135141026966314505822419182550146598015898450913, 211, 1852673427797059126777135760139006525652319754650249024631321344126610074238827, 1852673427677600021053148834795171689163908140702391103309953938392125267771619)
(3432398830007732375681655952968781116755182546864560638364977842694358330779156615318603954410855506599888236851518323611567548991152298602113734644709898619, 211, 1852673427797059126777135760139006525652319754650249024631321344126610074238827, 1852673427765983773212124784032909932639724190363650057808831188407271592821297)
(3432398829201647512952454337855204682847662544518951184559828412116113927296275133359424526411205163155082180603669603013099190890364892249069603645116381891, 212, 1852673427797059126777135760139006525652319754650249024631321344126610074238827, 1852673427330890976697152730808588066172187471289649919369059435999675834957833)
(3432398829983924470111643510262751249991442573949771891104096893277722992618076920904564484111797548292200249750742042048880720743523404682263880245765447671, 212, 1852673427797059126777135760139006525652319754650249024631321344126610074238827, 1852673427753133205371724825446700700808542561594987382066165746464450630647973)
(3432398830056728051506824174302451295054278832439391511045259011612743876160673966949527833740214159943664206802819917167897306618296515917212456045508519661, 212, 1852673427797059126777135760139006525652319754650249024631321344126610074238827, 1852673427792429705393182212090158789228342468673293220115344471378561681326343)
(3432398828661747350769569250758142532066576107712120573897437728909846228465325669976999229929752134676776530412925092606511509214345334579643164569934712443, 213, 1852673427797059126777135760139006525652319754650249024631321344126610074238827, 1852673427039474176476263792250495717652758893545338625985184484175466362569009)
(3432398814965138082200811028775235587465475698964040604070037577863530041465590292464414104714562287693455457643864828900572119580205545712770372084109930867, 214, 1852673427797059126777135760139006525652319754650249024631321344126610074238827, 1852673419646585034186974370780514351127336970444255074951882362510034386026521)
(3432398816883254408503024837483602276755469601063474417738372093108663784949999246979785988559590427545143801647571923756698380301387761889804594411691040169, 214, 1852673427797059126777135760139006525652319754650249024631321344126610074238827, 1852673420681908528076002752001704326316318433220807775098815041671302257573947)
(3432398827088123522236582637986614657097093789177246447870232678407721994941512435012354440238375809841015604267712200476397628642572802096371956147524980657, 215, 1852673427797059126777135760139006525652319754650249024631321344126610074238827, 1852673426190094137381019349848104145690792775513526938548728758954971740766291)
(3432398829394592303723449599890498910067984317459213661561064763813258501491141822095182300894229406813753403147326390319403617091655380393956940797917983961, 215, 1852673427797059126777135760139006525652319754650249024631321344126610074238827, 1852673427435034960130011861216576065736242184750007272305008705551009300087243)


(3432398826881764206017806179841811764632243324794727848820889354731507102962770253599965791560485017376358575399412701235774944074329572426622767470705885327, 216, 1852673427797059126777135760139006525652319754650249024631321344126610074238827, 1852673426078709522519807582553123742981190080493619302120025329609938558779501)
(3432398828692545275096716244916837515771978196050047326008282492513518861072368778401573280000597225277838867568469989404947242074186485894373296627829949453, 216, 1852673427797059126777135760139006525652319754650249024631321344126610074238827, 1852673427056097680578531611140611024448396707353113592225764520547462766657639)
(3432398668496647064383449210018535899564069609345528819753901533664691616370455774520759756263134250475952759789174575667584525225251875813609051631871039739, 217, 1852673427797059126777135760139006525652319754650249024631321344126610074238827, 1852673340588674006674011455950125448502864346257786681533514681176597127495857)
(3432324769422167355068069483256848312269917067240048968637962243965491216102761059063255103652492823250778454549801301959892834371124319267651733615991047777, 218, 1852673427797059126777135760139006525652319754650249024631321344126610074238827, 1852633452784719491177422167924796521858306665043471393925839377118139883978851)
(3432072575917974881293337260378133971792088798864522621628214837379377583835993358152929918460878345555397933946865378173575620064967971639145849803455280649, 219, 1852673427797059126777135760139006525652319754650249024631321344126610074238827, 1852497328684050358614795111280170758861479876136403776519735157986355409060187)
(3432239154534281300643086624022406829817625284392911861072158459475774305184661372335155645536889479480153528163757781659879235767828602705158405351410728203, 219, 1852673427797059126777135760139006525652319754650249024631321344126610074238827, 1852587241247056398707792826158622132795534052230713276105227030862574244593889)
(3108914683300735568748764478437264123479282316278900111112497434933427765507680145934692866669567697171419566363168756752332633128874396813688397036582332153, 220, 1852673427797059126777135760139006525652319754650249024631321344126610074238827, 1678069451774576025613786699748516763494162634118887240888291823975938912157739)
(3432392457725029308209001256940948829036799028289179263540878678308576337517825238060926186741337837622111465658406928970476298716360488086566382678575150917, 220, 1852673427797059126777135760139006525652319754650249024631321344126610074238827, 1852669988259264747991047499323800820176501166017810583348757199614744415174671)
(3432397993245510662758727208789823862469674032332012495169723386435699135485683871874624311168706723735999569060792157848164466282852921516462198132924476321, 220, 1852673427797059126777135760139006525652319754650249024631321344126610074238827, 1852672976114759570205191726150881390696969406359602615471119225250820430757923)
(3432398827302752499745692024282444410094627542378252635822648821779346379740239462534017834721829797343052806457693935332061487822550629503020459143376915507, 220, 1852673427797059126777135760139006525652319754650249024631321344126610074238827, 1852673426305942389042034553683185171679230103447013368854946477876820943306841)


(3432380353062826907222950921442501748019546711775553703996190651596194304487299842470379469821499177968357151124035470340570527770303538210560544882141649439, 221, 1852673427797059126777135760139006525652319754650249024631321344126610074238827, 1852663454640322097012202747125494160564734079769055548978799972503712455196957)
(3431165166224638484345455464648929623700891971949333786475294571024519997116390039749703663098734186013163927911453685007507257941851772133543716469038107401, 222, 1852673427797059126777135760139006525652319754650249024631321344126610074238827, 1852007544742789128344366746369706672412792512549444645091234290239452712271963)
(3402799676881848088932368835984416359179904031145051129800731205932233183501085104210656960971517637102214445847870087282752853531815338722093980970892909397, 223, 1852673427797059126777135760139006525652319754650249024631321344126610074238827, 1836696973048284566042029535559790813836460350820199200112186021613271250894911)
(3432230423563332120444907880470987244489800429582295206691081135978130672489060619102479046013765968763043364736100805721464756258435297382718510772164427007, 223, 1852673427797059126777135760139006525652319754650249024631321344126610074238827, 1852582528613508476637554045672813161703076026900339691758566530474833552081341)
(3432397680070060911583117278918939667847618609186117619573751200310461539311718045920276604719100301715489062289411649412030855659505964042768447683006804631, 223, 1852673427797059126777135760139006525652319754650249024631321344126610074238827, 1852672807075011359663747051697835923488590883777596971191800557331980558008453)
(3432398568044575213896320248815908123367632169246844437226291627065814434497369993135484595365135509507166583026860956269235611748220827022004607058721071387, 223, 1852673427797059126777135760139006525652319754650249024631321344126610074238827, 1852673286368609993594963777064493759264117136221491511105307326469635475243281)
(2262773806772416779006272705411028460822850899678849845616700038518564504404734506967818710622067833341678298087561547332080781269739039364817128919532546673, 224, 1852673427797059126777135760139006525652319754650249024631321344126610074238827, 1221355999833706165795189170287808266197557016205894180172812078828295764836499)
(3149717822337639685744325025247283885679269294547266331420975730117733677732933698404393860043188412294160815658619820097303059419792609933422603666892726549, 224, 1852673427797059126777135760139006525652319754650249024631321344126610074238827, 1700093375918304647921788494012573743434812488882505650337708570943720997781887)
(1742529614688683822707985834279568639978985970680458444834201314380582979892196007679115410167869625896861406596947652836280255690953181296630826193393765713, 225, 1852673427797059126777135760139006525652319754650249024631321344126610074238827, 940548716543453118793237437961856842228796288504990594290179894988330302964019)
(3432009560224855617802096195380045727056369487730322877209395879031804124402633997365110246838073688705363246119452510907437502402079665929559352324556561529, 225, 1852673427797059126777135760139006525652319754650249024631321344126610074238827, 1852463315299838229569711004179400160533869606620098950132582230872803252371627)


(2055148577138006650447123056667002429066678640749082990310595551182986850654973634292934159438277132433664117550902033865501727097920151248093153731553512499, 226, 1852673427797059126777135760139006525652319754650249024631321344126610074238827, 1109288094870396416715838370291305852719974056877051862671578347597862061211737)
(3381148079009924282941802240078130233657553007219904039956562391997872541186642197893378215316935551635503450457758188046546212286123068809788898821302867617, 226, 1852673427797059126777135760139006525652319754650249024631321344126610074238827, 1825010295003968430560674433106351144500582058943400932979166945853781290516771)
(3419427417590099104505415352345541336750600700020825141523665382916564082833662533675651245194622695770072644912704832590226708088400321105909394436048026009, 226, 1852673427797059126777135760139006525652319754650249024631321344126610074238827, 1845671971263713394197090272454709620663208061188238483794812071685500075769867)
(3426957048551344878932249468026921715571122334058766250707494346446366335747126737590965180812820439222559956216303175567742134045665473889780501531154432441, 227, 1852673427797059126777135760139006525652319754650249024631321344126610074238827, 1849736168897399413816282789435673585209332669482410203471367411256921346277483)
(3432263031136053024839563274372148249347334393750483829279731563309672641917822273641705622834946354363470916606586043163098260301728850629940583599605541197, 227, 1852673427797059126777135760139006525652319754650249024631321344126610074238827, 1852600128894395366008446208604814514811230999045014097070847547407310123958311)
(1716250634332179447264717387913570796134953980166302810518571372398943227941228543962304871965239168591888098278236715041674807287275371255527650041721206579, 228, 1852673427797059126777135760139006525652319754650249024631321344126610074238827, 926364360055028888457089031837321600274711012249540524395361042289121067794777)
(1975009068839409677487227576687408525856307641825079669999672356944953216059654352882636797698786187464581254083226172053589024239207397867082573787424601621, 228, 1852673427797059126777135760139006525652319754650249024631321344126610074238827, 1066031951021079324569941992307630577858520884134846455871140986931819048861823)
(2047527002125962664483251103040550023741340710166567421919488738708754919851045221553578510780910490203901079372754990103461120459702400336597233778187815689, 228, 1852673427797059126777135760139006525652319754650249024631321344126610074238827, 1105174269466689677049905944891529240153912938499705640241523699359928461295707)
(1716205142712975133437015463050987103553649167241588471592577304204206233788781649308708692431405470991027708939108270824605812678903780155054710259783288417, 229, 1852673427797059126777135760139006525652319754650249024631321344126610074238827, 926339805474323099354708717999766662905327150332501526861974901620363411587171)
(1716215741745947253327231480880158725346377891927434338674461831947776928988152545221466718363655182626533117161864846638184379570204912954593968016095956019, 230, 1852673427797059126777135760139006525652319754650249024631321344126610074238827, 926345526414027363792788226424031067666121106009708588289090104685907209617497)


(3427202352862639158459857788738125450446951081182056544601484882032452160815667286871040390893152076033101557979150610904448558379074121860812855202258317671, 233, 1852673427797059126777135760139006525652319754650249024631321344126610074238827, 1849868574483626211058876356870342622104372121220021444038566240896407440457973)
(1716280818489763811436104989407921780309755634956835055930953943125138607501027213764897100054288139863364062885098638690964572366945896905218139705579658069, 234, 1852673427797059126777135760139006525652319754650249024631321344126610074238827, 926380652272065894791342900126566906357398187411800064807796259548664990531647)
(1716494849806683813284487344456054515534435472193398489641380978990630865854021368659193620017934356438996948711742495568547319334313840117255595074556782329, 234, 1852673427797059126777135760139006525652319754650249024631321344126610074238827, 926496177930127768136410964464759961556528984299660410045300366627809980842027)
(1717198133111871789706379032929404493500757559162060465069234971385512832133304226504894408298469144146717500688914175076137328680378599153531439329170145423, 234, 1852673427797059126777135760139006525652319754650249024631321344126610074238827, 926875782502976973865606049928016913690130951085264663566705665245755096432749)
(1716229319881586065278904310041661090633499126024439709037216479126678552998654625633451592489148215632481847301268089099724309627084366419297002505178688113, 235, 1852673427797059126777135760139006525652319754650249024631321344126610074238827, 926352855355779908480071283894073093517030206961871850268016972714436378755219)
(1716250971614281760487850128512882680895949607719302887146623197124972752471091181644319409858506330042114519944765157701508663433140285877920400593091804433, 235, 1852673427797059126777135760139006525652319754650249024631321344126610074238827, 926364542106596775557392874052840911822869325236444481018833924330218810507379)
(1716336753501777137314467448223443279026179415743508409799844247792743189265163605335508592722766824462763223753914639426459151403372617898081012567959927491, 235, 1852673427797059126777135760139006525652319754650249024631321344126610074238827, 926410843784058289475901475212114479004879796514623193331808777140751380250633)
(1716787120430848287268669053930287202059826609001361134774314707199716184848920578887626681314941617663974594027286747158822404467618088915419863845089267919, 235, 1852673427797059126777135760139006525652319754650249024631321344126610074238827, 926653934078501959183905732949219960781977622470239961753183695932294374097197)
(1716991922037340649946683154664965842382686850264555672114473586098049150205330711542150200802122219646884410562091119291090543015605866079159596292096647463, 235, 1852673427797059126777135760139006525652319754650249024631321344126610074238827, 926764477903128344735063524252475957519631998794118984542003914989436420489269)
(1722459308257722339217500876032377674958198890618913495212088933127302824827012270500288482831536020934837948558394159571301913186345736478207506219370804167, 235, 1852673427797059126777135760139006525652319754650249024631321344126610074238827, 929715557212816907873928732706284474703873644227615599637830366782684554854421)


(1716199465067750864303101729014932731236263524038891752733802598178117142827404077720567309364584627272568489697475650156135483677035658605537985867900997243, 237, 1852673427797059126777135760139006525652319754650249024631321344126610074238827, 926336740905501048402193770707712520402618874356039314740343190106725997871409)
(1716199593036527899599853736060718950140086784243334857646996974525377408264865955152391503986479872376966451090230897588057287376440981053156268738724487761, 237, 1852673427797059126777135760139006525652319754650249024631321344126610074238827, 926336809977996565034812394778346663143173609486958531892474982484316197486643)
(1716200521369104633967580564521061635015704791482871800162321007903764637280252504881020493091400063311883362304491667325650185681016273649453140828481370217, 237, 1852673427797059126777135760139006525652319754650249024631321344126610074238827, 926337311055284556481510687678546378873255461777012089924481386711832433000571)
(1716206844363251881390335313439230755704398871932668235340799486020411198789745826097034140255710540279823582947213807425249758063641473827381035381771202633, 237, 1852673427797059126777135760139006525652319754650249024631321344126610074238827, 926340723957986338006823994613684127751880775784305963365971957359989806333979)
(1716241229033023276571639539739474755886755095202993538593808771493280363906548731749534228912577717233056969620715701685930284507460034858944895526612490497, 237, 1852673427797059126777135760139006525652319754650249024631321344126610074238827, 926359283445727402353731099357285019188361617574708821316147870595693248774211)
(2176543803865397473464839461492901091214235805430614424890112495646026303092606701422622068321001752639645993351403621718779667264870456891504048843662554949, 237, 1852673427797059126777135760139006525652319754650249024631321344126610074238827, 1174812447357999748569159138963470238229234842898831694377991526789791006851087)
(1716199463605675434103317982204645567240843122905304387633987157688418952215608126291156742162487888332426525552097737651342096985701144176270872116243453911, 238, 1852673427797059126777135760139006525652319754650249024631321344126610074238827, 926336740116330432435471587689281809572721850639172178311386560481122817409093)
(1716199415515495319573170725732119465105467819871572233676907329194567575095057413134005277417671452658058727017146014379004349734965842219860003838415032229, 240, 1852673427797059126777135760139006525652319754650249024631321344126610074238827, 926336714159149100314633126342623208124845083018178921238337543165081943015727)
(1716199429314693202305816675816862321600198392336764032848403779499037283224250839623285128216719872578140817755012462167188961461835410687120372433095223331, 240, 1852673427797059126777135760139006525652319754650249024631321344126610074238827, 926336721607411527838477782638671981354800047300062762570041669207023798976553)
(1716199598052167595908960906260404607810260984373746680615147015503780969397061826586650943102790312309848890769221918631936442851319303595630418435506163633, 240, 1852673427797059126777135760139006525652319754650249024631321344126610074238827, 926336812685240929344072464502995888032837823246800570733919403527942906576979)


(1716199418578899334544353349377155314837023710531309918916236015085042639522337136187394258955358143485076335830328108207391295191160991954034764830824442481, 241, 1852673427797059126777135760139006525652319754650249024631321344126610074238827, 926336715812653689417395541973039312105493786818514602966661463414326066938003)
(1716199452420135993243723933669401025690441510857998800879983097255828754782861168250346819380877579910078179736135735285762281273259285694764589518946282693, 241, 1852673427797059126777135760139006525652319754650249024631321344126610074238827, 926336734078817683002951439297939887326312079890727804552563647570575271919759)
(1716199963744603053712787480586328269626338766053775816504994568259632855244179077207008145390573808341814491704296683490162577714395800569569791546476172967, 241, 1852673427797059126777135760139006525652319754650249024631321344126610074238827, 926337010071585425380955057834361614596657257503412955638622355003183611248821)
(1716210885644194157070060766921388311687744570976813339577710274370910671157280781627900612186187261446622327948766819077698842393678246138587125056381324917, 241, 1852673427797059126777135760139006525652319754650249024631321344126610074238827, 926342905281948586986364675027769301318069009888481409124316385187611075936671)
(1716199415361163494544102776298046319733687570645004605796986105891356814041385175497212851930085882700958777617629555723591172858394120332176991952440369441, 242, 1852673427797059126777135760139006525652319754650249024631321344126610074238827, 926336714075846871916734726513814778855913951385119777934519991965439041208483)
(1716199415380411482737030116093832998942287769632231374862660873082506230305032713580842207377270743646441572991852068823612953105267685278862564953016989199, 242, 1852673427797059126777135760139006525652319754650249024631321344126610074238827, 926336714086236176315521491162470715532285423135954526506164006827656321433837)
(1716199415604430094557636822773115212357558780862247018166061499993824173146623777081287290671522421150040639716215512969351203839231842512124498610514503399, 243, 1852673427797059126777135760139006525652319754650249024631321344126610074238827, 926336714207152582013086009607389046602999390624787783278533151728619239768437)
(1716199415036333211124320679380079120679977500981532615710432387787859013265651594013682470014234318309440478905301664286923452842683147390393582116648498709, 244, 1852673427797059126777135760139006525652319754650249024631321344126610074238827, 926336713900516304453463571214650118742950058391078043031430015550815563939967)
(1716199417552396617080962973213486695861927475815916572765942953738603849609408612984062125173501205630120861843459224356487301199159370617122458533646791611, 244, 1852673427797059126777135760139006525652319754650249024631321344126610074238827, 926336715258588033775124979790339402542991150870878941653817028121865016574193)
(1716199415300571010627721630698579661100476827426552964235164360549271822297637992842259054729783235028713154183127673922893932803134644731482209498827820971, 245, 1852673427797059126777135760139006525652319754650249024631321344126610074238827, 926336714043141440399627430672208419496847511754522288395136571193970843975873)


(1716199415033797552572831102682372437578531733330354494123360522793008325959641513517989675376417177215370671071511920230919536758523399121185839614431063839, 247, 1852673427797059126777135760139006525652319754650249024631321344126610074238827, 926336713899147656037911658089087723125357982108558652475189285499475358384157)
(1716199415044459970106747296851568859757439545004530003892863195254072682860266915939063487149931856938438686257997252046386157064659914161186504669254385217, 247, 1852673427797059126777135760139006525652319754650249024631321344126610074238827, 926336713904902808227142576221524727841352315499735771165242731071537118445571)
(1716199415032697776411184135692654750859149033384261909377299596677117270420559472136661815895161833395553058879482762105501858913066536565370936182081227201, 248, 1852673427797059126777135760139006525652319754650249024631321344126610074238827, 926336713898554040268858033009380317992750417913886130511661971563772347679363)
(1716199415032698919629647386178091047830790803342625830983064732774950837005304092339850751292467573398112227407468818933142041221362006157910149564523861379, 248, 1852673427797059126777135760139006525652319754650249024631321344126610074238827, 926336713898554657333067028461646126106193876920325499037611584156221103407177)
(1716199415047542087083670605587825495303651352753662653035670115013368198178903338065831060780012934489818652161224497997199454808020162945732853962895253203, 248, 1852673427797059126777135760139006525652319754650249024631321344126610074238827, 926336713906566413334594315530143401684917796860273317125398280313382562168889)
(1716199415084976775662807751199369831713408639380275633815051638573506050220989280273044682039082729496779972068173923068230297030114633652319530968525299709, 248, 1852673427797059126777135760139006525652319754650249024631321344126610074238827, 926336713926772180858150399974030076390982962717395699345462620047888888102967)
(1716199415032659288056254702682966086147209444786009881983206681383387195364278089259242869184396139971559009045601189428051575607241615448975908648744108473, 249, 1852673427797059126777135760139006525652319754650249024631321344126610074238827, 926336713898533265773821852783098111506820631363760723471358347617997571489899)
(1716199415034576084346304683264490675266577074976185107649418205417667170889880116357639122182706906971322601692477579016470852598878197790016385575150415647, 249, 1852673427797059126777135760139006525652319754650249024631321344126610074238827, 926336713899567876764237561082103048380353565493768618646875460957078009413661)
(1716199415032662336638823370644129544738254164674980339598580377644276706259568616762263042440408754634154737079426244299047349707104535956450103747640555929, 250, 1852673427797059126777135760139006525652319754650249024631321344126610074238827, 926336713898534911278379173989140266476003188714265706207223981197860920098827)
(1716199415032999967158303347342982583696456892378458520501217238537790037932688456259229969061446781646909256193235230253761478398753928047283076039580842691, 250, 1852673427797059126777135760139006525652319754650249024631321344126610074238827, 926336713898717150908102497558308929312971415282692544204342900167726778548233)


(1716199415032652809818296283265493736641239415021947659550537576828996984712460091443043130537516211230233685349060392217878246289998710339855330130612090657, 252, 1852673427797059126777135760139006525652319754650249024631321344126610074238827, 926336713898529769076637545220258532197307696993937635157643876260787955696291)
(1716199415032653571963938450255784601289000594994190273954381000894219362435815849614993314951571526684327587713052271357455327060757347488003973166628018117, 252, 1852673427797059126777135760139006525652319754650249024631321344126610074238827, 926336713898530180452776875521769070939603336331563880841610284655753792848271)
(1716199415032653953036759533750930033612881184980311581156302712926830551297616005147203013060966475371543713325741264031050783881762333270790650949535744429, 252, 1852673427797059126777135760139006525652319754650249024631321344126610074238827, 926336713898530386140846540672524340310751156000377003683593488853236711424327)
(1716199415032663098784465537634420409386015344647222954002423801709499083984299058617638644726532704822271782285452144696574915254139613541940691458741693023, 252, 1852673427797059126777135760139006525652319754650249024631321344126610074238827, 926336713898535322654518504290650805218298828051891951891190389592826757251549)
(1716199415032663860930107704624711274033776524619465568406267225774721461707532540343354223238220729316196510218750970732345079589272583481376978229857857901, 252, 1852673427797059126777135760139006525652319754650249024631321344126610074238827, 926336713898535734030657834592161343960594467389518197575156797987792594403463)
(1716199415032735502620471401712052550923327442010271322367549087905624967751080326732849995445315489148792775879075744601839038214161365428940980803040421023, 252, 1852673427797059126777135760139006525652319754650249024631321344126610074238827, 926336713898574403387754882934151985736384565126385291867999187114581286715549)
(1716199415032652428745475199770348304317358825035826352348615864796385795850081901801360749980566796185854189700367875780831911773308752297701150004541850321, 254, 926336713898529563388567880069503262826159877325124512315660672063305037119923, 1852673427797059126777135760139006525652319754650249024631321344126610074238827)
(1716199415032652428745475199770348304317358825035826352348615864796385795850152303391617038227384327344739471948342663931508621236244742508777961187362925747, 254, 1852673427797059126777135760139006525652319754650249024631321344126610074238827, 926336713898529563388567880069503262826159877325124512315660672063305037119961)
(1716199415032653190891117366760639168965120005008068966752459288861608173573233865896253257890676626706332801346537999747397465151357944097995865932391506811, 254, 1852673427797059126777135760139006525652319754650249024631321344126610074238827, 926336713898529974764707210371013801568455516662750757999627080458270874271793)
(1716199415032665385221392038605293003329298884563950797213954073905166217155355660743932827542397641680467718862126120864289390545568650584150230346433009021, 254, 1852673427797059126777135760139006525652319754650249024631321344126610074238827, 926336713898536556782936495195182421445185746064770688943089614777724268708023)