(818347651974037102890427089323210477119630418455235967805135329700397115783954385262602395707478832921314944180033682292663006615783690620800843404981, 2, 904625697166533781082925982249296493829979468426943482935133489307343388823, 904625697166533580215670449875512051084717925781618167659759266458238976147)
(3273390607896140779755103253417344023539620429929690006495375431240116177587575283607763929183716778836883648411014065143874098590871584073835037590209, 2, 1809251394333065352626041108386964117462081967755308497841150527274538237967, 1809251394333065151758785576013179674716820425109983182565776304425433825327)
(818347651974035467503297424206899788054160511510766197370822842024033449493776191291092748189521410332804108596883559509241851582757219040162587120237, 4, 904625697166532776746648320380374280103671755200316906558262375061821325431, 904625697166532776746648320380374280103671755200316906558262375061821325627)
(818347651974047460342248301720593851896990663585583032453274182772028094121866202514675639043533769845580367341561025256047325036045813120675654706913, 4, 904625697166532776746648320380374280103671755200316906558262375061821325431, 904625697166546033985513457050147501290933569791787714732961083102712562023)
(818347651974060361729604548769530554262351920496894476048707442621623181416712914791463175990405196620597835817442765843542348748972244461417389908609, 4, 904625697166533781082925982249296493829979468426943482935133489307343388823, 904625697166559291224378593719920722478195384383258522907659791143603798183)
(818347651974036194342021719813790337377968399515300551012183529342093730831998254806403450706821452109873338049776759697285067618225203640551933494357, 5, 904625697166532776746648320380374280103671755200316906558262375061821325431, 904625697166533580215670449875512051084717925781618167659759266458238976147)
(818347651974036194342021719813790337377968399515300551012183529342093731009304891451044032429092860285473700062381473150482228479538019866366772819169, 5, 904625697166532776746648320380374280103671755200316906558262375061821325627, 904625697166533580215670449875512051084717925781618167659759266458238976147)
(818347651974036376051702793715512974708920371516434139422523701171608801208166552754891634066492285291637862297768960483510449328772269043493051057713, 5, 904625697166532776746648320380374280103671755200316906558262375061821325431, 904625697166533781082925982249296493829979468426943482935133489307343388823)
(818347651974047823761610449526742419400016840017646249657145179486997145727388969859303728023569775713500543025107025466602987902012186756920278816181, 5, 904625697166532977613903852754158722848933297845642221833636597910925738509, 904625697166546234852768989423931944036195112437113030008335305951816974409)
(818347651974059453181199179234287915739820815660399867535725523520022738536464549206956794585337125748588295981771956775578008541584486686598889491873, 5, 904625697166532776746648320380374280103671755200316906558262375061821325431, 904625697166559291224378593719920722478195384383258522907659791143603798183)


(818347651974036557761383867617437350311597883251134596518176608303805880213059164051266303128826389116526433806496948838149038341643386671450011284907, 6, 904625697166532977613903852754158722848933297845642221833636597910925738509, 904625697166533781082925982249296493829979468426943482935133489307343388823)
(818347653846536287909087502217455950208964669561199526536102268890054897753069680536414206971201208212125794210922101679616504133595713537280621676497, 6, 904625698151252358233225618805422085574643639306403984625904453588239777879, 904625698251730980264651762754509891284551854516912293421154923993964216343)
(818347651974035649212978498108622425385112483511899785781163013853548520056297382855886683559001797512925734546232141866732516044306333705838897722379, 7, 904625697166532776746648320380374280103671755200316906558262375061821325431, 904625697166532977613903852754158722848933297845642221833636597910925738509)
(818347651974035649212978498108622425385112483511899785781163013853548520233604019500527147171326952652740844224623068244478391523699106896380342470143, 7, 904625697166532776746648320380374280103671755200316906558262375061821325627, 904625697166532977613903852754158722848933297845642221833636597910925738509)
(818347651974036376051702793715512974708920371516434139422523701171608801385473189399532255158745777812499975088444936295191371984058432947732355267021, 7, 904625697166532776746648320380374280103671755200316906558262375061821325627, 904625697166533781082925982249296493829979468426943482935133489307343388823)
(818347652058527925269305950046184293610421207241235630608405039546827806021055057167750134861827473964988413439836452119755086558282913806374290873173, 8, 904625697214518357155288158493470581124117382255533671257107243313173364839, 904625697211947658018984838800172327266894607382148777017803220474899988707)
(818347651983468562176886884334171549763883006358741343360163027639881699479511675333986393116177907728432035146377251868809126385913152071970664230881, 9, 904625697166532776746648320380374280103671755200316906558262375061821325431, 904625697176960398583100440652150514866135101973408797060293140619196366951)
(818347652017444456634403954531177053832655806315968720355151538538224888467660863701494547762670215269401322462323597104236497336292621862033111920609, 10, 904625697166532776746648320380374280103671755200316906558262375061821325431, 904625697214518357155288158493470581124117382255533671257107243313173364839)
(3273390607822912868540490901667110758017052998698003130766173014104803769147673262917244303538317875442898235653376150097556127509939450602767456927877, 10, 1809251394294774027703904693858643588254207489390457553253048802500350574593, 1809251394330882327292915270097640361959636498359782085074096603207781318789)
(3273390607892186050256210863342402938623863946607391466502934655075444852056576397843773760005665846696172317411368327588590975575639091622760367016257, 10, 1809251394333062339617208122780197476283158828075428768710537184537972048013, 1809251394330882327292915270097640361959636498359782085074096603207781318789)


(818347685822288358844809343311840517592052374728746155179865765990877989742343466321457292278634016188215222991296290436162452255327167581001103704499, 11, 904625733598672965533583963141155209134872029742039469232631082815928139781, 904625698151252358233225618805422085574643639306403984625904453588239777879)
(818347652864838105419128795160792807144580548746573744408789546934123615050325334376763699147918150687687381082079188575009692860193809607716813940849, 12, 904625697166532776746648320380374280103671755200316906558262375061821325431, 904625698151252358233225618805422085574643639306403984625904453588239777879)
(818347652908247094597487666142456397168305737636450399705044804766052368866101248094214518853094775967870943789550882077510972696346836234512388596481, 12, 904625697214518357155288158493470581124117382255533671257107243313173364839, 904625698151252358233225618805422085574643639306403984625904453588239777879)
(3273390605461854680990270124941488177402104367627882167952792173649960386003436669833241205041368354119002746402902014896054296014821833152319901944411, 12, 1809251392987602240911207759267656814428827064555758916945467056660269760647, 1809251394333062339617208122780197476283158828075428768710537184537972048013)
(818347654214750241992335546903960486585447974561659363977464787602644088893133204131030908354743486576122927277335040731556996172693440976761758175773, 13, 904625698822835154256252647691847676940508702290700715208565714867237945491, 904625697987182778710849517429881099475041681716935167308435968009342812303)
(818347684974894675932860055807514723064279439337440925980131333121713943481680750405221334888621327651933637810972197265276716018815820583041702560259, 13, 904625733598672965533583963141155209134872029742039469232631082815928139781, 904625697214518357155288158493470581124117382255533671257107243313173364839)
(818347652017444456634403954531177053832655806315968720355151538538224888644967500355540145765106694334121556362650604026321096902685641551415091429053, 14, 904625697166532776746648320380374280103671755200316906558262375061821325627, 904625697214518357155288158493470581124117382255533671257107243313173364839)
(818347654363171800023333752004380861242968601254961508205938759964168629007918385745697867431896476711565377044036051203502903309067068452866149593589, 14, 904625698151252358233225618805422085574643639306403984625904453588239777879, 904625698822835154256252647691847676940508702290700715208565714867237945491)
(818347721480209533957759901737492022049546891654622907183285951658092221869934856626784575785820911579624702907228462468298547046451122489186045657313, 14, 904625733598672965533583963141155209134872029742039469232631082815928139781, 904625737568571422619013172746624024504051826400151072819808206965155299373)
(818347652017444638344085038071631532975135384568381103111484096029803650778720932979502846723843979607000771121512923004936558584489012217314568885051, 15, 904625697166532977613903852754158722848933297845642221833636597910925738509, 904625697214518357155288158493470581124117382255533671257107243313173364839)


(818347652864838105419128795160792807144580548746573744408789546934123615227631971214409161361630371973550109854709341879064873846871082511011810405133, 16, 904625697166532776746648320380374280103671755200316906558262375061821325627, 904625698151252358233225618805422085574643639306403984625904453588239777879)
(818347684931485866763224524921098514846554227367978781766503614231625007913313137156814160077244619701437771896209487767459658079820845295282006526529, 16, 904625697166532977613903852754158722848933297845642221833636597910925738509, 904625733598672965533583963141155209134872029742039469232631082815928139781)
(3273390605012617107579601103339043496592514820238210502692516969002263270502286226244842380843049136688308962972435889236463166012559325561355969241401, 16, 1809251392987602240911207759267656814428827064555758916945467056660269760647, 1809251394084762089496164060505357905934571692994878952343330269760187269183)
(3273390607446892666848853866488650159002138297243311815032616737776489441376510121492047299609129238918392123254829185258291084845682508244788231283379, 16, 1809251394333062339617208122780197476283158828075428768710537184537972048013, 1809251394084762089496164060505357905934571692994878952343330269760187269183)
(818347652864838287128810066860435246672024011588313484026086468786918317327896848771222170282390804131365392795982419274041173387024872424798196642411, 17, 904625697166532977613903852754158722848933297845642221833636597910925738509, 904625698151252358233225618805422085574643639306403984625904453588239777879)
(818347684931485685053536132995362985185712179215423978688345736254979214741216363957021016294785968668647076792868266934984166744602445274711658070611, 17, 904625697166532776746648320380374280103671755200316906558262375061821325431, 904625733598672965533583963141155209134872029742039469232631082815928139781)
(818347684931485685053536132995362985185712179215423978688345736254979214918523007742360917539368425444313497783303184764423902714198137506633573467687, 19, 904625697166532776746648320380374280103671755200316906558262375061821325627, 904625733598672965533583963141155209134872029742039469232631082815928139781)
(818347686429819438369388118293477051469318396898234517479618931160874305600085000377666875121008426185953988045889487780592913058748263507967906677471, 19, 904625733598672965533583963141155209134872029742039469232631082815928139781, 904625698822835154256252647691847676940508702290700715208565714867237945491)
(818347653472369160476508997054007309263000690804202290304727096892648324050536947813410126283347360851296614589063033116844028083482873113310950081621, 20, 904625697166532776746648320380374280103671755200316906558262375061821325431, 904625698822835154256252647691847676940508702290700715208565714867237945491)
(818347653472369160476508997054007309263000690804202290304727096892648324227843584782685816517572879798898759269402738765821368264361753227289587397857, 20, 904625697166532776746648320380374280103671755200316906558262375061821325627, 904625698822835154256252647691847676940508702290700715208565714867237945491)


(818486735234455923622341659354736358576649035407888882606175960536395297458086268279889594469453679335827599741152388372258301665065665726863309294561, 22, 904779443915996019669954962340797810065309626946368632965628467313683464229, 904625697166532977613903852754158722848933297845642221833636597910925738509)
(3273389937506327070618370942845082666219222200788285237331979635525560152067221279095398599803667856862608028774568496565068743853907789532310307633743, 22, 1809251024047004920200200899804306818659412873049204128251218256127353422321, 1809251394084762089496164060505357905934571692994878952343330269760187269183)
(3273389937955564552420997369907585528267694828236294338416635748108031327395814823744959026745544715630290804324210300807379374007812790819492877898173, 22, 1809251024047004920200200899804306818659412873049204128251218256127353422321, 1809251394333062339617208122780197476283158828075428768710537184537972048013)
(818486735234455741881777897841308652985399120754248367723078525275363454105371567844884051524559645903169013765023058485120468327946055676424456507699, 23, 904625697166532776746648320380374280103671755200316906558262375061821325431, 904779443915996019669954962340797810065309626946368632965628467313683464229)
(818486735277872108639893363612752757860010558244129820635582903694397916115319528157214122913644572925237756781208910995700772862559888446950022844131, 23, 904779443915996019669954962340797810065309626946368632965628467313683464229, 904625697214518357155288158493470581124117382255533671257107243313173364839)
(818486768197507282562031775361889600350770422072444437162769190103743435432772738067036339983293823722492763373840334181484660736932476953427825393849, 24, 904779443915996019669954962340797810065309626946368632965628467313683464229, 904625733598672965533583963141155209134872029742039469232631082815928139781)
(3273389935521289491022781892705919125947496712352455681349356829775818043014195767644353532418447712153683698565489151330468133968724942281462977201687, 24, 1809251024047004920200200899804306818659412873049204128251218256127353422321, 1809251392987602240911207759267656814428827064555758916945467056660269760647)
(818486735234455741881777897841308652985399120754248367723078525275363454282708338852419271379870818521965384537823745366608720389209235269906415496583, 25, 904625697166532776746648320380374280103671755200316906558262375061821325627, 904779443915996019669954962340797810065309626946368632965628467313683464229)
(818486736125409777232395635019536861092002248795980371603856092120504373658559790278582715064886141185742300283406971822240683083637684552382201990291, 25, 904779443915996019669954962340797810065309626946368632965628467313683464229, 904625698151252358233225618805422085574643639306403984625904453588239777879)
(860829949766601102082127564793895145294541175942089599685166230126193295629342038343480206312041252023526149319803405046254162363629385289333322285167, 25, 904779443915996019669954962340797810065309626946368632965628467313683464229, 951425184949852380382068479171980675196720127866509535237366429370149765123)


(820228350723119535826382990945077132347329012869053771105006628962080898399143447652801446837981263021021881844664606633969529855467811540130831801673, 26, 904625697166532776746648320380374280103671755200316906558262375061821325431, 906704677185533773584040317491404591150698284246822275264508607279839313983)
(820228350723119535826382990945077132347329012869053771105006628962080898576857564381166066460453165249337181710201470346346695807311498566979337342341, 26, 904625697166532776746648320380374280103671755200316906558262375061821325627, 906704677185533773584040317491404591150698284246822275264508607279839313983)
(820228350723119717953663075570172307165303941879716447410064061220690628549211612026998398219010605331603291613424490132469335061977316567816205271347, 27, 904625697166532977613903852754158722848933297845642221833636597910925738509, 906704677185533773584040317491404591150698284246822275264508607279839313983)
(820367753619959930639136471000504010618609947541671288732558784627945168077068589421864701409831949487712087470002288457701335248664038501654280014107, 27, 904779443915996019669954962340797810065309626946368632965628467313683464229, 906704677185533773584040317491404591150698284246822275264508607279839313983)
(862661665186142668598644132012258429401941088693433814284369504503978590992657579978213351382111818324997720497471609373189503241598846710988899614909, 28, 906704677185533773584040317491404591150698284246822275264508607279839313983, 951425184949852380382068479171980675196720127866509535237366429370149765123)
(1640456701221101159485196078114136801260336991996154311329724751696423735537201331593724808779913033320716767264668796328870102931018493414780876885889, 28, 906704677185533773584040317491404591150698284246822275264508607279839313983, 1809251394084762089496164060505357905934571692994878952343330269760187269183)
(1721367341194007514116605397204862878940202515038578058100861704888367085260746105626367429490974808509757940364199269862759664028796104272306478514581, 28, 1809251392987602240911207759267656814428827064555758916945467056660269760647, 951425184949852380382068479171980675196720127866509535237366429370149765123)
(1721367342474112137370608432428836023714878365137823833148652764013005951836375745796463152321500552118788644482085849848957174325550416423751228850599, 28, 1809251394333062339617208122780197476283158828075428768710537184537972048013, 951425184949852380382068479171980675196720127866509535237366429370149765123)
(860683705899513314802190239720637830967626546977645987998684826363317878513877167047946965423017697950152125679451645399923419047053774432183462658063, 29, 904625733598672965533583963141155209134872029742039469232631082815928139781, 951425184949852380382068479171980675196720127866509535237366429370149765123)
(1640456700226301193153044161008431092948938845242630988858180947870845551051216423300787084791580620947837550819736730276150613515297469640176090227001, 30, 1809251392987602240911207759267656814428827064555758916945467056660269760647, 906704677185533773584040317491404591150698284246822275264508607279839313983)


(820228383756311444878552943702689578532393895381694634495655348916814297740891889854011263645199899541444814270899329687176129093905385568740371857723, 31, 904625733598672965533583963141155209134872029742039469232631082815928139781, 906704677185533773584040317491404591150698284246822275264508607279839313983)
(1640456701446236157616284627888631467607059161567504721329094341786406120199199494628682288743767040700239186162489398187357915824374120620987458265779, 32, 906704677185533773584040317491404591150698284246822275264508607279839313983, 1809251394333062339617208122780197476283158828075428768710537184537972048013)
(860683671237057788676795923536297667940747890894087785992850375213619176278770883480405266083337695317775656373771925388602935046735068945601666221607, 33, 904625697166532977613903852754158722848933297845642221833636597910925738509, 951425184949852380382068479171980675196720127866509535237366429370149765123)
(1636973470244251613685814641430356743250049741210540390369877079210797636780340561409543652154842377778023659263293597349331594431149256122106774554907, 33, 904779443915996019669954962340797810065309626946368632965628467313683464229, 1809251394084762089496164060505357905934571692994878952343330269760187269183)
(860683671237057597566630178278311039487046923302401578279681042635050709233807784610491223755002637721205266993256919880489423282744652111877196743013, 34, 904625697166532776746648320380374280103671755200316906558262375061821325431, 951425184949852380382068479171980675196720127866509535237366429370149765123)
(860683671237057597566630178278311039487046923302401578279681042635050709420287120860662290309888059638913479331814064942325292189268472268426550707121, 34, 904625697166532776746648320380374280103671755200316906558262375061821325627, 951425184949852380382068479171980675196720127866509535237366429370149765123)
(1721366990174631472750124100455136887175117256006834121227989969297179418961513597920224726525630918337389588295590886773855988056414186556728375510483, 34, 1809251024047004920200200899804306818659412873049204128251218256127353422321, 951425184949852380382068479171980675196720127866509535237366429370149765123)
(1636973135441695454127843696070297293988905260448124457764968634374442609024455683915213128407478450892568876406841054876322827006627239226070133655509, 35, 904779443915996019669954962340797810065309626946368632965628467313683464229, 1809251024047004920200200899804306818659412873049204128251218256127353422321)
(1636973469251563935996159486771658898813721286203230215505373703526781422380048296838589774412493627209628671772246222677938451095609183818403616396163, 35, 904779443915996019669954962340797810065309626946368632965628467313683464229, 1809251392987602240911207759267656814428827064555758916945467056660269760647)
(1636973470468908575914535611467774016510799607050248497316598086374217420356991590348137945798856560902565838519893141605848485609034912886087756026977, 35, 904779443915996019669954962340797810065309626946368632965628467313683464229, 1809251394333062339617208122780197476283158828075428768710537184537972048013)


(1636692260787041373180253139895273218613008827456038478639307978761302910577662647253159747925986368730575239613637328626248350505909035604312957391393, 37, 904625697166532776746648320380374280103671755200316906558262375061821325431, 1809248030332861829886220280939409847360491746101972185208930660687034712103)
(1636694970462547040002708455581732512123147142295753121007997767781684635263384218514852873946129133547616048493424992162423718496775284416889793615263, 37, 1809251024047004920200200899804306818659412873049204128251218256127353422321, 904625697987182778710849517429881099475041681716935167308435968009342812303)
(1636694971974451956205541400728620918669828217599469540520505015741321438338212211208279415809455599258942075627628607964710192133440706214911700704611, 38, 1809251024047004920200200899804306818659412873049204128251218256127353422321, 904625698822835154256252647691847676940508702290700715208565714867237945491)
(1636695369862968462752057995178957495797951587989971108126165424883625744517584426015260038519637300952895215186323118869671035745316789159421907305153, 39, 904625733598672965533583963141155209134872029742039469232631082815928139781, 1809251394333062339617208122780197476283158828075428768710537184537972048013)
(1636694968977785183564800840623264531531657524599896083023820051595979452519628586258223448362238253941097823348916460880035907569556898077058120345351, 40, 904625697166532776746648320380374280103671755200316906558262375061821325431, 1809251024047004920200200899804306818659412873049204128251218256127353422321)
(1636694968977785183564800840623264531531657524599896083023820051595979452874241786971436412721477630302741959806161383997679916706795676278019391120267, 40, 904625697166532776746648320380374280103671755200316906558262375061821325627, 1809251024047004920200200899804306818659412873049204128251218256127353422321)
(1636694969064603144058622364554446681238271675345085984642094720947656732010480942653570966497382483616513012410524479221673887662955971579029779171319, 40, 1809251024047004920200200899804306818659412873049204128251218256127353422321, 904625697214518357155288158493470581124117382255533671257107243313173364839)
(1636694970759390094768528925401287654083784911721165369141951435440987215304766893252267076787903761308140716831034437119420424695007603295235520637159, 40, 1809251024047004920200200899804306818659412873049204128251218256127353422321, 904625698151252358233225618805422085574643639306403984625904453588239777879)
(1636695306944735413598115488529845987632013677881905151327216238158675657970839414162259028776266615194044723982291910305547422802544037276379728859383, 40, 1809251394333062339617208122780197476283158828075428768710537184537972048013, 904625698822835154256252647691847676940508702290700715208565714867237945491)
(1640456365706135998839764026892542201775254207450278091229599803997525911683498546265872977888071775717935491957215498225472934888494584830695919614543, 40, 1809251024047004920200200899804306818659412873049204128251218256127353422321, 906704677185533773584040317491404591150698284246822275264508607279839313983)


(1636695034892672128351607312406767668945940043303038910628314773985249294784159974476485392543065246816579593244003993571029204348955464227117613451701, 41, 1809251024047004920200200899804306818659412873049204128251218256127353422321, 904625733598672965533583963141155209134872029742039469232631082815928139781)
(1636695368645830633932399477538729112244703497017478821729218967318741903460928918738369991673168355522276516194884037990509051435223862348352828998307, 41, 904625733598672965533583963141155209134872029742039469232631082815928139781, 1809251392987602240911207759267656814428827064555758916945467056660269760647)
(1636695369638349666833574524535587012847706240743139270968725495976662203023039950560519940894266622826247696631103269354541246627605061524683497668923, 41, 904625733598672965533583963141155209134872029742039469232631082815928139781, 1809251394084762089496164060505357905934571692994878952343330269760187269183)
(1636695303723449240779323716663604458511468017728283833865857426187220378437494232140114890571750858290251055538301508443309893786023445120665440492873, 42, 904625697166532776746648320380374280103671755200316906558262375061821325431, 1809251394084762089496164060505357905934571692994878952343330269760187269183)
(1636695303723449240779323716663604458511468017728283833865857426187220378792107505380728260112999014149301205101477560270306168445316177993662145252741, 42, 904625697166532776746648320380374280103671755200316906558262375061821325627, 1809251394084762089496164060505357905934571692994878952343330269760187269183)
(1636695304512535522356788754658529686037868694605721397747543252847487866582570940743687132040913197919032435495719671652708519583950452658211775327713, 42, 1809251392987602240911207759267656814428827064555758916945467056660269760647, 904625698151252358233225618805422085574643639306403984625904453588239777879)
(1636695302730930611269391960366044399913225622204809526205063643743520901780508833943762119829158075069903168699908027129052518422956377095529140655323, 43, 904625697166532977613903852754158722848933297845642221833636597910925738509, 1809251392987602240911207759267656814428827064555758916945467056660269760647)
(1636695303723449604198685814591014380887767876366612324659551058349592336379736607986150833835521252092494507281870139387219838709231868757664252068147, 43, 904625697166532977613903852754158722848933297845642221833636597910925738509, 1809251394084762089496164060505357905934571692994878952343330269760187269183)
(1636695302730930247850030082822122143111873017939157477068545026308127489050787686066987132373171061315762082781742559048255182291560009506206664113857, 44, 904625697166532776746648320380374280103671755200316906558262375061821325431, 1809251392987602240911207759267656814428827064555758916945467056660269760647)
(1636694968977785546984088610081948502456383788410114697250757823788724926845931064486240470508489338322326834284866810604695261182734812220405489859389, 45, 904625697166532977613903852754158722848933297845642221833636597910925738509, 1809251024047004920200200899804306818659412873049204128251218256127353422321)


(1636695261791678410866446486456464976403743989546809881869654058192244933240769237631575005436397572534186510748114098516587190299778867003160071782173, 46, 1809251347732140471131490987735301084500864601032308649808831172393350201451, 904625697166533781082925982249296493829979468426943482935133489307343388823)
(1636695263435331471588007264688532168217814535270044563792653179687956755754113457909248129874127419299713772743177178604291942651347356843723517346421, 46, 904625698075005156705691853968800411745670900269978605324653162044233613471, 1809251347732140471131490987735301084500864601032308649808831172393350201451)
(1636695302730930247850030082822122143111873017939157477068545026308127489405400959092557171591767782132222818409792663701183930012871552611619537200669, 46, 904625697166532776746648320380374280103671755200316906558262375061821325627, 1809251392987602240911207759267656814428827064555758916945467056660269760647)
(1636695302817748226047680305497893931838211248088479798274101402311105837998686163034027313509206541996661448405709106982756244935942212848262135690833, 46, 1809251392987602240911207759267656814428827064555758916945467056660269760647, 904625697214518357155288158493470581124117382255533671257107243313173364839)
(1636695303810267219029621791474780777537297845298106520925031959548821637006478328077372795221083087004728257830173343245145045296219409157810760456537, 46, 1809251394084762089496164060505357905934571692994878952343330269760187269183, 904625697214518357155288158493470581124117382255533671257107243313173364839)
(1636695305505054516366477175422466688360465041021841389906552308727917907283816581387283042142552696989008977784081556704276903398419081720651501802857, 46, 1809251394084762089496164060505357905934571692994878952343330269760187269183, 904625698151252358233225618805422085574643639306403984625904453588239777879)
(1636695306720116626314481244595498367328634166711216877895422097727597401123697163777608697482728718038163301765640318416209875619558204255678698103853, 46, 1809251394084762089496164060505357905934571692994878952343330269760187269183, 904625698822835154256252647691847676940508702290700715208565714867237945491)
(1636695304215692407059039613695640800422588884418074394521710318896209743873656438043600708908981016817135083163245145193368188612332517707071656840041, 47, 1809251392987602240911207759267656814428827064555758916945467056660269760647, 904625697987182778710849517429881099475041681716935167308435968009342812303)
(1636695303913431436793795889125722539402946474924440143184349651760686708878541707026793398356064603917848437779530968433192362075201857738501693374583, 48, 904625697166532776746648320380374280103671755200316906558262375061821325431, 1809251394294774027703904693858643588254207489390457553253048802500350574593)
(1636695304034886005913910572415082441385638360593339316608982157211189585747060455430559279583249127336929714990845108850431977075672248000559274014907, 48, 1809251394333062339617208122780197476283158828075428768710537184537972048013, 904625697214518357155288158493470581124117382255533671257107243313173364839)


(1636695303947755850419612702826746444237601573055890091211787731668934873359817988380456659472002335277417906481605755059957812623788349321730131697929, 51, 904625697166532776746648320380374280103671755200316906558262375061821325627, 1809251394332717249672203504618524839923828563406537125617622329776591078027)
(1636695303948068391071059813789037091005471687858248177203882525466273487615842044651257862573679982699201688563001141233298628735035735550441231032617, 51, 904625697166532977613903852754158722848933297845642221833636597910925738509, 1809251394333062339617208122780197476283158828075428768710537184537972048013)
(1636695303948310064946888102650845698939645896335624200610810334614003494202481545658604108735664865630030021450301769388537320801912336547517810351973, 51, 1809251394333062339617208122780197476283158828075428768710537184537972048013, 904625697166666554338832881320813148447859156986976879957494792565360164921)
(1636695303946095932483002610590454425991337342700559962754318069048767019648843092273385708060366522634237861286333893967747506871542125524062262305703, 52, 904625697166532776746648320380374280103671755200316906558262375061821325627, 1809251394330882327292915270097640361959636498359782085074096603207781318789)
(1636695303947757667516423441494158654375035395062275674982906435113483245166264838554333583137120176329181022693853324925954969056953708620524992692221, 52, 904625697166533781082925982249296493829979468426943482935133489307343388823, 1809251394332717249672203504618524839923828563406537125617622329776591078027)
(1636695303966622039766787991100759417158001936554852153228838115036863071287621703091167345239689252910565516574733547972675436729710457779878965085677, 52, 904625697176960398583100440652150514866135101973408797060293140619196366951, 1809251394332717249672203504618524839923828563406537125617622329776591078027)
(1636695303947755850419612702826746444237601573055890091211787731668934873005204715091244078536250448372187037856535356632276536002734372685518280404637, 53, 904625697166532776746648320380374280103671755200316906558262375061821325431, 1809251394332717249672203504618524839923828563406537125617622329776591078027)
(1636695303948069844748508405000235939775000555277660965314600888228064344126751160936438228285282269798306844473928725756814821753525854117365083558699, 53, 1809251394333062339617208122780197476283158828075428768710537184537972048013, 904625697166533781082925982249296493829979468426943482935133489307343388823)
(1636695303948068027651697665986237378813089471003394980176202934775825772584393694110598132506983953595716760181831410478742910509499882231993229918603, 54, 904625697166532776746648320380374280103671755200316906558262375061821325431, 1809251394333062339617208122780197476283158828075428768710537184537972048013)
(1636695303948068027651697665986237378813089471003394980176202934775825772939006967399878351071956745660635465533330540781526949176765170401435751329151, 54, 904625697166532776746648320380374280103671755200316906558262375061821325627, 1809251394333062339617208122780197476283158828075428768710537184537972048013)


(1636695303948069844748508405003463752122609191014730864279604653070976476190481053682836328503268774307937626483921876446542219686949407750771137578031, 56, 904625697166532776746648320380374280103671755200316906558262375061821325431, 1809251394333064348289763446518041903735774254528681921464279413029016174601)
(1636695303948070753296913774512076938777369051020398806331305512218551828058657783664945786427169863731435007802431475804864691547869061514611226838777, 56, 904625697166532776746648320380374280103671755200316906558262375061821325431, 1809251394333065352626041108386964117462081967755308497841150527274538237967)
(1636695303948070753296913774512076938777369051020398806331305512218551828413271056954226595541873920975279974824999541484905157124734564860420721480309, 56, 904625697166532776746648320380374280103671755200316906558262375061821325627, 1809251394333065352626041108386964117462081967755308497841150527274538237967)
(1636695303948071298425956996217083460152844535236946076614075839464951433107030760974779502199535029428917384064704251873688119609698278604888030071293, 56, 1809251394333065151758785576013179674716820425109983182565776304425433825327, 904625697166533178481159385127943165594194840490967537109010820760030151059)
(1636695303948071480135638070118886792792486723131506412498541105415539306756658447060048507892014635437409037920253985271963666351962599506530699057053, 56, 1809251394333065352626041108386964117462081967755308497841150527274538237967, 904625697166533178481159385127943165594194840490967537109010820760030151059)
(1636695303948074750909897400054388044326051617423161753638569526978204866725099689808289283477502904492145460515519459579615027146967312424561159447311, 56, 904625697166546033985513457050147501290933569791787714732961083102712562023, 1809251394333043257227932547270675415483312276769523817549986013873052844057)
(1636695303948071116716275922315280127513202347342385740729610573514363559877149398374781891322313378119791359044860924463221510086014978535899351176909, 57, 904625697166533178481159385127943165594194840490967537109010820760030151059, 1809251394333064950891530043639395231971558882464657867290402081576329413151)
(1636695303948071661845319144019479695801775672624665536271129959550035130383486351378075308608997590458141657425934677657453631418157443220551199884623, 57, 904625697166533781082925982249296493829979468426943482935133489307343388823, 1809251394333064348289763446518041903735774254528681921464279413029016174601)
(1636695303948078930232562100070228744584555976648990891006590655489257201889197534106964452686055678249102795270343749333286383497550754711287569103543, 57, 1809251394333062339617208122780197476283158828075428768710537184537972048013, 904625697166538802764314291593907562461518034560076364819489060534953705811)
(1636695303948094375555453381728030956240794037718517299737143532069303450105428446942861664685874812500987239971650471985972907398428442989951279364473, 57, 904625697166546033985513457050147501290933569791787714732961083102712562023, 1809251394333064950891530043639395231971558882464657867290402081576329413151)


(3273390607896134965045308888562138933640467109999988429890364838574561121904024573886751349892822205417456890251405624013206037503102140416648607167041, 192, 1809251394333065553493296640760748560207343510400633813116524750123642650417, 1809251394333061737015441525658844148047374200139452822884414515990658809873)
(3273390607896116430657839350586429925883365965884362412035667311964023944193425690678197067360321505337425820975384891939705841176334465922085186138337, 193, 1809251394333065553493296640760748560207343510400633813116524750123642650417, 1809251394333051492785409374595837568039035525227861743840329150686333763761)
(3273390607896140779755103253417263328230930214036263259021250337119043374777284252420248072941332524764042268656686567342794829139778201182263855433967, 193, 1809251394333065553493296640760748560207343510400633813116524750123642650417, 1809251394333064950891530043639395231971558882464657867290402081576329413151)
(3273390607896126606399979489082897616416676397947843363014716934416867885208191336752206997198071924197584062571183696316356041868544618783484793531637, 194, 1809251394333065553493296640760748560207343510400633813116524750123642650417, 1809251394333057117068564281061801964906358719296970571550807390461257318661)
(3273390607896139689497016810006927504245218382029461728559209306141952951575845236887459022017592814915346605805424209627820984322294476703630077458617, 194, 1809251394333065553493296640760748560207343510400633813116524750123642650417, 1809251394333064348289763446518041903735774254528681921464279413029016174601)
(3273390607896141143174465401220708602892834158038530435841930680778073514624995151150691573528097158840862960027357827237758920705068427758473301711359, 194, 1809251394333065553493296640760748560207343510400633813116524750123642650417, 1809251394333065151758785576013179674716820425109983182565776304425433825327)
(3273390607896141506593827549024153877554738102040797612662611024437103655312198696851677490935751434230670983334236475958617101556426138392052937782239, 194, 1809251394333065553493296640760748560207343510400633813116524750123642650417, 1809251394333065352626041108386964117462081967755308497841150527274538237967)
(3273390607896081178979711013652238283678683397664446260429673977038100292642465987405953822171982675908983453407499113893148467927553610130530760535409, 195, 1809251394333065553493296640760748560207343510400633813116524750123642650417, 1809251394333032008661622734338746621748665888631306162129029534323205734977)
(3273390607896130604012963114920795637697619781972782308042200714666199433078621579288339363883115975696321071302511916034705047089521692774127326183041, 195, 1809251394333065553493296640760748560207343510400633813116524750123642650417, 1809251394333059326608375137173430835104235688395549039579923841801405857873)
(3273390607896138235819568218793146405597602606020393021276487931505832388772753512253523385782176814133292055771689309432369246523367891665602253662587, 195, 1809251394333065553493296640760748560207343510400633813116524750123642650417, 1809251394333063544820741317022904132754728083947380660362782521632598524011)


(3273390607896127333238703784689788165740484285952377716656077621734928166394436283143540014450077624338082258923377268676406487007141466037785230030029, 197, 1809251394333065553493296640760748560207343510400633813116524750123642650417, 1809251394333057518803075345809370850396881804587621202101555836159466143837)
(3273390607890733099646343938151576359100243460300672167297736690750549087054905302523397889740959248953316043660308085925442937529369193099825199933229, 198, 1809251394333065553493296640760748560207343510400633813116524750123642650417, 1809251394330076046129208321726887182479804320023966569721966086902668853437)
(3273390607896136055303395331972474757626178942006789960352405869551651544363670517742983523884310292554245643417657142463920018942810717344588898471421, 198, 1809251394333065553493296640760748560207343510400633813116524750123642650417, 1809251394333062339617208122780197476283158828075428768710537184537972048013)
(3273390607893251595826028216027329766094575396012207534612518247829424450276637972253803130043730546652626525313348130086679083050324115203936221132157, 199, 1809251394333065553493296640760748560207343510400633813116524750123642650417, 1809251394331468056210047672053075407142294852128401428065330431196248670221)
(3273390607895511700839225405653492888475203146111780182423575463337869745205292559704428980968370337189130521946967002548644051105626808620453531087259, 199, 1809251394333065553493296640760748560207343510400633813116524750123642650417, 1809251394332717249672203504618524839923828563406537125617622329776591078027)
(3273390607132587614398514519809066801496982850641083589102214123317584401403942531940123397024869654693065628800935579638163636947947241651181136587607, 200, 1809251394333065553493296640760748560207343510400633813116524750123642650417, 1809251393911037825336624413180576368838922487844131424163840541977695224071)
(3273390607748572530658176925446260488824948373437779337664305869635243122458511312203155972079731944502552434171496760734236803551687341358392486649147, 200, 1809251394333065553493296640760748560207343510400633813116524750123642650417, 1809251394251501797446332006597496304795860034893763725210343088484041883691)
(3273390607826862873587591778251445078805892949848880286368699303521373416951966543592412354383891619068600478785939604087631112952796998364347381055281, 200, 1809251394333065553493296640760748560207343510400633813116524750123642650417, 1809251394294774027703904693858643588254207489390457553253048802500350574593)
(3273390607892191864966005221180908851982674685401119925508636138097534037783342767491822908176562964196750739612452038808357408536065394163211560785013, 200, 1809251394333065553493296640760748560207343510400633813116524750123642650417, 1809251394330882327292915270097640361959636498359782085074096603207781318789)
(3273390607894194305651439618164372239073406137893264207457329699353609543046882747467047694335555497675247983445659588224605432517546709471604888305043, 200, 1809251394333065553493296640760748560207343510400633813116524750123642650417, 1809251394331989105870898649649919888350736474102269252386064501773095141379)


(3273390607840262508889343439082167137866212257441956841673650355621692830141343698837468373649267688767850560378725061844053664495320261004143255021833, 201, 1809251394333065553493296640760748560207343510400633813116524750123642650417, 1809251394302180204282638847664832048792546365180157071576019471829150204249)
(3273390607881071595903644583558949472383892160027776389510800515434257378817499336050554461388858346221898603527115330235589905399844791715998237392399, 201, 1809251394333065553493296640760748560207343510400633813116524750123642650417, 1809251394324735990140880164667476799701693094050459973898251643461857968447)
(3273390607612697662957718321130415170840268749787976798518098975105251485774054506349033815041249894385864022811338198813958998739269265988838047557659, 202, 1809251394333065553493296640760748560207343510400633813116524750123642650417, 1809251394176401748815143628443827149155557343310213883571278488175336489227)
(3273390607889333208263350599280378361446251163567507054037052916166446936960231413563980698514866066932071717129080243322414099114025429312357676309053, 202, 1809251394333065553493296640760748560207343510400633813116524750123642650417, 1809251394329302305460897617909213727732342050230852128980459672152471240909)
(3273390607860436644520892303936254169477951711297476511280887555702865871545315087884119231299754477015057196403276058397886814556898953875150233134417, 203, 1809251394333065553493296640760748560207343510400633813116524750123642650417, 1809251394313330747371751981186817723751301692479058638149878271313306452001)
(3273390427931504630433612183596021132211966128017282844004416234475484812550546963389499769085974972099871882112163457112389439445730025623221134408517, 204, 1809251394333065553493296640760748560207343510400633813116524750123642650417, 1809251294863949319417402785603087650063416446561015816011299111013728649301)
(3273390607446898481558647433327208917022936035456567667731714852374440756069871593912510651317708709655617842935718613503898653779264920198047546199311, 204, 1809251394333065553493296640760748560207343510400633813116524750123642650417, 1809251394084762089496164060505357905934571692994878952343330269760187269183)
(3273390301127419943632491054649000122794056377923423956227735762915221791832503285530941917367259829887966809163677387388015196058242636782019492688273, 205, 1809251394333065553493296640760748560207343510400633813116524750123642650417, 1809251224777456594317573658674285617006934907193405013079863720653432553569)
(3273390430272998136622526686935294595551783423328714000065954870038858733395537055394675758279595828428591543607011918580883885202808851760318552986089, 205, 1809251394333065553493296640760748560207343510400633813116524750123642650417, 1809251296158127405184221524826042118410126230591719918911153193987562537017)
(3273390523583353187539365100877742843945078504160706846396672343200015623232524596649214451249209767757125131798765175927732883077130672423462519155067, 205, 1809251394333065553493296640760748560207343510400633813116524750123642650417, 1809251347732140471131490987735301084500864601032308649808831172393350201451)


(3273389937955570367129601681246529063063315049199792166047640103191958904234140466815529707235387107469279112394394193253175978067321672177443967757857, 206, 1809251394333065553493296640760748560207343510400633813116524750123642650417, 1809251024047004920200200899804306818659412873049204128251218256127353422321)
(3273390584243942299416694671528731825576260164763823841753981372431496756513950029389032862128626783131759959970725481515076073670752741300871718983839, 206, 1809251394333065553493296640760748560207343510400633813116524750123642650417, 1809251381260145093307454973003422106072683444490984896375235094134715842767)
(3273390605461860495700060165644244286223746035878314954137090052616254977296458502254491267540854669757416883142657074369197646542387178798593284739799, 206, 1809251394333065553493296640760748560207343510400633813116524750123642650417, 1809251392987602240911207759267656814428827064555758916945467056660269760647)
(3273376261965793298199052585013482752931215322557853517502105991130913433386585259893709777810850422047191567436370273834158082342377173181275400298201, 207, 1809251394333065553493296640760748560207343510400633813116524750123642650417, 1809243465125221079190165260340346859257044318072770983926153868112467853353)
(3273388838757824796440883040238289918709219301040070839032409862554247739968547745852883115227630984949203186461076042841341776396273146454350994845683, 207, 1809251394333065553493296640760748560207343510400633813116524750123642650417, 1809250416504156527989912200497817730313382572286553870242589393732973363299)
(3273390607150580870437814416188060587023154346891275157806709025558882831754752635896330011476236772655976656143301574731642507718067566687229432538687, 208, 1809251394333065553493296640760748560207343510400633813116524750123642650417, 1809251393920982964025287771622121129483160400545816023216988023986271027311)
(3269257009083212630301621235122856596300493314600407895572125480624935996656477297398038583915939057455828387531240798375962484075533010796140373727329, 209, 1809251394333065553493296640760748560207343510400633813116524750123642650417, 1806966693143459459181073319832636030322239692646356234597652392324458610737)
(3273292613663828334860402366115348546290545437398207556084702737007126025749957200842511845116642711782211262386053718505085933070548111944138218188497, 209, 1809251394333065553493296640760748560207343510400633813116524750123642650417, 1809197231471773600071475844532674846111463887245132795265378088043700814241)
(3273384521574082746360506279790546437226017654912076957278615957522605820350209921008195981552604712443113097151855830237119078593843927202895467896951, 209, 1809251394333065553493296640760748560207343510400633813116524750123642650417, 1809248030332861829886220280939409847360491746101972185208930660687034712103)
(3273304806651487968863659743470597586563321068010724726949368234273151428876693626081256813381983540376427694511288226200378052766087782825172200824361, 210, 1809251394333065553493296640760748560207343510400633813116524750123642650417, 1809203970716357202361644931536306277757029577267786348981101524000505331833)


(3258514731418311828783666203870834305299312013331110601800731704985123234228638394155670431343133745100463209759624328147601408645654774567426471218861, 211, 1809251394333065553493296640760748560207343510400633813116524750123642650417, 1801029277426358039683248216494980130511393491570250449256618906361918390333)
(3273263388907035912459354774030400133832744675941969310553508225863433644165969967216672950125517394241400341350816305739249866632124183888115428926749, 211, 1809251394333065553493296640760748560207343510400633813116524750123642650417, 1809181078516532575999577471323187898979829775644283700061791216822353133997)
(3221430829498709233965914830331543849888061926873281295092455192216991957108546435163139985062235464918492386936028051772338740845261345064406212366059, 212, 1809251394333065553493296640760748560207343510400633813116524750123642650417, 1780532456456228219351335803709622400216926398253418310802446759630584414427)
(3271778744190223283063845191970127845230150757513155850942163923356508734176867429599818965533061307772499364255788678829082456641964319590049342550179, 212, 1809251394333065553493296640760748560207343510400633813116524750123642650417, 1808360493427327819101882770137871043696894533448078766875961828868010016787)
(3273327706799159500986757458416483842694330094251167678069293890838470413875465137732967955389579139527104406913300460496824978085572404588338414056477, 212, 1809251394333065553493296640760748560207343510400633813116524750123642650417, 1809216627966611788280751299856131502077045170122495753077437530111379243181)
(1642983029591567768678846931032265451933275110264010450904641281379933852014879028565059464055939226382470510072908649234154684108219267955448944197549, 214, 1809251394333065553493296640760748560207343510400633813116524750123642650417, 908101016109600190320747573410957519961406285325761516872217616774678446397)
(1721367342474115195133260356556622078974093846604803156559362085270101418044231361918298138239984802210879133523973382860382103384861243154037748006291, 214, 1809251394333065553493296640760748560207343510400633813116524750123642650417, 951425184949852380382068479171980675196720127866509535237366429370149765123)
(3273366505822016422281876150809939904425427906799255052934012223123295623837215020254026062851767362603109325936223920599464767328180573425908844587977, 214, 1809251394333065553493296640760748560207343510400633813116524750123642650417, 1809238072760286369676731652155408976262840182127503684103100552747371462681)
(2285424184067912077837541125533133570686365780152714705845164626742141151938778860516088952481851910071711545969018289443477684563448659714420970071201, 215, 1809251394333065553493296640760748560207343510400633813116524750123642650417, 1263187742303979539330463224856103311281307615392183033706711777766790922353)
(2639635760998984190534475792887440278930618774099231395027627682231126242635978725679690659946656479984612362101606446043586918601711378887116914119207, 215, 1809251394333065553493296640760748560207343510400633813116524750123642650417, 1458965718786702212085755863460842839059166242143514689507760513947749318871)


(1656263567757198048290825557376901097799221486989198839549401505047327710287064116320272420546297432416799806379087011731822933392077723030163292158551, 217, 1809251394333065553493296640760748560207343510400633813116524750123642650417, 915441365940048054512287382337390702976853633046165419276914304183116496903)
(3081995666755718781043468966233099906355738537961363310129045493615001303342823889094827429465617393388402785478983194390525384634991876481496106655449, 217, 1809251394333065553493296640760748560207343510400633813116524750123642650417, 1703464580107076821085416983563237965229763841363764137617424186542502445097)
(3263947600197102852053327894741116660832072432399248428486420419615604498603120949145184874622777354715257098884683037565052434102360952554385041230529, 217, 1809251394333065553493296640760748560207343510400633813116524750123642650417, 1804032104339084400728644165634254919559973236227981457968998470305754120337)
(1640564456331728509931936142242161838063516069842882800692263505082748040330350503546339191720336173055921385281166174846492336756368803062046793923159, 219, 1809251394333065553493296640760748560207343510400633813116524750123642650417, 906764234904171961713382797463678965267833986481506885690124430251623710727)
(3229507113593846536978048120162621284754058859989049163267704592194109591342205807778011190401664370046500931221085349973820258496609199244584375278079, 219, 1809251394333065553493296640760748560207343510400633813116524750123642650417, 1784996338103872005994969166616438786793454433563272482898848341743307325487)
(1636950834898713257728416113816167563235987659009521893459098351944067471057177690704646671759014837598865218650272162044075005490324139236452753970707, 220, 1809251394333065553493296640760748560207343510400633813116524750123642650417, 904766932901623376302953143237053642666323468722375989574203024175519498371)
(1640456701446239071652765981890154264694658025738107542210013257924161796394803313958040364431064584758368720627268476778103147218229292840733168880911, 220, 1809251394333065553493296640760748560207343510400633813116524750123642650417, 906704677185533773584040317491404591150698284246822275264508607279839313983)
(1648622656181202456740900369052551607145560232343305541407379184980485981677031086540933122225419579475702731273681233311240369275881288204891862305059, 220, 1809251394333065553493296640760748560207343510400633813116524750123642650417, 911218121121816357642303845244548136650438880701836284901967948944800481427)
(1851937705072533266218516427317370102693561407817045907850058674995664794775546776684914026909655179897766058219813933170094328225120793095041110128421, 220, 1809251394333065553493296640760748560207343510400633813116524750123642650417, 1023593355170635606444942778407828342755049966459142102814210702575505769013)
(1993561618854170373900453331411524322594378457906645287515827680012049545885776864123400802815643268409530282159381753536741872480690866868013175401003, 220, 1809251394333065553493296640760748560207343510400633813116524750123642650417, 1101870986585059999614014659627649735473170117993447107974553006888538079259)


(3078874080782865727732903264994558384328661068669038964984886266723917706841460639132949779461060449153074208484497151160555165715145273266055822704019, 221, 1809251394333065553493296640760748560207343510400633813116524750123642650417, 1701739233379347064947544116001424102352565888210531532035307094431764578307)
(1640475891155306708430610715382735761445658032568662823388351008443317804141184007250321892917270898158771512228396324104574624484852959132182401447831, 222, 1809251394333065553493296640760748560207343510400633813116524750123642650417, 906715283621503779054367893433545537158168383060862741827703514906981564743)
(1636695388686041373386517789555856029575362129382877339154967903939289518841505159818103968686607618036957659694546331073064038516917727463601296368977, 223, 1809251394333065553493296640760748560207343510400633813116524750123642650417, 904625744002462102984043617767042689061445477630597863387229816801510555681)
(1636973470468911483763555795682617305970798241508496735446157050550726907808116283147149874295989333564683002050983332979106894986187443398259771433493, 223, 1809251394333065553493296640760748560207343510400633813116524750123642650417, 904779443915996019669954962340797810065309626946368632965628467313683464229)
(1641027157397470601971447160202084757282430672073429161049053495107967394447933184869462106507913327702933681082954097032725424159954759221417231761439, 223, 1809251394333065553493296640760748560207343510400633813116524750123642650417, 907019976625411676442365885369572268043040641218400514733824521971578175567)
(1647191700123844107544558911070055573722139915133947567350771483000606010117868342072730904443988932244764114763658501629793655662592633363177890898039, 223, 1809251394333065553493296640760748560207343510400633813116524750123642650417, 910427210548614431382787994953981773881636971590428735340516161038820835367)
(1648513357495919600383887390365921466851863560395154573771798296399887516305570053035990296763136991948990719019582188650236373623386349517381360898599, 223, 1809251394333065553493296640760748560207343510400633813116524750123642650417, 911157710122203367688741982819038502117134056311219552288509450101647737047)
(1656251523545354096984358108752130565976281692215338190888990624001950271006561145906903688426921016104668888697888748637191720991115266714530664673443, 223, 1809251394333065553493296640760748560207343510400633813116524750123642650417, 915434708926057806297827156814980417376683517067323121609498959014327746579)
(1636760396347368581913732312580529817926357556645480162899527587718676502684655837081480227580952887985882814481564429955983693228855155262308573221177, 224, 1809251394333065553493296640760748560207343510400633813116524750123642650417, 904661674698180136102307887624816186822802812293923246302571018979737862281)
(1636695377045515688949570667479081435582760870439691928166576719474345161729507399745176632676607469170189949726446141972171535786394262930490818288541, 225, 1809251394333065553493296640760748560207343510400633813116524750123642650417, 904625737568571422619013172746624024504051826400151072819808206965155299373)


(1636695342338897917574895708897712697830698938624820536238554389476491550015684814733886752840653450223579711390082941539548221644228359250716317966869, 226, 1809251394333065553493296640760748560207343510400633813116524750123642650417, 904625718385710555366021139819191868326991698824868247491990617074245304357)
(1636727077829825185756400530742120147545655476249249225715911400055568320541101802257211321237227285528414667017227523688666624537691435506304471262131, 226, 1809251394333065553493296640760748560207343510400633813116524750123642650417, 904643259060835455110514967198728636961402151075367927775171664747176132643)
(1636839903112457103009292167485160919482160649461260404064852192372423795086964750179200117762761838040717234473638183379428357814759035332431167080087, 226, 1809251394333065553493296640760748560207343510400633813116524750123642650417, 904705619262952921168776536271293599091188991228173006357463963851491901511)
(1638571924640919608745347879660484460632018669417684173163756085869410458934260640057621322520133920672840881249432144475815702375314799191574691398139, 226, 1809251394333065553493296640760748560207343510400633813116524750123642650417, 905662933174047609786930021656342804090997926569210402968954152635368210667)
(1672866137135831521651232356620452152413500594038617910689198904360036408752137210381246159164197348422273576561066382149014239188144786939786924374439, 226, 1809251394333065553493296640760748560207343510400633813116524750123642650417, 924617851546545866669150827882736778449323058839617433596505292641119764567)
(1636695306944738320953017994108014618526001381608404580609454193785296647698515459650658608922662293479721012939599693714326237899154003110701014419747, 228, 1809251394333065553493296640760748560207343510400633813116524750123642650417, 904625698822835154256252647691847676940508702290700715208565714867237945491)
(1636698438328170821109190922555426319593997405024821387219566314299064744866045448411820864762358497689347499419395404415835553866569199697315894368177, 228, 1809251394333065553493296640760748560207343510400633813116524750123642650417, 904627429584763711155843588959411605664314390559219714531701580863637553281)
(1636701087372928770594253490117592236206069714355969997398298540232215904667429698060400037385428116740747921359430697596326362437055271241916084093611, 228, 1809251394333065553493296640760748560207343510400633813116524750123642650417, 904628893750974248187345386361408588029115730043065591764801635451486077083)
(1636695304507664432261144741251169250463199658022668055155492202317816343592423658589216192633149262448521873195688794605919618585342274051537566115867, 229, 1809251394333065553493296640760748560207343510400633813116524750123642650417, 904625697475828377682653006039097876572298569766103243061979648885558083851)
(1636695328881514188919862467311174036988977553287066894718853838290624164417386624395489791537351368861106527467712166016627575432154555570017565406589, 229, 1809251394333065553493296640760748560207343510400633813116524750123642650417, 904625710947615567126006542161425779693204938996776721731187897036129173517)


(1636695369862971370107072265990725970371424358430847957376691472509958429079874276462632562927127073739480085520718480634760769680684058696335293938677, 231, 1809251394333065553493296640760748560207343510400633813116524750123642650417, 904625733598672965533583963141155209134872029742039469232631082815928139781)
(1636695305911467297849280420930658090527645687589405436821805588561371306279768197446723010096935000276933683357754408248440274897097912269304907165031, 232, 1809251394333065553493296640760748560207343510400633813116524750123642650417, 904625698251730980264651762754509891284551854516912293421154923993964216343)
(1636695359638098202980452102730065842483267266977967343157899020625338169926093944225887088202933391493282921083911215598943244722077805424192838942751, 232, 1809251394333065553493296640760748560207343510400633813116524750123642650417, 904625727947234365484440854451688711287591156739631597876294965986458599503)
(1636695303958792169609317197852847376936573033905515781632463969096249020889743831647669092485220880745486135762110888971068803802247336209935413087223, 233, 1809251394333065553493296640760748560207343510400633813116524750123642650417, 904625697172458561652108879395219708064441334942442845373210646491099562919)
(1636695305432833095319758849400570123176276381649517296188796336095105787983439684009458120758620962189647656111958703350561225414512167981491475680351, 233, 1809251394333065553493296640760748560207343510400633813116524750123642650417, 904625697987182778710849517429881099475041681716935167308435968009342812303)
(1636695304030237872272040320569728984618636271616608489643264928808708520972553554235723056634256474106536423282547349417471279624560834276736848840819, 234, 1809251394333065553493296640760748560207343510400633813116524750123642650417, 904625697211947658018984838800172327266894607382148777017803220474899988707)
(1636695305729676210838257590321585614289161097493147488817579093868247229698092233076220098882050901006961934083441957658669612561860137368666926725543, 234, 1809251394333065553493296640760748560207343510400633813116524750123642650417, 904625698151252358233225618805422085574643639306403984625904453588239777879)
(1636695320740537432801361508327427894996569790136679286023809346520165589095132545733898690560910052166357652600524799676308193307734399264178120327147, 234, 1809251394333065553493296640760748560207343510400633813116524750123642650417, 904625706447977329113502648675129267632283703761726038894937075236225417691)
(1636695304565407771293447082867415005718958234252125916234615841957849191366616683217853656813744054772925811143962844484682515277820998516725900101271, 235, 1809251394333065553493296640760748560207343510400633813116524750123642650417, 904625697507743975046936344275421228433547942860122031996873920236583125063)
(1636695305591725855160572880529776702171057276895498126765929562617121797474868899796501630592073317992697760975363124599794011380713737011075554967407, 235, 1809251394333065553493296640760748560207343510400633813116524750123642650417, 904625698075005156705691853968800411745670900269978605324653162044233613471)


(1636695304034888913268807909062354107665311612631937440710303077076449776532763292142528426591237200009208236324414959104760510963172520449704076487863, 236, 1809251394333065553493296640760748560207343510400633813116524750123642650417, 904625697214518357155288158493470581124117382255533671257107243313173364839)
(1636695303948312972301785285508352500936347728531472157314754560962140634354534240488061567472399202285285371534223504020835428106635052245024669422057, 237, 1809251394333065553493296640760748560207343510400633813116524750123642650417, 904625697166666554338832881320813148447859156986976879957494792565360164921)
(1636695303949238964836537888686912339467597046308238696408270204170939253269944184482952644680439650833409542893011168102499530146912267214713190817383, 237, 1809251394333065553493296640760748560207343510400633813116524750123642650417, 904625697167178364105929369723573263374269817275880201611014612083403653399)
(1636695303952008220376104150939905263175650343584126069992488885980611730458417057643750810903213877673681436613046684428221816415765930208416839495843, 237, 1809251394333065553493296640760748560207343510400633813116524750123642650417, 904625697168708972593086057961026982267224774654782599962592722259028213779)
(1636695303966937124353773768668343099527766012717482686720326055279763398556464915424225408862876119366657091177324383359451338079995856568398945168567, 237, 1809251394333065553493296640760748560207343510400633813116524750123642650417, 904625697176960398583100440652150514866135101973408797060293140619196366951)
(1636695303948362760754399534580355129617188056842075381747961642249269916404230091969962589979754657531934275562274832208374700435621517585505908154073, 238, 1809251394333065553493296640760748560207343510400633813116524750123642650417, 904625697166694073152840816529281804548690499396545072683763322892664700969)
(1636695303949806625880212757668431361361557577849568890310966999576019096724705962590962101690805027094476292636532295701721631150860041019552159485199, 239, 1809251394333065553493296640760748560207343510400633813116524750123642650417, 904625697167492118759070937574872831472799429274022661745550702384496246847)
(1636695304163983829349037092303155333170011929985289213244018668740135673059009418203175723771854237483103045222189718012582037428831131972579914393151, 239, 1809251394333065553493296640760748560207343510400633813116524750123642650417, 904625697285871026267264571324575881165080482650001735514670370729955950703)
(1636695303948076022877664917662033421374976239053272870231170495274488868513416324193502398527804602482981244079182666814464959895904837568948839899669, 240, 1809251394333065553493296640760748560207343510400633813116524750123642650417, 904625697166535588888225773613356478537333352234871320413501494949283102757)
(1636695303948273723010673322736262837450721776286617060681277445786885433905489502698504721214823829406000813037238392348369043786691064392598685730869, 240, 1809251394333065553493296640760748560207343510400633813116524750123642650417, 904625697166644860675235384952093331959612551291842830217078724862083596357)


(1636695303948070935006594848413799576108321023021532394741645684048066898584993947343078410726784318096341662547633187954342679747087681177814684336459, 242, 1809251394333065553493296640760748560207343510400633813116524750123642650417, 904625697166532776746648320380374280103671755200316906558262375061821325627)
(1636695303948094920684496603441187703793981327171166064906548365544056187841173969790238292963514051303845096608656611954749117015923944260644219313591, 242, 1809251394333065553493296640760748560207343510400633813116524750123642650417, 904625697166546033985513457050147501290933569791787714732961083102712562023)
(1636695303948095284103858751244632978455885271173433241727228709203086328068827661330625559783870979940422985622870009033846309335684368362818622178553, 242, 1809251394333065553493296640760748560207343510400633813116524750123642650417, 904625697166546234852768989423931944036195112437113030008335305951816974409)
(1636695303948118179523674062861685282155833743316265381430090359721985194926876287328877496847884711797003117564691593937160314810773896021911715965483, 242, 1809251394333065553493296640760748560207343510400633813116524750123642650417, 904625697166558889489867528972351836987672299092607892356911345445394972699)
(1636695303948071298425956996217244850770224967023799571562326027707097039710036330472666192079816380550250837424688966192154243372644381341315841808253, 243, 1809251394333065553493296640760748560207343510400633813116524750123642650417, 904625697166532977613903852754158722848933297845642221833636597910925738509)
(1636695303948072388684043439627580674755936799030601102024367058684187461261438074373699458217669554025143813366854042421750050627857533707187522603299, 243, 1809251394333065553493296640760748560207343510400633813116524750123642650417, 904625697166533580215670449875512051084717925781618167659759266458238976147)
(1636695303948072752103405587431025949417840743032868278845047402343217602013774670270675735551082508482338784841197057517031048751410135345218294089191, 243, 1809251394333065553493296640760748560207343510400633813116524750123642650417, 904625697166533781082925982249296493829979468426943482935133489307343388823)
(1636695303948118906362398358468575831479641631320799735071451047040045476670370663174794704575825777291811870460746967500605974389260366314294088792311, 243, 1809251394333065553493296640760748560207343510400633813116524750123642650417, 904625697166559291224378593719920722478195384383258522907659791143603798183)
(1636695303952725610196983914940877445774035804059533114015487268906109561393563432281020589886913499175329409181414735013545552727513621712295943979039, 243, 1809251394333065553493296640760748560207343510400633813116524750123642650417, 904625697169105484555506963811516961413509956526954953551308626391138828367)
(1636695303948070935006594848413799576108321023021532394741645684048066898230380674053797562242098176507234944746993859915818452376248830153580724854727, 244, 904625697166532776746648320380374280103671755200316906558262375061821325431, 1809251394333065553493296640760748560207343510400633813116524750123642650417)