(615656346818663737691860001564743965704370926101022604260448029832132901654714441526037990621779483360055967877137, 2, 784637716923335095479473677900958302012794430558004314147, 784637716923335095479473677900958302012794430558004314171)
(615656346818667018567947176082630524457711602533070634036564225724641169686043078181782125380905953857944783163013, 3, 784637716923335095479473677900958302012794430558004314171, 784637716923339276869198402392797339959970552125786685503)
(615656346818668932412331361218064350397160330451765318019015096005509602287077875377044169910862749607340567168201, 3, 784637716923335095479473677900958302012794430558004314147, 784637716923341716013204491679703445429156623040326402083)
(615656346818668659005990763350315813849397721568232227466096272904619237536217699827516906213450548729107812713897, 4, 784637716923337186174336040146877820986382491341895499799, 784637716923339276869198402392797339959970552125786685503)
(615656346818675357461335411369804798396126740349872276840159707754778741832772367104265789146150590347264575671619, 4, 784637716923343284034351263364143084659347668628244791393, 784637716923341716013204491679703445429156623040326402083)
(615656346818665378129903588823687245081041264317046619109274241932220230719728379264960074445336883622286771356453, 5, 784637716923335095479473677900958302012794430558004314147, 784637716923337186174336040146877820986382491341895499799)
(615656346818665378129903588823687245081041264317046619128105547138380323187912444228485142149010063414492263351629, 5, 784637716923335095479473677900958302012794430558004314171, 784637716923337186174336040146877820986382491341895499799)
(615656346818667018567947176082630524457711602533070634017732920518481027041182316524354989221866660606925902710941, 5, 784637716923335095479473677900958302012794430558004314147, 784637716923339276869198402392797339959970552125786685503)
(615656346818668932412331361218064350397160330451765318037846401211669803471394783177357052601162508560308400818193, 5, 784637716923335095479473677900958302012794430558004314171, 784637716923341716013204491679703445429156623040326402083)
(2462625387274091186893127184998028859538400818984123934216752042273437232175692041538579348884761111970152064222609, 5, 1569275433846311114116336640065239220311839421482697490447, 1569275433846670016734375492281423310777789856050684362847)


(2462625387274632804853851578296266962400271532693397068494900663125492922923844774189790676283205873102974477141969, 6, 1569275433846659040586348090490345836166452536935255638103, 1569275433846667229141225675953530618813005775005496115223)
(615656346818670162740864051662271809929663084113783329225467511886751922583511486014421021657669504123676053736771, 7, 784637716923335095479473677900958302012794430558004314147, 784637716923343284034351263364143084659347668628244791393)
(615656346818671803178907638938334858919072659767285102147007289557785535569602706987686494374961885644428228430007, 8, 784637716923343284034351263364143084659347668628244791393, 784637716923337186174336040146877820986382491341895499799)
(615656346818764351225200020113265100806818336683828850018175782625739560735524714468464314084961591643283908460999, 8, 784637716923335095479473677900958302012794430558004314147, 784637716923463324764365228984022132392862158636663701517)
(615656346818764351225200020113265100806818336683828850037007087831902680529869479964080845262390283450563837297407, 8, 784637716923335095479473677900958302012794430558004314171, 784637716923463324764365228984022132392862158636663701517)
(2462625387274073962293669522720405003790633201393929471240025889054261463224624081790995682882209531393725731702041, 8, 1569275433846659040586348090490345836166452536935255638103, 1569275433846311114116336640065239220311839421482697490447)
(615656346818670162740864051662271809929663084113783329244298817092912161400335916335160455689493848170753928730203, 9, 784637716923335095479473677900958302012794430558004314171, 784637716923343284034351263364143084659347668628244791393)
(615656346818765991663243607640296687310639286686738608027478909048637491134535603827352514318815099523036069495083, 9, 784637716923463324764365228984022132392862158636663701517, 784637716923337186174336040146877820986382491341895499799)
(615656346964415974348760267075525498687282432536151255535223288652300410727106724608754150283919620812806561989219, 9, 784637716923463324764365228984022132392862158636663701517, 784637717108964233592608359164688808692932325884569845807)
(615656346819391271964191053360503076350391396129174706543787444875956384865207656449390160030526375723419779996121, 10, 784637716924134089366039782883201136419031660135085769213, 784637716923463324764365228984022132392862158636663701517)


(615656346818770776274204071260805481280117057528558735640138538926747290530966507750034844098376472797042882643181, 11, 784637716923343284034351263364143084659347668628244791393, 784637716923463324764365228984022132392862158636663701517)
(615656346819297083479854988997700365382355913027044218044186059465548035981857160586606520159207178563384126783709, 11, 784637716924134089366039782883201136419031660135085769213, 784637716923343284034351263364143084659347668628244791393)
(2462625385989410294078520963198194825055913315087532574394029889443980654089697783723702743186945192642288933672067, 11, 1569275433432887529681373638312426254379754736246809690171, 1569275433441447705570743990709403398488270610823945125977)
(615656346819290658430850932357567234155218514324866956820496074668431414051354617823440074129805979453962051417423, 12, 784637716923335095479473677900958302012794430558004314171, 784637716924134089366039782883201136419031660135085769213)
(2462625386621150639878381446775815030521003189343363441254361830207358603061020217482548964280234086071849449445899, 13, 1569275433835455703717236268689616829699230816323688726787, 1569275433441447705570743990709403398488270610823945125977)
(2462625387257038833430037753265790984666007218871460009109588687670797208097930316507497293069400370597923313965061, 13, 1569275433835455703717236268689616829699230816323688726787, 1569275433846659040586348090490345836166452536935255638103)
(615656346819290658430850932357567234155218514324866956801664769462252195906569663034243246855749219610719992956311, 14, 784637716923335095479473677900958302012794430558004314147, 784637716924134089366039782883201136419031660135085769213)
(2462625379739078604403801392255322357843403863423492137510707488580003264443501794518517882086567356403501871688769, 14, 1569275433835455703717236268689616829699230816323688726787, 1569275429055938388921242040454513326778157350261757050987)
(2462625386607717366145881979149088908205615452491294982725452133088345104870095157436933197779038337138144938310577, 14, 1569275433835455703717236268689616829699230816323688726787, 1569275433432887529681373638312426254379754736246809690171)
(2462625386625298487467052082452304830912876996842978951638837610003470988613101250770160287127483683734882332185613, 15, 1569275433432887529681373638312426254379754736246809690171, 1569275433846659040586348090490345836166452536935255638103)


(615656383723593482997873211292530433918498892637157205702309068637365332207673429965196739256918635010813721633959, 16, 784637716924134089366039782883201136419031660135085769213, 784637763956892148071766937599305721289248218633132310643)
(2462625379107338260369407386498555850140590630248948191324573804795982360535209512919775985760097307936176119748777, 16, 1569275433432887529681373638312426254379754736246809690171, 1569275429055938388921242040454513326778157350261757050987)
(2462625386638731761199647452613178418176751816675044242931970958788103695384888344066816413202801505059475856301631, 16, 1569275433846659040586348090490345836166452536935255638103, 1569275433441447705570743990709403398488270610823945125977)
(2462625379756659725675935059875632989200472894936161365647688855825961818068522746765447774826266717830806190957661, 17, 1569275429055938388921242040454513326778157350261757050987, 1569275433846659040586348090490345836166452536935255638103)
(2462624067081373294032941481963674510439244706295566495951033865515086015194503270281114414887713367093425328887621, 18, 1569275433835455703717236268689616829699230816323688726787, 1569274592582189416688338091272528631074768160667163688983)
(2462625321860360144679891511529426869069349701562805244941585565745631639205022947516266445761034594462575385124911, 18, 1569275429055938388921242040454513326778157350261757050987, 1569275396953008309161895152721625314526993674698045259853)
(2462624067098954405933777957679181390854889500275487698444794047009879539727752175378487343553891413026947096119249, 19, 1569275433846659040586348090490345836166452536935255638103, 1569274592582189416688338091272528631074768160667163688983)
(2462625328742432018406154896392321887174402780906797705497574266324384577142210251968603356796195879395227785501381, 19, 1569275396953008309161895152721625314526993674698045259853, 1569275433441447705570743990709403398488270610823945125977)
(2462625329378320197012625455491738947027625171709586449615212306491764531791147339553126734701275962558591962978859, 19, 1569275433846659040586348090490345836166452536935255638103, 1569275396953008309161895152721625314526993674698045259853)
(2462625328728998744989375665693438768555051592034795688352334849370280565230825335970913172301828726371654115004863, 20, 1569275433432887529681373638312426254379754736246809690171, 1569275396953008309161895152721625314526993674698045259853)


(615829489504847907637210317714297500192159736721945138387716826507582815094034001112270204258451959409480000609567, 22, 784637716923335095479473677900958302012794430558004314147, 784858382693600492070851990620486770747199749909169307861)
(615829489504847907637210317714297500192159736721945138406553427692229226903734448887161886756384753407300063998231, 22, 784637716923335095479473677900958302012794430558004314171, 784858382693600492070851990620486770747199749909169307861)
(615829489505475004686802664959586602848897108584679480181460227514904364821704823960068859372287242094253992683393, 22, 784637716924134089366039782883201136419031660135085769213, 784858382693600492070851990620486770747199749909169307861)
(2462624009202685685508074996107690875394007004488125129419222110346916034199760878374935510663185624662624308299499, 22, 1569274592582189416688338091272528631074768160667163688983, 1569275396953008309161895152721625314526993674698045259853)
(2462624059580998207116937678662785716268764683064155249181344165541797958442146172951882617734194448723798141176221, 22, 1569275429055938388921242040454513326778157350261757050987, 1569274592582189416688338091272528631074768160667163688983)
(2462624066449633286736257228891233727890095368396876384611025231271793988788669611982434382730443492219235636086093, 22, 1569275433432887529681373638312426254379754736246809690171, 1569274592582189416688338091272528631074768160667163688983)
(615829489504854334493148137234691871719605584187612062563465020678043542565978086638634699899912260663052140040373, 23, 784858382693600492070851990620486770747199749909169307861, 784637716923343284034351263364143084659347668628244791393)
(618076680992799728655989938835803991794611888274924141946949482813968230196151706420690679075548213505028106860393, 24, 784637716924134089366039782883201136419031660135085769213, 787722368758575753615728241386263602214212925546708336861)
(618250504355427737193436387096098405568913547982568763313599819433434974499835500040002578624927391539753803364321, 24, 787722368758575753615728241386263602214212925546708336861, 784858382693600492070851990620486770747199749909169307861)
(2462625329360739076100151728040515124755450485669140767604783406881603012142795710288770604494757956887518136782311, 24, 1569275433835455703717236268689616829699230816323688726787, 1569275396953008309161895152721625314526993674698045259853)


(618076680992170343299040465841018825553263190476430310726018014831505199416848624699294982116638954966690343957231, 26, 784637716923335095479473677900958302012794430558004314171, 787722368758575753615728241386263602214212925546708336861)
(1229617660776114496634677346151888968872125916944616740215312167148467703065207331122131987080798321108864877995737, 26, 787722368758575753615728241386263602214212925546708336861, 1560978473562901383389141370699314611493333571061072003117)
(618076680992176793606885347051388407501222935089716226597801323303976059575758420099532118619234809717052917437373, 27, 787722368758575753615728241386263602214212925546708336861, 784637716923343284034351263364143084659347668628244791393)
(618076680992170343299040465841018825553263190476430310707112677981299381330071146906024655663497844753569343872567, 28, 784637716923335095479473677900958302012794430558004314147, 787722368758575753615728241386263602214212925546708336861)
(1224802585662880313882194350864409671603222253975758231569924176616260275738753276583018293224709603417192310771981, 29, 784637716923343284034351263364143084659347668628244791393, 1560978473562901383389141370699314611493333571061072003117)
(1231658318736216017208825191151950936299242441568708592456092581181664728094383138729595421034816920369665580995363, 29, 784858382693600492070851990620486770747199749909169307861, 1569274592582189416688338091272528631074768160667163688983)
(2449603858129990001740868340405196840180332412661010864651906817033201843121844246096975219908834125906118994560011, 29, 1569274592582189416688338091272528631074768160667163688983, 1560978473562901383389141370699314611493333571061072003117)
(2449605163847505847854536612526232369738598423407731242280871901756506377873040180871725127017548271960774791926479, 29, 1569275429055938388921242040454513326778157350261757050987, 1560978473562901383389141370699314611493333571061072003117)
(2449605170679829236460739619787319098245903427051457278015400796089837755712440713707078166444223704920429116263007, 29, 1569275433432887529681373638312426254379754736246809690171, 1560978473562901383389141370699314611493333571061072003117)
(2449605171325717657957002044147444844960608027864116739446045148360258796348517429268600843342779145770418239967051, 30, 1569275433846659040586348090490345836166452536935255638103, 1560978473562901383389141370699314611493333571061072003117)


(1231312033549485951965097904679707892183063384023775161079057530304726133747978756116361364953348140904741334942501, 31, 784637716923335095479473677900958302012794430558004314147, 1569274592582189416688338091272528631074768160667163688983)
(1231312033549485951965097904679707892183063384023775161116720120526698679748498870306902052099142576760753263478093, 31, 784637716923335095479473677900958302012794430558004314171, 1569274592582189416688338091272528631074768160667163688983)
(1224802585662867531724300851457291941112372161797860845360747372739863735323066404827935301585464008459885031196199, 32, 784637716923335095479473677900958302012794430558004314147, 1560978473562901383389141370699314611493333571061072003117)
(1224802585662867531724300851457291941112372161797860845398210856105373368524405797724718852261304014165350759271007, 32, 784637716923335095479473677900958302012794430558004314171, 1560978473562901383389141370699314611493333571061072003117)
(1231658978691653550761554185151698320814508323689227489579885537107955526000623976144262470579461664882953541405197, 32, 784858382693600492070851990620486770747199749909169307861, 1569275433441447705570743990709403398488270610823945125977)
(1231312033549687178923903199002403417562291963402495334054518328512822366877766788775852025502076407779653333287211, 33, 1569274592582189416688338091272528631074768160667163688983, 784637716923463324764365228984022132392862158636663701517)
(1231658978684935024957450217161556698303937610271929976020928821150611376979686477124128273620987541961155924734231, 33, 1569275433432887529681373638312426254379754736246809690171, 784858382693600492070851990620486770747199749909169307861)
(1236152699301491138636325635537560014984020219855341586312044420594166561392238366919455926096339801852945398502363, 33, 787722368758575753615728241386263602214212925546708336861, 1569274592582189416688338091272528631074768160667163688983)
(1231658979009687063811015945017845217878861298171492763083806748406461523539075022769232593944530342810202409027683, 34, 1569275433846659040586348090490345836166452536935255638103, 784858382693600492070851990620486770747199749909169307861)
(1236153361984331903200164497693449284198666303181577672196161509818360958612529337265322523296952865218164431014683, 34, 787722368758575753615728241386263602214212925546708336861, 1569275433846659040586348090490345836166452536935255638103)


(1231658950053396019082648955439391525009089463461926701113703743909583409352059691144448981589148173967203900604433, 37, 784858382693600492070851990620486770747199749909169307861, 1569275396953008309161895152721625314526993674698045259853)
(1231658975249649801208309003359400402323185718169546187102780132340003414424916095180236730016898007486587276908807, 37, 1569275429055938388921242040454513326778157350261757050987, 784858382693600492070851990620486770747199749909169307861)
(1231658979000894030955153254817001245519759693230090868150700164440593047660360318644550217480466076734345120372607, 37, 1569275433835455703717236268689616829699230816323688726787, 784858382693600492070851990620486770747199749909169307861)
(1236153332922377956890933509223948285502650954319633842884198501029037738434928512930261272185931380406938203341433, 37, 787722368758575753615728241386263602214212925546708336861, 1569275396953008309161895152721625314526993674698045259853)
(1236153358210574083409899488288806287498538379079815146846047660589295242851405718744003389169067247331742748531807, 37, 787722368758575753615728241386263602214212925546708336861, 1569275429055938388921242040454513326778157350261757050987)
(1231312033549498802056217264507380024917878252543883650485414086898776370536399982885817726561398901134109167323319, 38, 1569274592582189416688338091272528631074768160667163688983, 784637716923343284034351263364143084659347668628244791393)
(1231312033550739792770914589141503652222658852815637544192174220853264868021468028337545544673635179977251248680379, 39, 784637716924134089366039782883201136419031660135085769213, 1569274592582189416688338091272528631074768160667163688983)
(1231312689878338611840839952763206049529998611703717741396425913584141078389799054199201457793118196569142244413089, 39, 784637716923335095479473677900958302012794430558004314147, 1569275429055938388921242040454513326778157350261757050987)
(1231312689878338611840839952763206049529998611703717741434088523881483599723908863170109777635793972975424413636777, 39, 784637716923335095479473677900958302012794430558004314171, 1569275429055938388921242040454513326778157350261757050987)
(1231312664689181697606712165175401799371605286156441570389511926625238828701427888421278706522633519345220462845229, 40, 784637716923343284034351263364143084659347668628244791393, 1569275396953008309161895152721625314526993674698045259853)


(1231312693312657992736422866358425725196526710187775459406411547024854722297452027432877945532804583280625854713241, 41, 784637716923335095479473677900958302012794430558004314171, 1569275433432887529681373638312426254379754736246809690171)
(1231312693628528165717917946157737354949047661449229408011046584118322669568987542671401520386812256349895601955689, 41, 784637716923335095479473677900958302012794430558004314147, 1569275433835455703717236268689616829699230816323688726787)
(1236153361658394828505283163534896202668194092110371669702444617927689883302193922220654510554454699105566108693231, 41, 1569275433432887529681373638312426254379754736246809690171, 787722368758575753615728241386263602214212925546708336861)
(1236153361975506784143627447659287633526253162485034432027111493648859567823466345401597566171852356033375390195607, 41, 1569275433835455703717236268689616829699230816323688726787, 787722368758575753615728241386263602214212925546708336861)
(1231312689878351461938808823787996958333086790424809671291791470199745988068050660505382030362962740758974679754891, 42, 1569275429055938388921242040454513326778157350261757050987, 784637716923343284034351263364143084659347668628244791393)
(1231312693312657992736422866358425725196526710187775459368748936622465421585099060113379715427690469610702422149137, 43, 784637716923335095479473677900958302012794430558004314147, 1569275433432887529681373638312426254379754736246809690171)
(1231312693628528165717917946157737354949047661449229408048709194530373606458201213119952324299593795941664131398577, 43, 784637716923335095479473677900958302012794430558004314171, 1569275433835455703717236268689616829699230816323688726787)
(1231312693312670842834427578271452148877281271219507997823714067302515234369078138211746835893932060791250857498203, 44, 1569275433432887529681373638312426254379754736246809690171, 784637716923343284034351263364143084659347668628244791393)
(1231312664689168847509006170755300289051146337875714073603563328429450806463927567246422821987710991335837659040391, 45, 784637716923335095479473677900958302012794430558004314147, 1569275396953008309161895152721625314526993674698045259853)
(1231312664689168847509006170755300289051146337875714073641225937956323005883813050911741829536358839528590745276863, 45, 784637716923335095479473677900958302012794430558004314171, 1569275396953008309161895152721625314526993674698045259853)


(1231312693320628471080378690460560099300403887328217910069611897248173911252564456498425600580305422881905233146101, 46, 784637716924134089366039782883201136419031660135085769213, 1569275433441447705570743990709403398488270610823945125977)
(1231312693919831411962909098297928012064035606794883198875005155091964176321838092366371063306753765430440740532109, 46, 1569275433835455703717236268689616829699230816323688726787, 784637717108964233592608359164688808692932325884569845807)
(1231312693313911834214074118127344427322918558943635479437582657173242713589468522768423647192620033473971740505423, 47, 1569275433432887529681373638312426254379754736246809690171, 784637716924134089366039782883201136419031660135085769213)
(1231312693628541015815925954522348840666362362844056656954303561925955161733083939985507357406730506040564586144291, 48, 1569275433835455703717236268689616829699230816323688726787, 784637716923343284034351263364143084659347668628244791393)
(1231312693637519953447500906749028406926591606685472323949856918300620716412399519927275853366906619805299764102251, 48, 1569275433846659040586348090490345836166452536935255638103, 784637716923463324764365228984022132392862158636663701517)
(1231312689879592453314994048926846640401538773723453700734969304080720593583303412728500829490646566549505355863231, 49, 784637716924134089366039782883201136419031660135085769213, 1569275429055938388921242040454513326778157350261757050987)
(1231312693928621972627891688988985430767077426726097832141805674162778276420323069932020919587073431613898103984121, 49, 1569275433846659040586348090490345836166452536935255638103, 784637717108964233592608359164688808692932325884569845807)
(1231312693637318726380820871081790441399833381716583795818848717589896322004098584939244499502399673973779355143141, 50, 784637716923335095479473677900958302012794430558004314147, 1569275433846659040586348090490345836166452536935255638103)
(1231312693637318726380820871081790441399833381716583795856511328002216138978170939111012799570394534860225490457613, 50, 784637716923335095479473677900958302012794430558004314171, 1569275433846659040586348090490345836166452536935255638103)
(1231312693638572567858802723758357438554335038927620196246287101400385528817171492061102883624013642431938907122939, 50, 784637716924134089366039782883201136419031660135085769213, 1569275433846659040586348090490345836166452536935255638103)


(1231312693629782007195890847436636791110860865633862668490655003001005650050465094316093432798362484871598493008631, 51, 1569275433835455703717236268689616829699230816323688726787, 784637716924134089366039782883201136419031660135085769213)
(1231312693637325288132995220070939505493097236878612769607316655615494652095990263852718279510500635278969644520809, 51, 1569275433846659040586348090490345836166452536935255638103, 784637716923339276869198402392797339959970552125786685503)
(1231312693637338001527833021350120967124329269385105813428536858189778923258528594794744132880976550300745526675639, 51, 784637716923343284034351263364143084659347668628244791393, 1569275433846667229141225675953530618813005775005496115223)
(1231312693637045730149733891405979698465611263599920653302761442894182626209313537106784198095149681194356319453709, 52, 784637716923335095479473677900958302012794430558004314147, 1569275433846311114116336640065239220311839421482697490447)
(1231312693637045730149733891405979698465611263599920653340424053306494092948105616468349939382633827309941059224437, 52, 784637716923335095479473677900958302012794430558004314171, 1569275433846311114116336640065239220311839421482697490447)
(1231312693637049011025821065173146147179471762188529122419962890021056469990038881545441661211418439604100092920153, 53, 1569275433846311114116336640065239220311839421482697490447, 784637716923337186174336040146877820986382491341895499799)
(1231312693637058580247741988660714955928231549738637157516184799763686425789168496591970336981192815240800125322671, 53, 784637716923343284034351263364143084659347668628244791393, 1569275433846311114116336640065239220311839421482697490447)
(1231312693637325151429824921179318285625125539729344520703835152518335163193989314281729783732984662820483000959781, 54, 784637716923335095479473677900958302012794430558004314147, 1569275433846667229141225675953530618813005775005496115223)
(1231312693637325151429824921179318285625125539729344520741497762930655176693378730504614518584496801420614907725133, 54, 784637716923335095479473677900958302012794430558004314171, 1569275433846667229141225675953530618813005775005496115223)
(1231312693637331576478828971185540691915808431408890536165844903499260774891588617459978130510790299711146337247479, 55, 1569275433846659040586348090490345836166452536935255638103, 784637716923343284034351263364143084659347668628244791393)


(1231312693592795050627118681360501678148740235021050309905031017499319796881903044003984344773297822340443375976543, 56, 1569275433789246120521874728253448715969117340368757588089, 784637716923669432432879773727588044539085150915269755287)
(1231312693637327338680549704190605219897091089999314425764637419697330518427222686202169399628191660860340286021437, 56, 1569275433846668971386944311158463551290995825658738770307, 784637716923335618153189268462438181756191445753977110591)
(1231312693637328022196401198882286899325652469506987847592960107762294832279499098367974248515376055071027931150297, 56, 784637716923335618153189268462438181756191445753977110591, 1569275433846669842509803628760930017529990850985360097767)
(1231312693637332806807361661714497081871658615789770072939777674144278324888657714742624972620525758496705932693629, 56, 784637716923339276869198402392797339959970552125786685503, 1569275433846668622937800584117476964795397815528090239043)
(1231312693637326381758357611623222203143218023224031366181936547367401539489527214670662804840860712331295842124767, 57, 1569275433846668448713228720596983671547598810462765973629, 784637716923335269704045541421451595260593435623328579723)
(1231312693637327201977379405252997384845963462499374539701911125969741964344544125597232484657663558725944343556157, 57, 784637716923335095479473677900958302012794430558004314171, 1569275433846669842509803628760930017529990850985360097767)
(1231312693637327338680549704191242658127352657350709873929759961349251813404878072615074225072596528170417923296509, 57, 784637716923335095479473677900958302012794430558004314147, 1569275433846670016734375492281423310777789856050684362847)
(1231312693637327475383720003129427223005859798168578975789043787363197614600300335316672900655927004451820533778541, 57, 1569275433846669842509803628760930017529990850985360097767, 784637716923335269704045541421451595260593435623328579723)
(1231312693637328432305912095695717488507855892341469837761979025914199610077303936245528022231903370181956004240439, 58, 1569275433846668971386944311158463551290995825658738770307, 784637716923336315051476722544411354747387466015274172477)
(1231312693637327065274209106314327152744399889413775572861812457324683387254999448827575252381659976807948790840567, 59, 1569275433846668971386944311158463551290995825658738770307, 784637716923335443928617404941944888508392440688652845181)


(2462625387274654403954758810505994769691926924998749079201385720973263519005323583084304997053958297674777234500371, 131, 1569275433846670190958947355801916604025588861116008628213, 1569275433846669842509803628760930017529990850985360097767)
(2462625387274636632542619948534109243111331594325155584222699981732829946138195388469556559172979381472654149023779, 133, 1569275433846670190958947355801916604025588861116008628213, 1569275433846658517912632499928865956423055521739282841783)
(2462625387274652216704034027494070397189699807377383725463877120708332499439340554320815396826578218883353623394977, 133, 1569275433846670190958947355801916604025588861116008628213, 1569275433846668448713228720596983671547598810462765973629)
(2462625387274654130548418212629504223129148535296078409367864219296867424060449130497666050794485762622536894381541, 133, 1569275433846670190958947355801916604025588861116008628213, 1569275433846669668285231765240436724282191845920035831857)
(2462625387274654677361099408382485316254705314701419747732408612556923355454271730355353161972192078000730413202411, 133, 1569275433846670190958947355801916604025588861116008628213, 1569275433846670016734375492281423310777789856050684362847)
(2462625387274650302859649842358636571250251079458689041280558994895090280827539348811223587342115857865520816586499, 134, 1569275433846670190958947355801916604025588861116008628213, 1569275433846667229141225675953530618813005775005496115223)
(2462625387274566093706745696399548229914507051036122944329656276173235307716153617595073852677791869380860437331209, 135, 1569275433846670190958947355801916604025588861116008628213, 1569275433846613567973091711641596298490912214885622349893)
(2462625387274636359136279350657618696548553204622484915261695621275182477366495665708783244751734253200914606191377, 135, 1569275433846670190958947355801916604025588861116008628213, 1569275433846658343688060636408372663175256516673958576429)
(2462625387274652490110374625370560943752478197080054394519038007196780179668577118429703707489358678822053683920159, 135, 1569275433846670190958947355801916604025588861116008628213, 1569275433846668622937800584117476964795397815528090239043)
(2462625387274653036923055821123542036878034976485395733313563869330823743385151293777115968170076342146033566871391, 135, 1569275433846670190958947355801916604025588861116008628213, 1569275433846668971386944311158463551290995825658738770307)


(2462625387273202069473502890588211428213120824412154574193965938216859186124069454954083576000089735622906628536553, 136, 1569275433846670190958947355801916604025588861116008628213, 1569275433845744361584064607900556285221675943982861910181)
(2462625387274595074778849071307546165569016359519213873774398797354924299920151441221756733153022097468575623151209, 137, 1569275433846670190958947355801916604025588861116008628213, 1569275433846632035777709244813885382757606751809994489893)
(2462625387274646475170881472087768919371353623621299673259163338714873285614905356068461621258820685275377101176403, 137, 1569275433846670190958947355801916604025588861116008628213, 1569275433846664789997219586666624513343819704090956398631)
(2462625387274091460299467782811959396931222527199841306478411575646814052175203806368284019345040369248614142181211, 138, 1569275433846670190958947355801916604025588861116008628213, 1569275433846311114116336640065239220311839421482697490447)
(2462625387274536292415620527862078654571662573445020007389883254418402534723067156923323553368846600642683258010933, 138, 1569275433846670190958947355801916604025588861116008628213, 1569275433846594577494758587907827334480820662765277413441)
(2462625387274622688819249456833091368409633719488951457516493968088080599037132763525876744019389855639236159471363, 138, 1569275433846670190958947355801916604025588861116008628213, 1569275433846649632459467460383708000785306263407745302551)
(2462625387274637452761641742163580882799666763433167591510586125038213261720702974548770986275316692455803003599939, 138, 1569275433846670190958947355801916604025588861116008628213, 1569275433846659040586348090490345836166452536935255638103)
(2462625387274526449787359004308418978311640544148875918052119014137798518582239297010450503310092235505686649241413, 139, 1569275433846670190958947355801916604025588861116008628213, 1569275433846588305410171501170068777560056480413603856401)
(2462625387274622142006568261080110275284076940083610119418726398581958600106331214154515455526033646650764107446703, 139, 1569275433846670190958947355801916604025588861116008628213, 1569275433846649284010323733342721414289708253277096771731)
(2462625387262246677405745979612010657683045438398441887070617833312228992644857042571894556153310355307958349328817, 140, 1569275433846670190958947355801916604025588861116008628213, 1569275433838763182989493341734295845915542976439544447309)


(2462625387260006659257227577524962668839698604417649572122764887959536134917621718488434741476364569321252717591047, 141, 1569275433846670190958947355801916604025588861116008628213, 1569275433837335761072215518332744266698294476237837435019)
(2462625387268571933095477852220805387561091209684372583617281258728212753812980245074750531262239487093442537847281, 141, 1569275433846670190958947355801916604025588861116008628213, 1569275433842793868459555888346635133745525162716426141837)
(2462624577046850929617952951946693921724111499996730490810932398652297277068337133492770885126071328032304549327721, 142, 1569275433846670190958947355801916604025588861116008628213, 1569274917539725886677732034707988200576245615362178023717)
(2462625357140426535211925614838442753709172850691852191388245433041585082038345143645540684836525911599223284956249, 142, 1569275433846670190958947355801916604025588861116008628213, 1569275414644031976143273868375973524208638278339173285973)
(2462625386118054265507981564746191665135502467376257247162011129195662427607633117314775108366563635628135107525721, 142, 1569275433846670190958947355801916604025588861116008628213, 1569275433109641712520109526285731882973696837524108869717)
(2462625387194487837202693053206874911189168646121166051032447139299976138668157990647638139689632890551204818450489, 142, 1569275433846670190958947355801916604025588861116008628213, 1569275433795584758895413330840443657392519626996183990453)
(2462625380600137151457831868245011003206121910935104790078119141961725810066696194030407351858619051738902724345427, 144, 1569275433846670190958947355801916604025588861116008628213, 1569275429593422064243062079866649252947778900947359498279)
(2462625387273610538546356118065087993004035040202134278330962625356198264642853036940986788367277481964383307300831, 144, 1569275433846670190958947355801916604025588861116008628213, 1569275433846004653094428707517536397433389511577314525187)
(2462625329378337695018012341510600578102292675751428147080015349705707939885741627122393993498735495021133652032689, 145, 1569275433846670190958947355801916604025588861116008628213, 1569275396953008309161895152721625314526993674698045259853)
(2462625386625315985472845732716851450393053420375550918610386563136866953266006855523452904250620805585413259394423, 145, 1569275433846670190958947355801916604025588861116008628213, 1569275433432887529681373638312426254379754736246809690171)


(2462625375581850439593778411110354466263878926549528796364125738699917845077392872308288078465903655715827297025949, 146, 1569275433846670190958947355801916604025588861116008628213, 1569275426395585276877424161465459861762089479762413092873)
(2462625386638749259205441198326875719383674681693538077863474351982036320460584729909851520940662405914379241389101, 146, 1569275433846670190958947355801916604025588861116008628213, 1569275433441447705570743990709403398488270610823945125977)
(2462625387257056331435835892315474709898095322898458815894981858095973427136878947578944077567986816577572417041631, 147, 1569275433846670190958947355801916604025588861116008628213, 1569275433835455703717236268689616829699230816323688726787)
(2038384570242454314341498818341432400467604788480477123860342346413571176008872066507082086188581829233658564705413, 148, 1569275433846670190958947355801916604025588861116008628213, 1298933588252181581901456772924387213273125385761267384401)
(2462625069941692976364658687918485163970366405634590617808078489402795879679717348957476624149082860348301245414379, 148, 1569275433846670190958947355801916604025588861116008628213, 1569275231630440248109694010210349426634286132309040037983)
(2462625379055414019806099320405646670014908166976094418821530775284401536503312077433598266439057762861265589369197, 148, 1569275433846670190958947355801916604025588861116008628213, 1569275428609067693853635964960742528136477239269356732569)
(2462625217049661452173593324443260368892552824646720786186779890205474811320258730085635507856808059327700512275831, 149, 1569275433846670190958947355801916604025588861116008628213, 1569275325373046104885293348085947020229545106396967600187)
(2462625362196996969918196727561881743695433951537875378671799560521705894143824801464810949359753225817266661097087, 149, 1569275433846670190958947355801916604025588861116008628213, 1569275417866264559184101243850549938450011971554392408099)
(2462625379756677223681679905526412099059997223407435482665740517414751147276977503121587336117205647767082167696231, 149, 1569275433846670190958947355801916604025588861116008628213, 1569275429055938388921242040454513326778157350261757050987)
(1385068689509232694414861411083845178248187418574175563073333691702140292228326133954789127406201474566828345783981, 150, 1569275433846670190958947355801916604025588861116008628213, 882616690247993866822382323908177213060779098634736107737)


(2461184151762588133687860706233848098585406367021670687613487332275014764827401694153093876499846532806483208303443, 151, 1569275433846670190958947355801916604025588861116008628213, 1568357025592145997316426331599408064859561929286579388711)
(1232165943855202220346609793160199106702215680602871747670633514876984437718800470606161939967517711033244898557171, 152, 1569275433846670190958947355801916604025588861116008628213, 785181439331442398977793925084650725022051803928299831367)
(2462143839325655084187756962653026567856656706861264954332878447244888875040880188860756149040912494918350288189739, 152, 1569275433846670190958947355801916604025588861116008628213, 1568968573789720546914740990517922741510661466853468012703)
(2462615330606807073559963366283470675459921164770314145196385381975708177891564381367183197210419099318653057760983, 152, 1569275433846670190958947355801916604025588861116008628213, 1569269025368189631364424124468816244442017607753100427291)
(1789194528933422325185336178304485061798561678361381617530180402123832880357366010815656212794012222755000270452463, 154, 1569275433846670190958947355801916604025588861116008628213, 1140140532594509381281766983810148822591899915464516567251)
(2462607363852478612044534788813601427171060516163347845858241862492094285635634896936305507364669465910779836363339, 154, 1569275433846670190958947355801916604025588861116008628213, 1569263948659438170767601963315958302441335777989004099903)
(2431018005821735152580016627065591588798939384631757098990239867746994325338098361794324084016617939892023064526221, 155, 1569275433846670190958947355801916604025588861116008628213, 1549134048356780419971548845144985799442873218798620508217)
(2461972330912468092201317993633435617606026647632071674222783301634463944599980407180783195282074635003648263847639, 155, 1569275433846670190958947355801916604025588861116008628213, 1568859282323424803177191402363175586575211276514650751003)
(2462345862203474749912972537183151872554513621979616182557201984482932276157041904686450345134402261404402675874773, 155, 1569275433846670190958947355801916604025588861116008628213, 1569097310194727830584238599532688148583380513892570497121)
(2462428929342883750816553465887565253940855145363898568728108395861397537483324493257650346216367417655548899753973, 155, 1569275433846670190958947355801916604025588861116008628213, 1569150243629877187020977585960236379488365556742509035521)


(2422995158752104803100421937515951792327102306274920372449478104917423078208449793189042149149356441272192593817197, 156, 1569275433846670190958947355801916604025588861116008628213, 1544021595248428096820079893212359431468091402728148828569)
(2442795721993624287949347615618135557506259104305814541325173562065365414394674407003257594501848514875317641280931, 156, 1569275433846670190958947355801916604025588861116008628213, 1556639242102800600959881557082489755697844072930011512887)
(2449605171325735063448601702914583882224744323595721690595055489121132458591612358629226119639967997663823230139921, 156, 1569275433846670190958947355801916604025588861116008628213, 1560978473562901383389141370699314611493333571061072003117)
(2462608096058134768593213137369502567761244387953821073601049048817910885180918528712212756058909148868997963316599, 156, 1569275433846670190958947355801916604025588861116008628213, 1569264415247801414138544189790188760267844094991074852923)
(1367065241909503265598298390511437567049558690866211607541511549294351411990653394388100622439206259973725026777893, 157, 1569275433846670190958947355801916604025588861116008628213, 871144231550543500236273865886512139122922950921707061361)
(1730594293964948659655255664177449923968057631260206343319562729895290295506603272255521747050338079246376343960511, 157, 1569275433846670190958947355801916604025588861116008628213, 1102798308467014792830369962792681872703793355413098856547)
(2456550195873409814061241601747026584375756703957433716557398536566357158259502758788434266061992925806372948278999, 157, 1569275433846670190958947355801916604025588861116008628213, 1565404098534708168739261333911841604416975875651137437723)
(2462148279577744386656641729685291928109855538009298242946947147079576433052318464882205372797679167037070737669759, 157, 1569275433846670190958947355801916604025588861116008628213, 1568971403281595289608465975280248124885706778654390878243)
(2462624067098971903930195809359415784366126768047550322031003818610294924744202126839647910789640060795442411077379, 157, 1569275433846670190958947355801916604025588861116008628213, 1569274592582189416688338091272528631074768160667163688983)
(2456737020673283701325268411253666697861461037114230814294218671968329615775460551349854568639734169052614135638891, 160, 1569275433846670190958947355801916604025588861116008628213, 1565523150165699380335499651018906063500558289159824867807)


(1235975973412587413298793011947181464968426574353842393270885529007292723946927733107020165023989508709694815860507, 161, 1569275433846670190958947355801916604025588861116008628213, 787609330239060762295282045797134672953398150940151775439)
(2234595356926343608600791526502666587919544362456232529303406091006775809085518804488634037870562744850026588012291, 161, 1569275433846670190958947355801916604025588861116008628213, 1423966315109397227572611577628090648895362380350655299607)
(1231828512043050561675139942331806619415025553888147442969205286077970097704275578959190787224155845261739941690853, 162, 1569275433846670190958947355801916604025588861116008628213, 784966415375243369959148687300488278213301717472989151281)
(1232489707814688987365629131733529598763717533650583539891962200466978100088027529211866220858895230778770697748403, 162, 1569275433846670190958947355801916604025588861116008628213, 785387753629432232387072005048136136260283231100546842631)
(1236153361984340686598080931682037651106526380952860621350419844093154126617268306259761959547644442537855312459393, 162, 1569275433846670190958947355801916604025588861116008628213, 787722368758575753615728241386263602214212925546708336861)
(1469746950812648733408168875633359949193401853593169331806281471617895931318196887240476734480669031371734547167157, 162, 1569275433846670190958947355801916604025588861116008628213, 936576791500486761587335399516759811280928713478342967489)
(1231315761449891666245614648183480034258393862900412846320695366746794907935976416313854277461718392064239464347881, 163, 1569275433846670190958947355801916604025588861116008628213, 784639671846287448667115318724037760490861178132073808037)
(1232286800530646954263266078486987288133261326564190997350769675567622395494702362851017248841225898820087048044401, 164, 1569275433846670190958947355801916604025588861116008628213, 785258453648265345246605633766728414553927731847117144077)
(1554465719930393323605442165862665232819992139486528627815213889638688296853875145646970607673284759766197250030703, 164, 1569275433846670190958947355801916604025588861116008628213, 990562705821517444420941494215653295958358407101072539731)
(1231320133995124333418469060857088521378369754654947105735131148382467463010774878566362307350614583596481909882319, 165, 1569275433846670190958947355801916604025588861116008628213, 784642458192863937802956151585499704610787131871106957363)


(1231658979009695815274420635428595000384319473443890276711860124016983990330328990984280980086380739076317287282393, 166, 1569275433846670190958947355801916604025588861116008628213, 784858382693600492070851990620486770747199749909169307861)
(1231312783493917459092239024209155882684763651808303366794089147009153749566896678046579827087150820305501631282111, 167, 1569275433846670190958947355801916604025588861116008628213, 784637774183257761476023031366693425678104821768438939747)
(1232973260625707654708801348348723602001188479059808664341257790791593520570541837341583614128856558051814803503139, 167, 1569275433846670190958947355801916604025588861116008628213, 785695891258167911701188268146631328674711230250032824503)
(1231312810815985314508908080021888283062921179465791543341069616141630395707582122188484664905539850862653740154143, 168, 1569275433846670190958947355801916604025588861116008628213, 784637791593883879826536274553408747897600277340743532611)
(1231322250182335538317309971927642980215471062063745569580772541412376139955742015498067700847849891870690116631861, 168, 1569275433846670190958947355801916604025588861116008628213, 784643806705155382789644860460485345623847035276919570497)
(1231314190884637399876616021817072203336612256132593470667982574589494730965724006388241692251969460733062584203453, 169, 1569275433846670190958947355801916604025588861116008628213, 784638671024366457692861237581028444010534584022112141481)
(1231315313425658880956763059887594033600484880283869315080751620136202795670199491879092415900847492991238541408049, 169, 1569275433846670190958947355801916604025588861116008628213, 784639386348774952040515694595095036401196129088981434573)
(1231319011486087839905845799786137430869973276837242665593657100928133449227530752628839878838112794329464505890983, 169, 1569275433846670190958947355801916604025588861116008628213, 784641742888837453443899366520330292482331163894082437291)
(1231313496157921585742119897060194706063319445567855394042412815210591149719707533313045019684459113048427192123293, 170, 1569275433846670190958947355801916604025588861116008628213, 784638228318961893248228971665414415584928312704370737161)
(1231558160040346142608416739396503865571205439649137461934249100662608070851767458328780291727501157662645811149847, 170, 1569275433846670190958947355801916604025588861116008628213, 784794137139776622408145318416901327108273465033939222619)


(1231312923819120823815713664706280546212758806277448884323491034644880603078261391458051785598632189665529473005911, 172, 1569275433846670190958947355801916604025588861116008628213, 784637863603636324818960196081867706365669367439207432347)
(1231312852373926799507523262818285864103680427911945675353474388391973504552307984392805454452229438135227975203951, 173, 1569275433846670190958947355801916604025588861116008628213, 784637818076132049053362543447714807736882858153260089427)
(1231312693638581316861701864715134468310437028649733913539773883853649530574490103654947201661556874750498038606369, 174, 1569275433846670190958947355801916604025588861116008628213, 784637716924134089366039782883201136419031660135085769213)
(1231312693647106399967884251566866842303406347623868560207034098132926346408955921814326371627006357657631533822803, 174, 1569275433846670190958947355801916604025588861116008628213, 784637716929566585741316215384577896039808602011007451431)
(1231312693872269098141903043850526432195132423242761218950777863788114641718551412659757546464259137881111661640397, 174, 1569275433846670190958947355801916604025588861116008628213, 784637717073048535001231063554258947919234129548539854969)
(1231312693913529942626890976544870407333036012084124745208607747033149860913780045314512451683281611451735627268019, 174, 1569275433846670190958947355801916604025588861116008628213, 784637717099341462039442395279116146258284557894739296263)
(1231312767445933124442605511902455623444716430983591445113421548292217073329992925347576644693336132892021409970959, 174, 1569275433846670190958947355801916604025588861116008628213, 784637763956892148071766937599305721289248218633132310643)
(1231312693786981630630439059883469452853135013343545083513994781581376142022345343039357164962514193531548077127121, 175, 1569275433846670190958947355801916604025588861116008628213, 784637717018700225155837026794390056506398032035871457517)
(1231312693863677030482274177258610150321457627114312630986359711253198337379129676290517006874097884310250073358039, 175, 1569275433846670190958947355801916604025588861116008628213, 784637717067573353605848068532025342587700946668173131803)
(1231312693904421410389872721262311668370983067610782140526608649247207072115460612817372083312020191418948660492389, 175, 1569275433846670190958947355801916604025588861116008628213, 784637717093537170427809210045051595834430806616835096753)


(1231312693650291857242190110558224845234424773439834781910108282388709307339677935685473090511062543260240949804803, 176, 1569275433846670190958947355801916604025588861116008628213, 784637716931596476228098092651937526146016618104024465431)
(1231312694690185218328676601810341069081863969655153537136223149087229931030351129982114568722866041389250548596351, 176, 1569275433846670190958947355801916604025588861116008628213, 784637717594254757022986110318993318723410437118667784227)
(1231312698691955631446383801264084139417322505275634781364725131122397512535470205433603315241212347242260323106167, 176, 1569275433846670190958947355801916604025588861116008628213, 784637720144329987161782603791179483890036139709641523259)
(1231312693638918426879659046427978380216191532042668970028196642841702938182958016659182132431594317404461579894443, 177, 1569275433846670190958947355801916604025588861116008628213, 784637716924348908263147503651431710955204905679905095711)
(1231312693928630721630792890870738162709056069990523027022265503047994338331707429450320307931459175422654999952891, 177, 1569275433846670190958947355801916604025588861116008628213, 784637717108964233592608359164688808692932325884569845807)
(1231312694045287465630754233980655022429596015808963649466499024957003862012340976329149890004543987393153472658983, 177, 1569275433846670190958947355801916604025588861116008628213, 784637717183302199690763419722558486324614593376837173291)
(1231312693638651035478554323220223841818926402830754545156287922784458633109887454295008020518286093356057459948589, 178, 1569275433846670190958947355801916604025588861116008628213, 784637716924178516631864980608990914607777951792773464153)
(1231312693640430910755846499173681965506243367216810686651996688829160672060628723669824621670824187864476612034483, 178, 1569275433846670190958947355801916604025588861116008628213, 784637716925312718594696499020329957779300927053741686791)
(1231312693647032306849582227037928723790462738200117221401110987632349179496120932403235174248174154192338460604561, 178, 1569275433846670190958947355801916604025588861116008628213, 784637716929519370882341201330895425886278229308131508397)
(1231312693637340325481728103324543619859326168227566658387379368702713039160240519696346453457931847088464279370709, 179, 1569275433846670190958947355801916604025588861116008628213, 784637716923343284034351263364143084659347668628244791393)


(1231312693637341419107090494830505806110439727038249334918739450558144457887058352580679183706120281344234229857611, 181, 1569275433846670190958947355801916604025588861116008628213, 784637716923343980932638717446116257650543688889541853247)
(1231312693637367939522128488850088822699943528197304242085534827288162572930371316038012799411583117147876574100899, 181, 1569275433846670190958947355801916604025588861116008628213, 784637716923360880716109478933965702687047180225995604023)
(1231312693637513938508007754896040687223603629423441566163878254424453012014721422350954752465193997232120231099679, 181, 1569275433846670190958947355801916604025588861116008628213, 784637716923453916637484598877384297011715885109153366083)
(1231312693637528702450400040226530201613636673367657699972795910180678592165135845389222835446101348436998057099121, 182, 1569275433846670190958947355801916604025588861116008628213, 784637716923463324764365228984022132392862158636663701517)
(1231312693637328295602741796758959571097077021310057215902154091283525995253993836801504446285418814939663303703883, 183, 1569275433846670190958947355801916604025588861116008628213, 784637716923335618153189268462438181756191445753977110591)
(1231312693637330756259807177647374490162082528634093238154992828793650149359335539278023045390776785445880007229187, 183, 1569275433846670190958947355801916604025588861116008628213, 784637716923337186174336040146877820986382491341895499799)
(1231312693637334037135894352165261048915423205066141267971910185966171572655959562454893393906975706491663083896139, 183, 1569275433846670190958947355801916604025588861116008628213, 784637716923339276869198402392797339959970552125786685503)
(1231312693637337864824662722436128700794320660903530635974474536940228525577086186928032360741963812748414695767679, 183, 1569275433846670190958947355801916604025588861116008628213, 784637716923341716013204491679703445429156623040326402083)
(1231312693637328569009082394635450117659855411012727885104826868553560673433371452355772917726604627823268175281087, 184, 1569275433846670190958947355801916604025588861116008628213, 784637716923335792377761131982931475003990450819301376099)
(1231312693637345520202199462977864004552115572578309372105145273596076046696055224338463622733987134151198609767799, 184, 1569275433846670190958947355801916604025588861116008628213, 784637716923346594301216670253515656367528764869405835323)