(1254114127528292473445344686981217200020412293955354661771483449104979327247010406752621257018017412354621768878033925138246841405193353943377933581370555747373446111792821441920648218228630212043847426713, 3, 1119872371088906829849467033257322615192180143415305721783427125285211619997860957705660365702871122343, 1119872371088908819142412672403891236721172730698666123608030314676081381853768530343648415836373254591)
(5016456510113116984618942943532270793630572075787790883297228306205451918441688084550025169789337984244182297984391795221600040851169378485924002413499306360373294246626107859001638733123774625016738480259, 3, 2239744742177803713234205870781802122739397350413809434443838303616074430716184052221380480738231582721, 2239744742177803961895824075675123200430521423824229484671913702289933150948172498801128987004919349379)
(1254114127528280220797201658593197014291334610312541056831187394698003914557373520503652607708075128620645757802923170628292704576109498303695401298673165882530343761817262433105212236193309530522724118797, 4, 1119872371088902105278721140284222139060822748617324767449994550481895935590080472690438746635803558073, 1119872371088902602601957550070864294443070895438164867906145347829613376054057365849935759169179091189)
(1254114127528279663858649702758819738757691336351197686075754380957778013777036862877289423055073846194181953670526692240558047603696315061749401036812344050565461511793314863117082534906244571509003699899, 5, 1119872371088902105278721140284222139060822748617324767449994550481895935590080472690438746635803558073, 1119872371088902105278721140284222139060822748617324767449994550481895935590080472690438746635803558163)
(1254114127528279942327925680676008376524512973331869371453470887827890964167205191690471015381574487542918412638482086173150634064293785509081953750439051827997243245114696854510884581092865393948094436181, 5, 1119872371088902105278721140284222139060822748617324767449994550481895935590080472690438746635803558073, 1119872371088902353940339345177543216751946822027744817678069949155754655822068919270187252902491324797)
(1254114127528280499266477636510509317258892799560242993469413725163134430622092455236791231562622218682723996102465024631552243796562887218603090639038641116068868614698403945542585625149700686113079913633, 5, 1119872371088902353940339345177543216751946822027744817678069949155754655822068919270187252902491324797, 1119872371088902602601957550070864294443070895438164867906145347829613376054057365849935759169179091189)
(5016456510113013950986831114473290420698229782490353484732266659143888777423755323968315200957086980476917186825364390455590958601968786531401005254082839749590224540723883908918242621215246471535469334979, 5, 2239744742177765170683384112317035080615165971798701649092151509167972794757974832360362009401627770997, 2239744742177796502047277928875490869696799221511627977829651742074171543988519101408673799004286354007)
(5016456510113056835255331713572746219709686746813188153482134256487818504933529795729563290514749310608676384736662290629578274006429048144360103196472122291817256682378013558764549795568591847120894440913, 5, 2239744742177784317627985889102758062831719624401045516653957207055094252621085219000996991936585793559, 2239744742177796502047277928875490869696799221511627977829651742074171543988519101408673799004286354007)
(5016456510113066860149266918502498234784948045855587919512855515399237433303153370635037914075329392570270474800797951253588782736630076680361994322274129027209301455009079353097075525443256325269388001901, 5, 2239744742177784317627985889102758062831719624401045516653957207055094252621085219000996991936585793559, 2239744742177800977956405616955270268137032542899188881935008918203628508164311139844146911804666150939)
(5016456510113110858294871429354800921364547099681680186920269184835563621068013183219793812010579344610798896000034765058144942866646766992026782887920587855185710776277274010882297264321220991924089916881, 5, 2239744742177800977956405616955270268137032542899188881935008918203628508164311139844146911804666150939, 2239744742177803961895824075675123200430521423824229484671913702289933150948172498801128987004919349379)


(1254114127528279942327925680676008376524512973331869371453470887827890964167205191690471015381574487643706926036483298027781175130272675016757167732936085419023538669132615878497087315409718155172313667911, 6, 1119872371088902105278721140284222139060822748617324767449994550481895935590080472690438746635803558163, 1119872371088902353940339345177543216751946822027744817678069949155754655822068919270187252902491324797)
(5016456510112733253956645373731533274257840828406051551295150296156909030555098458836185666695457463168715905096469452458338500735339685617940285585816852431212524120257190075788373770986026917226679894083, 6, 2239744742177803713234205870781802122739397350413809434443838303616074430716184052221380480738231582721, 2239744742177632634040880904176900671246034844044814877527964016001274911108132805354408169257048211523)
(1254114127528296372015208377790138004766989555191498808738744793164555037187136591668184962645112319794404184826431902446015284204665571975991784313379102805115158198313904840356525441276024759813117314399, 8, 1119872371088902105278721140284222139060822748617324767449994550481895935590080472690438746635803558163, 1119872371088917024975813433883486800528267153242527781134518470913419149509387267475349122637069549573)
(5016456510111060210546570175426338310541484353342367169145354424823016877180742274309514005858018031845893712235046883201015248897951201145221313089217171278861596155656446852212602548720404688873646479143, 8, 2239744742177632634040880904176900671246034844044814877527964016001274911108132805354408169257048211523, 2239744742177056733733118371245284738602680825511978549305340687344478853822890526656867655608180932941)
(1254114127528296372015208377790138004766989555191498808738744793164555037187136591668184962645112319693615671428429370198192075155151759928447740521551602503008495816106181384511671368494603722476857852829, 9, 1119872371088902105278721140284222139060822748617324767449994550481895935590080472690438746635803558073, 1119872371088917024975813433883486800528267153242527781134518470913419149509387267475349122637069549573)
(5016456510111357058794762536081357525122064809071129238631978603386577676284328917503091339425764515361061636486113173220850699139116645613419788293243767349896750967097004084387105526051792963969761712177, 9, 2239744742177765170683384112317035080615165971798701649092151509167972794757974832360362009401627770997, 2239744742177056733733118371245284738602680825511978549305340687344478853822890526656867655608180932941)
(5016456510112060472185882742639008364487677031400030153867159717477832775692428262499924192237213346485626351603495605757343351178703627549042875601672545881131611487967887491248774653197965782096023687627, 9, 2239744742177765170683384112317035080615165971798701649092151509167972794757974832360362009401627770997, 2239744742177370793356911151509805862492385542872501987364569212428042506824298556879231070434830057791)
(5016456510112646928481092226016052175930265843840515239965849909986218856196568096452153007764098238405125927570572350130040460798375967864773139142312607193762800676159166939671739677121004432747860598431, 9, 2239744742177632634040880904176900671246034844044814877527964016001274911108132805354408169257048211523, 2239744742177765170683384112317035080615165971798701649092151509167972794757974832360362009401627770997)
(5016456510113030102204837833388707581697123491474944242089210643552951641939064018350665282296383904001779215883289055285467038421931086802441355794227034627271606593373106383531102993729490096822650142837, 9, 2239744742177803713234205870781802122739397350413809434443838303616074430716184052221380480738231582721, 2239744742177765170683384112317035080615165971798701649092151509167972794757974832360362009401627770997)
(5016456509984854036103538919321873052259374072572266657995938601292901003410106605096995385286933414209390465468744495293021114664159447740364908758567875467122915968893467126373013927956678338686734102017, 10, 2239744742120970111100531863102927194803426811627969405986868203814695647900810678062285179115689476287, 2239744742177370793356911151509805862492385542872501987364569212428042506824298556879231070434830057791)


(1254114127738770969469769592726655388264403745329442792072982910025509586944598472271568324645271289761696052846428612966869319395063571873813501824327968170402359123491911671360862964171758867904911671273, 12, 1119872371088902105278721140284222139060822748617324767449994550481895935590080472690438746635803558073, 1119872371276862189878763338073674849763300730797831516678871937528355932641000299049595154451581108401)
(5016456504628407289521889870134566498160956840333509572959116414490914837595114284581636881429141655553965150216082967675965244429842298289689255235840386926346333447509712065480281664308914044899168402569, 12, 2239744741728085251660036825586817374149686494769449147313114304384446546619191568581880824977950769397, 2239744740178712256529695480843206711408001252409905593943362690451347781638808589181357539774567547077)
(5016456510050695311715737779053113765826194984924404743023541806225623792032159127740818498804906272601953746529492279757891539242622498891576690155370830999831795919047019509564967808655366907126945423677, 12, 2239744742177632634040880904176900671246034844044814877527964016001274911108132805354408169257048211523, 2239744742150105046920744598853637030737736090313994478897104623819369069291131087455518928121230262399)
(1254114127738787677626331072065501328782206025035780504406806333512237781370408757883183077612381674877720480502801280511327136401429321993723048719412542028079559670438835337913486491674316488701156262773, 13, 1119872371276862189878763338073674849763300730797831516678871937528355932641000299049595154451581108401, 1119872371088917024975813433883486800528267153242527781134518470913419149509387267475349122637069549573)
(1254114127945924542373786953507222007158298342401618506132625496702018946189553085035340774418317092162818726447183199750194182286792873479390818130103991056824834830304556576937142924491970294521402510527, 14, 1119872371273881731722959486727237643950156833503109482967143432657735232027479594183999041932011503727, 1119872371276862189878763338073674849763300730797831516678871937528355932641000299049595154451581108401)
(5016456166853283995787311711910754430967142145101939232291415988885738436203544823294382672822804590940429106274407690659566282694637727414283169731199891979925866837859343444770772389857763095433795600481, 14, 2239744742177803713234205870781802122739397350413809434443838303616074430716184052221380480738231582721, 2239744588919342618187172243890125317370255418607728848066672670108126762210992391049614490322247614561)
(5016456509043823925680899481583765413621079977066433754647087475894516565425586858879772961400592032394850361444176242344807504752280772105417944703634100035752081428031953726176519380520211579302249003403, 14, 2239744741728085251660036825586817374149686494769449147313114304384446546619191568581880824977950769397, 2239744742150105046920744598853637030737736090313994478897104623819369069291131087455518928121230262399)
(5016456510051078485439478654354108590485029102860784104813231651158587814721816404555816274820486042767857466985823850743392950804319359611109509089754032778298693330022973297076121421725823092495904407679, 14, 2239744742177803713234205870781802122739397350413809434443838303616074430716184052221380480738231582721, 2239744742150105046920744598853637030737736090313994478897104623819369069291131087455518928121230262399)
(1254114127735449944884459712174956174808600995967211312974386691922149149905942904939220597233703789761012741934479006775008036955206993794080083055748576223242115893211727675528796227019286063214300758571, 15, 1119872371273881731722959486727237643950156833503109482967143432657735232027479594183999041932011503727, 1119872371088917024975813433883486800528267153242527781134518470913419149509387267475349122637069549573)
(1254114127738770969469769592726655388264403745329442792072982910025509586944598472271568324645271289862484566261346210055958019821694308352510567596132804671500833501043945609050889878635322768547211427363, 15, 1119872371088902105278721140284222139060822748617324767449994550481895935590080472690438746635803558163, 1119872371276862189878763338073674849763300730797831516678871937528355932641000299049595154451581108401)


(5016456166852900822089785431838636946511728734943366913557805165654648603548850435099680696917117102879329063077788508168488421104229924490867526905963116792221745250651722499280608142140690069458102786403, 16, 2239744742177632634040880904176900671246034844044814877527964016001274911108132805354408169257048211523, 2239744588919342618187172243890125317370255418607728848066672670108126762210992391049614490322247614561)
(5016456509105478694185686536830673487640397048353863986945542481197302726256788318084124335964395712612792598649841073561985426875981581156542217141056429728663174633941723122544229583242035276040651161631, 16, 2239744741728085251660036825586817374149686494769449147313114304384446546619191568581880824977950769397, 2239744742177632634040880904176900671246034844044814877527964016001274911108132805354408169257048211523)
(5016456509105861867909355213325527942848704773935336503497228858654538003337372101756947960849899239307804788208059316396484537001158484121950123448297567842350829560048011077376286295950956979167000789237, 16, 2239744741728085251660036825586817374149686494769449147313114304384446546619191568581880824977950769397, 2239744742177803713234205870781802122739397350413809434443838303616074430716184052221380480738231582721)
(1254114127735433236727898277303643115140262894998621854762931564851686210387009317477002699208585506548352712828756588263400676763799359968097657174859354718643163258098733242986066939240244569593700438071, 18, 1119872371088902105278721140284222139060822748617324767449994550481895935590080472690438746635803558073, 1119872371273881731722959486727237643950156833503109482967143432657735232027479594183999041932011503727)
(5016456165846029504939435284427456150815026705062813535221276425619890490500835614199285672697018363031575481454590154192441196709292936008208617012156681079725509625195460239217876351671143390277850389717, 18, 2239744741728085251660036825586817374149686494769449147313114304384446546619191568581880824977950769397, 2239744588919342618187172243890125317370255418607728848066672670108126762210992391049614490322247614561)
(1254114127735433236727898277303643115140262894998621854762931564851686210387009317477002699208585506649141226243405944118467030569250747923611772190139208185686072197294904125459230415800158343474735773501, 19, 1119872371088902105278721140284222139060822748617324767449994550481895935590080472690438746635803558163, 1119872371273881731722959486727237643950156833503109482967143432657735232027479594183999041932011503727)
(1254114165076405732032668789022643115455742213668823511225022755262288382782093833982530899036144126851138896131374973173408655146347558978107731520594824546946156815310497953436641293398030944846183764051, 19, 1119872371276862189878763338073674849763300730797831516678871937528355932641000299049595154451581108401, 1119872404429875344926620563706843362807988886897250655316589469272001501583817677722382414541144195651)
(5008004756461073884570048061430978513825156267640561359447016398570363799139899759461867098959825655758979802684235315892283174201064952770912170917985772457834582266834964999412594471184280960982501559843, 20, 2236319255100309157206030221377401545595517035842729956013918515978816993056772124597244963649952415791, 2239396161813417799744395280306121410678077169338783470866218928904952640145512888047044246094370308173)
(5008783950707052431065352355521460847993682588010290044580803480859450971948464191534634058885175484586024376650568968191053439518725069963522778384543666855184043064194527060552236323506733399808977932751, 20, 2236319255100309157206030221377401545595517035842729956013918515978816993056772124597244963649952415791, 2239744588919342618187172243890125317370255418607728848066672670108126762210992391049614490322247614561)
(5016454212519603275203003265905748363778990935896370516734632783967009933217064304207266747208841178328685087471466458272419170299238674760646036000476669658524420398289812840198809096208390002672599594423, 20, 2239744741728085251660036825586817374149686494769449147313114304384446546619191568581880824977950769397, 2239743716799234537192846271012469629513449280002058594840190060586605025788722405032171298093778600059)


(1255051735511363171087930029586382755487764255372362709613518718556281698767209478267991104996238895828245044510051563923140176608323696684670894603195133953378923941439969824218157148906529639611234327723, 21, 1119872371088902105278721140284222139060822748617324767449994550481895935590080472690438746635803558163, 1120709616481581834450498510013452378748293148074986344303852698917428464085548741286816956981870330121)
(1257981166797948730648119646521793544530975758022079810895667715036383933350848268148157978866232447294736217329557921224395884631281693896029277197551320676013659264693238449642288676673652438843552672483, 21, 1120709616481581834450498510013452378748293148074986344303852698917428464085548741286816956981870330121, 1122486278602056475487070271434507584544874768569665694599419824624453862768143710318818538183842595723)
(1255051735511363171087930029586382755487764255372362709613518718556281698767209478267991104996238895727381179026709198822595310707112982597324511276446362966032181038871408056518770433093003511242904616833, 22, 1119872371088902105278721140284222139060822748617324767449994550481895935590080472690438746635803558073, 1120709616481581834450498510013452378748293148074986344303852698917428464085548741286816956981870330121)
(5008782000368061969375008612592024178246051216624410615670013291934618969520263533239630347247782866781150794545905644888228177059496305846939624147500015075373996324353107951924036108613047192845065131669, 22, 2236319255100309157206030221377401545595517035842729956013918515978816993056772124597244963649952415791, 2239743716799234537192846271012469629513449280002058594840190060586605025788722405032171298093778600059)
(1442261283626458946620140394342159436125865829942207791999555509252839671093754506320607106005376288445590013570427977492647934773386074144031201704642433778547946244111615686101021969624780371699469258727, 23, 1122486278602056475487070271434507584544874768569665694599419824624453862768143710318818538183842595723, 1284880992418588857710985513228737547604135152812229863896841523692667049060850132506870984686436352149)
(1701296317172738963557752297392999633671213497862428287976292082772856617791006922137861946160363799925537078894216162125255533322856973532461453289202945430483814243657402718478402689910668561014365114003, 23, 1324088633275143208785993231213193181221022696594031796836620847079184801452279827030050284677640487047, 1284880992418588857710985513228737547604135152812229863896841523692667049060850132506870984686436352149)
(1439978484237910975366678303929743105006237335400423628541193054538473643269862782316343412282609516832733891843347263258376696458464229493766894133015829904917890963308286372893890454947835199593637780029, 24, 1120709616481581834450498510013452378748293148074986344303852698917428464085548741286816956981870330121, 1284880992418588857710985513228737547604135152812229863896841523692667049060850132506870984686436352149)
(5008784293441899984960645853109142972914161140003247209837978611690115323321492340306773311291309845916970397714644062786622716698791643438784634069921489446381240349447804957654147108421644605727403147311, 24, 2236319255100309157206030221377401545595517035842729956013918515978816993056772124597244963649952415791, 2239744742177803713234205870781802122739397350413809434443838303616074430716184052221380480738231582721)
(5016454213526857373842366379306245265464824510234640100293576153435541895417873236099714225860407611116379201018847226462853365844534873795810964325279252055334682574326684984779282877748714524915233980539, 24, 2239744742177803713234205870781802122739397350413809434443838303616074430716184052221380480738231582721, 2239743716799234537192846271012469629513449280002058594840190060586605025788722405032171298093778600059)
(1483918864385407600851255149847541055445102290340010503036770502616248221546517746401477686568299429199120357455881541826344016565013101345235920145682224065711139881086217497736195587842862016193114442687, 25, 1324088633275143208785993231213193181221022696594031796836620847079184801452279827030050284677640487047, 1120709616481581834450498510013452378748293148074986344303852698917428464085548741286816956981870330121)


(1257041370332842943993808698240015265698038360206573456863208074557086054413908706896234411207219852606911199899814972584020848798673120152042507392933775772561495971561759075371986223986485554605325536849, 26, 1119872371088902105278721140284222139060822748617324767449994550481895935590080472690438746635803558163, 1122486278602056475487070271434507584544874768569665694599419824624453862768143710318818538183842595723)
(2965620553959929013678620187603754854356390155533122120956669937772589838546304281395391496889777577224496085426355092611911867590229902451890107569675851421071287046000349610355394014767081158171462500659, 26, 1324088633275143208785993231213193181221022696594031796836620847079184801452279827030050284677640487047, 2239744741728085251660036825586817374149686494769449147313114304384446546619191568581880824977950769397)
(2965620554555396116822961687334714696350541552936382429119335371434694460877462757984093751900557887504484781218801620026268292184465443925453932891034988724250307880383168530820809219689794592536109514887, 26, 1324088633275143208785993231213193181221022696594031796836620847079184801452279827030050284677640487047, 2239744742177803713234205870781802122739397350413809434443838303616074430716184052221380480738231582721)
(1257041370332842943993808698240015265698038360206573456863208074557086054413908706896234411207219852505887434825629889790184524369567437543003778221663863258613711755360911426239052295292817118059491921779, 27, 1119872371088902105278721140284222139060822748617324767449994550481895935590080472690438746635803558073, 1122486278602056475487070271434507584544874768569665694599419824624453862768143710318818538183842595723)
(1438902723546866753817608065362602344239016092334660854119467228112940657972295452893914946004850899316201388642443802500548497709171591690597211526541974212190972287500355373810543698171294072984999848877, 28, 1119872371088902105278721140284222139060822748617324767449994550481895935590080472690438746635803558073, 1284880992418588857710985513228737547604135152812229863896841523692667049060850132506870984686436352149)
(2965620554555169592807690218299852131756859092364847213681153797948244758473907746675683601951400981831867802567431458096860638579041813165592770479753896212585678583692576402495815542739984726005997642581, 28, 1324088633275143208785993231213193181221022696594031796836620847079184801452279827030050284677640487047, 2239744742177632634040880904176900671246034844044814877527964016001274911108132805354408169257048211523)
(5008784292436185929968243126854135966117022339130536801975045919903414814435780839802001471783292027340151046373497703941025357875710806182174579031417521227122170856326721074679670497211954189247302348027, 28, 2236319255100309157206030221377401545595517035842729956013918515978816993056772124597244963649952415791, 2239744741728085251660036825586817374149686494769449147313114304384446546619191568581880824977950769397)
(5008784293441517397266466202008671964650841435501423420715269833144165267061076091369860501831397343349939739523401958180621987417161928899474970223450096532025221879274345879741050971954411382129813359693, 28, 2236319255100309157206030221377401545595517035842729956013918515978816993056772124597244963649952415791, 2239744742177632634040880904176900671246034844044814877527964016001274911108132805354408169257048211523)
(1486271322504298586129291076052244926676750596889626909778586141035657875511117679936326931165031139831729740006684922614696176874112770736865332648072353015008662113310060625252567998284998723718439099981, 30, 1324088633275143208785993231213193181221022696594031796836620847079184801452279827030050284677640487047, 1122486278602056475487070271434507584544874768569665694599419824624453862768143710318818538183842595723)
(2961084906052654685560515875826307701446301084776199730358370636846710635409370165324643444155691446226391634798145604829703459949078996907706367276521656035139737094403036372206340720127200498987493759177, 30, 1324088633275143208785993231213193181221022696594031796836620847079184801452279827030050284677640487047, 2236319255100309157206030221377401545595517035842729956013918515978816993056772124597244963649952415791)


(1482810277277698387661503040570024299577296477719021934349548763585786837564317941508483518610088765199658218740589727821559757837675026924061139480908419092473625308200947131828914022414824173790912614661, 32, 1119872371088902105278721140284222139060822748617324767449994550481895935590080472690438746635803558163, 1324088633275143208785993231213193181221022696594031796836620847079184801452279827030050284677640487047)
(2514082740665493295702046912982892386227643008687686814337988326353314450787639751590994460787586111218685998613732588287522278224046847301176690095790765483776561793513414324094938119929684993343079116129, 32, 1122486278602056475487070271434507584544874768569665694599419824624453862768143710318818538183842595723, 2239744742177632634040880904176900671246034844044814877527964016001274911108132805354408169257048211523)
(1482810277277698387661503040570024299577296477719021934349548763585786837564317941508483518610088765080490241745826839030820367028487640614169096787445557377177749071074315001123729589710298552803268780431, 33, 1119872371088902105278721140284222139060822748617324767449994550481895935590080472690438746635803558073, 1324088633275143208785993231213193181221022696594031796836620847079184801452279827030050284677640487047)
(2510237678423669031311076271543042289241858919131304780461482996123445016810591728696287408567952240639235249722869457647497595007664620562949642236489908149862452947395458659569387633950766022452014261893, 34, 2236319255100309157206030221377401545595517035842729956013918515978816993056772124597244963649952415791, 1122486278602056475487070271434507584544874768569665694599419824624453862768143710318818538183842595723)
(2514082740160882527398077552107321039320516125087543392369537487184890500381973361945992713517220475702600183482884884719725421597687480036265447706809316352364796076669319301559134334513805273249471489031, 34, 2239744741728085251660036825586817374149686494769449147313114304384446546619191568581880824977950769397, 1122486278602056475487070271434507584544874768569665694599419824624453862768143710318818538183842595723)
(2514082740665685329749108496527864913583994303857420942423840996004720347500164724916522519916970563746989097981532522504711815744235106158027799271640133744621720818918640568976160635857379350127235302283, 34, 2239744742177803713234205870781802122739397350413809434443838303616074430716184052221380480738231582721, 1122486278602056475487070271434507584544874768569665694599419824624453862768143710318818538183842595723)
(2504392146720950548567087722559077985015602837013980906938063010465037240230892124003585656822195493869217827773660266405064630013137654289539358095927112843240090210787694937074292252227932923059710730743, 35, 1119872371088902105278721140284222139060822748617324767449994550481895935590080472690438746635803558073, 2236319255100309157206030221377401545595517035842729956013918515978816993056772124597244963649952415791)
(2506264494713844246341832992515620016594895970987893128730525529267209931793909010861188486925710009272803243123062877554770056064391798017296118301088222614546241697402606238206027199104375774650623340711, 35, 2236319255100309157206030221377401545595517035842729956013918515978816993056772124597244963649952415791, 1120709616481581834450498510013452378748293148074986344303852698917428464085548741286816956981870330121)
(2510103470518721980225452527111020278610106951505178763994197735175164687383554730069304725486947762863406318017914973307737967189697831089567016601233389425615976638797294182470423413485840025918334107037, 35, 2239744741728085251660036825586817374149686494769449147313114304384446546619191568581880824977950769397, 1120709616481581834450498510013452378748293148074986344303852698917428464085548741286816956981870330121)
(2510103471022725784820926514981722634003673181336921810444067543042589487492595414394423612836639266061619688069348754707786307713816845359098365913170300670969210802434598427377475636892543188016589439241, 35, 1120709616481581834450498510013452378748293148074986344303852698917428464085548741286816956981870330121, 2239744742177803713234205870781802122739397350413809434443838303616074430716184052221380480738231582721)


(1762849013986511400249604007630131486033895930851691743668268567171479261314164798376404980438919243960159846743027941991845150453904987307909426173710545705876245378017733404280402757521668542795792526347, 36, 1119872371088902105278721140284222139060822748617324767449994550481895935590080472690438746635803558163, 1574151715407010428621254455138391336216844848913795813848312614491983586915096671078975328963660873769)
(2504392146720950548567087722559077985015602837013980906938063010465037240230892124003585656822195494070486560732688090553607349937103793393135891321772808884492756648881224312183783465979979651555428151933, 36, 1119872371088902105278721140284222139060822748617324767449994550481895935590080472690438746635803558163, 2236319255100309157206030221377401545595517035842729956013918515978816993056772124597244963649952415791)
(2508227106763429243859480173193092310473605608175546800255484494712773296838276379057496297145389098509224025780036568007608092284579007414710636092330933278616830057736958061708002688118459185057121731617, 36, 1119872371088902105278721140284222139060822748617324767449994550481895935590080472690438746635803558163, 2239743716799234537192846271012469629513449280002058594840190060586605025788722405032171298093778600059)
(2510102321871102775106485647780935897501336128056987874738487168208273176837311016589681161044583840714464164562012364534652667059939559661680169525596427180221584160594178561383260410623292460215560077139, 37, 1120709616481581834450498510013452378748293148074986344303852698917428464085548741286816956981870330121, 2239743716799234537192846271012469629513449280002058594840190060586605025788722405032171298093778600059)
(2510103471022534054723787313262972955685439865052480389102423982971564433105296917698266191228186673152903925943247723122914163501558627720398873668071710132137640007657510353176277668268154742100646184283, 37, 1120709616481581834450498510013452378748293148074986344303852698917428464085548741286816956981870330121, 2239744742177632634040880904176900671246034844044814877527964016001274911108132805354408169257048211523)
(2873404103858084611887088483017682162827202712484784745312338802998907585896753518328413397502233371376814757035294423703197896291467689483006141869811723072151260932527653537178195620396749197004144384859, 37, 2236319255100309157206030221377401545595517035842729956013918515978816993056772124597244963649952415791, 1284880992418588857710985513228737547604135152812229863896841523692667049060850132506870984686436352149)
(2514081589692311057033108587220683798172327443075464406382486758225848013252045373895504897692363816091541100244283695676281378671552751909690996737760837396399062914423778170748887820835753454115640947657, 38, 1122486278602056475487070271434507584544874768569665694599419824624453862768143710318818538183842595723, 2239743716799234537192846271012469629513449280002058594840190060586605025788722405032171298093778600059)
(2508227107177736199923832540176333661950138976113179409629527394955292961815829722854273157699543308088260192279169404910544840030025154168503053738384934044363088904807464452700009871410705123401520919893, 39, 2239743716799234537192846271012469629513449280002058594840190060586605025788722405032171298093778600059, 1119872371273881731722959486727237643950156833503109482967143432657735232027479594183999041932011503727)
(2508227107184411662351477250252891067893668732019006212464793483053449626082205160417535160910457250226236538135687644872136815009293533061222963765429287569178867556247776059091648609718032742937303995659, 39, 2239743716799234537192846271012469629513449280002058594840190060586605025788722405032171298093778600059, 1119872371276862189878763338073674849763300730797831516678871937528355932641000299049595154451581108401)
(2508228083840949672220973876607035531400644682699610678021519946847213246433843293646012964598515455011857435366385258253236934086098734432099564792757037422363709870123034037708527266648324050436310968847, 39, 2239744588919342618187172243890125317370255418607728848066672670108126762210992391049614490322247614561, 1119872371273881731722959486727237643950156833503109482967143432657735232027479594183999041932011503727)


(2507837889958295976379119444550957042450860553949866607306557769957534801510776860754688673803128007810451486506744522500838038317468595902447998519523736463177537548593500532394202577052552652907289261373, 41, 1119872371276862189878763338073674849763300730797831516678871937528355932641000299049595154451581108401, 2239396161813417799744395280306121410678077169338783470866218928904952640145512888047044246094370308173)
(2508228083847625137247936075654128799834634703281947614563757341102798615909376632165922678560100097125019688959822630302274486819842210907681873632808556529957057438432410802163277132756702847034607026961, 41, 2239744588919342618187172243890125317370255418607728848066672670108126762210992391049614490322247614561, 1119872371276862189878763338073674849763300730797831516678871937528355932641000299049595154451581108401)
(2508227181438664569332282276152992708503932908990276251090254255173035739259793636886599059602382965614134586198288612807687861700688927376932808410372365333496632996208986714311398320167332522204376143409, 42, 2239743716799234537192846271012469629513449280002058594840190060586605025788722405032171298093778600059, 1119872404429875344926620563706843362807988886897250655316589469272001501583817677722382414541144195651)
(2508228083426642554832169702292691339734233010647130331725262661337100453323654234885846426492660562581425515819080255762193500620755060450718030093570899387275820876283629099225423712851638194420483900953, 43, 1119872371088902105278721140284222139060822748617324767449994550481895935590080472690438746635803558073, 2239744588919342618187172243890125317370255418607728848066672670108126762210992391049614490322247614561)
(2508228254552931490893229450669297190109248183080432019941276764178224285501652015680324014763445991472430117764652479963013338316425400570748160728533699248462959170081544203928549615633527116840520691981, 43, 1119872371088902105278721140284222139060822748617324767449994550481895935590080472690438746635803558073, 2239744741728085251660036825586817374149686494769449147313114304384446546619191568581880824977950769397)
(2508228255470674329655340053587186044094637628858464940094129168393048616306282379138499571128310753493657953908784014264733849322676001843675250816613859053367005515592324910521670070391785457887198846221, 43, 2239744742177632634040880904176900671246034844044814877527964016001274911108132805354408169257048211523, 1119872371273881731722959486727237643950156833503109482967143432657735232027479594183999041932011503727)
(2508228083426642554832169702292691339734233010647130331725262661337100453323654234885846426492660562783002528821821091399039002570866339014041017768266495713276361186015037698214738907316942323422769211443, 44, 1119872371088902105278721140284222139060822748617324767449994550481895935590080472690438746635803558163, 2239744588919342618187172243890125317370255418607728848066672670108126762210992391049614490322247614561)
(2508228329228200988491415767756639438829588329156401417902049099811396729603322125835038086700788424878250932212864077016199121283511798019951725951238555301797282088232381094725706104595663273616151292447, 44, 2239744741728085251660036825586817374149686494769449147313114304384446546619191568581880824977950769397, 1119872404429875344926620563706843362807988886897250655316589469272001501583817677722382414541144195651)
(2508228255470865916517244506778242461624914519964957394252147958801023656123387515371931468483000403236331285459616779846971300665171015660687087590023012607787574181709654661249195083221547031562400301167, 45, 2239744742177803713234205870781802122739397350413809434443838303616074430716184052221380480738231582721, 1119872371273881731722959486727237643950156833503109482967143432657735232027479594183999041932011503727)
(2508228255477541382000987136142015911844880748002007660401505039268128234075003268356082824191638899599572485542154815811053793112286883415725578036299631790971834988952117813461526333828582895773699539121, 45, 2239744742177803713234205870781802122739397350413809434443838303616074430716184052221380480738231582721, 1119872371276862189878763338073674849763300730797831516678871937528355932641000299049595154451581108401)


(2508228254552931490893229450669297190109248183080432019941276764178224285501652015680324014763445991674007144520180152612416652619238964244219945257784122506643246564681733399655790788002801364856089937711, 46, 1119872371088902105278721140284222139060822748617324767449994550481895935590080472690438746635803558163, 2239744741728085251660036825586817374149686494769449147313114304384446546619191568581880824977950769397)
(2508228254552964907206340091061290311202995949846258111501016855235541315479609903791326075073228275386965192961062704673863239415499451973161034835325711613179698248510214652447791128957163750315582817481, 46, 2239744741728085251660036825586817374149686494769449147313114304384446546619191568581880824977950769397, 1119872371088917024975813433883486800528267153242527781134518470913419149509387267475349122637069549573)
(2508228255477349795139082173056582460574081274036001892306996449953644937992378660009566990168773148031654050604577572590168341968090598880354580171929147898553804202305573020272845717374803583051040304723, 47, 2239744742177632634040880904176900671246034844044814877527964016001274911108132805354408169257048211523, 1119872371276862189878763338073674849763300730797831516678871937528355932641000299049595154451581108401)
(2508228255025573215971408212923218080568370483398588478379248210086431705884264443390865789062787158006125810529873079404087651475268853405562978949257312882160480201219451317912502535362190083147528405627, 48, 1119872371088917024975813433883486800528267153242527781134518470913419149509387267475349122637069549573, 2239744742150105046920744598853637030737736090313994478897104623819369069291131087455518928121230262399)
(2508228255056592187091864799738478821956142700399839171091467156887830233120900170512584848954436439760742506644875414120557964438264700874218401023800566042992898086969983861231681130257117886630359728133, 48, 2239744742177803713234205870781802122739397350413809434443838303616074430716184052221380480738231582721, 1119872371088917024975813433883486800528267153242527781134518470913419149509387267475349122637069549573)
(2508228254967238636548537754737210102776872264160354309644834724664822912715834076722718456552630761527697917082524100565205677504860461967128478524311370552206891364250184842327569145867346481674583042619, 49, 2239744741728085251660036825586817374149686494769449147313114304384446546619191568581880824977950769397, 1119872371273881731722959486727237643950156833503109482967143432657735232027479594183999041932011503727)
(2508228255025539799658291276123712717952774484741346092176658979423673215533422239017464820224219155184245543758906071796135293650955184221940643732365839079074562263439519340252801296093849577407624797127, 49, 1119872371088902105278721140284222139060822748617324767449994550481895935590080472690438746635803558073, 2239744742150105046920744598853637030737736090313994478897104623819369069291131087455518928121230262399)
(2508228255025539799658291276123712717952774484741346092176658979423673215533422239017464820224219155385822570552415526019002307547782516988336891860625342179813978407182735576454599167090553108318348413037, 50, 1119872371088902105278721140284222139060822748617324767449994550481895935590080472690438746635803558163, 2239744742150105046920744598853637030737736090313994478897104623819369069291131087455518928121230262399)
(2508228255056367183916874642657479418408453156038932461527119021537620258337926844659280140824705243328351112454178771291952608401787039618379011924195289264972342835060789832719609952148871210758857312249, 50, 1119872371088902105278721140284222139060822748617324767449994550481895935590080472690438746635803558163, 2239744742177632634040880904176900671246034844044814877527964016001274911108132805354408169257048211523)
(2508228255056400600229991990160246295180417666193333614299751429087564841960583759130518589443295910474613722757251181214607754527501611524287870491206022408819561469650465572101832318707582976502838329679, 50, 2239744742177632634040880904176900671246034844044814877527964016001274911108132805354408169257048211523, 1119872371088917024975813433883486800528267153242527781134518470913419149509387267475349122637069549573)


(2508228254973914102030940017044369259937884471746879866895580248214854934645888191697230037770138425539219348164616429437154192002729216824113250165765123418083835743653313517945115384493996967908010404197, 51, 2239744741728085251660036825586817374149686494769449147313114304384446546619191568581880824977950769397, 1119872371276862189878763338073674849763300730797831516678871937528355932641000299049595154451581108401)
(2508228255476704860295809070577129156586913277371366196221412303365936633156101635401237525638312275070123958196599452604199980514077298133470586830554402543991576525679977584177579306381257374851032737341, 51, 1119872371276862189878763338073674849763300730797831516678871937528355932641000299049595154451581108401, 2239744742177056733733118371245284738602680825511978549305340687344478853822890526656867655608180932941)
(2508228255056515608040970872519023348124385666736940767850017183307822816297646102085068850849547018788751112352070761526870983760546421929163958372448722641302859653180877057021625657834664239820634608781, 52, 1119872371088902105278721140284222139060822748617324767449994550481895935590080472690438746635803558073, 2239744742177765170683384112317035080615165971798701649092151509167972794757974832360362009401627770997)
(2508228255057306739254024063276941436980188633213511540317633547150228801194963756542267854484079518291813475440883028481859517020546474867901091682819953865073630475303509137920479948175981642073962990499, 52, 2239744742177632634040880904176900671246034844044814877527964016001274911108132805354408169257048211523, 1119872371089321597428632795316880203987134591995949502213192113281556966954589852726168818538065690913)
(2508228255056367183916874642657479418408453156038932461527119021537620258337926844659280140824705243126774085658191834228273327025865979206235875960161950287455581394946047832987657470252135977624518275179, 53, 1119872371088902105278721140284222139060822748617324767449994550481895935590080472690438746635803558073, 2239744742177632634040880904176900671246034844044814877527964016001274911108132805354408169257048211523)
(2508228255056515608040970872519023348124385666736940767850017183307822816297646102085068850849547018990328139148069626888375553869079579184528895834331871059596495478298428585239360570267245085967133998511, 53, 1119872371088902105278721140284222139060822748617324767449994550481895935590080472690438746635803558163, 2239744742177765170683384112317035080615165971798701649092151509167972794757974832360362009401627770997)
(2508228255056549024354088221999196784673820926705059576174728875188642535984491676669241432930851000863313027477786624387047593168754476685143604157167490014621762903146367945169211261957209956066783134281, 53, 1119872371088917024975813433883486800528267153242527781134518470913419149509387267475349122637069549573, 2239744742177765170683384112317035080615165971798701649092151509167972794757974832360362009401627770997)
(2508228255056367740855426598449192199687985897874839147406662894996786001398304459900467448301681754694947283303191717518847534082096473322831009833930845450876486913778162105824655316586952443091751035831, 54, 2239744742177632634040880904176900671246034844044814877527964016001274911108132805354408169257048211523, 1119872371088902353940339345177543216751946822027744817678069949155754655822068919270187252902491324797)
(2508228255056558770778747449683262201981739398741052001396075748175330126773737068128215661457146409515071027144184921328080426380777019411882191899575675015564643369991634214046006380685633148314869301523, 54, 1119872371088902105278721140284222139060822748617324767449994550481895935590080472690438746635803558163, 2239744742177803713234205870781802122739397350413809434443838303616074430716184052221380480738231582721)
(2508228255056558770778747449683262201981739398741052001396075748175330126773737068128215661457146409313494000348182587137001898010414828365336430362332825915619196044544935449589441680761389881874026856633, 55, 1119872371088902105278721140284222139060822748617324767449994550481895935590080472690438746635803558073, 2239744742177803713234205870781802122739397350413809434443838303616074430716184052221380480738231582721)


(2508228255056559049248023427600450839748561035721723686773792255045443077163905396941397253783647050689107396222271631596283791837833630150128729042775328111850846989431819895145175071518540623572402986667, 56, 1119872371088902105278721140284222139060822748617324767449994550481895935590080472690438746635803558073, 2239744742177803961895824075675123200430521423824229484671913702289933150948172498801128987004919349379)
(2508228255056560163125127339269081725615111031377380177024148458930877313050028106274166591561603167131058765349481675341441695278718443031431064753139767211557912714080008183448584351882990261180391521631, 56, 1119872371088902602601957550070864294443070895438164867906145347829613376054057365849935759169179091189, 2239744742177803961895824075675123200430521423824229484671913702289933150948172498801128987004919349379)
(2508228255056565175572094941758628940699683858171115186511218895592591129307685774758331693187159707456262437900284420759455389294762619160520858589256051753664882131142703066317680314069628565540537724203, 56, 1119872371088906829849467033257322615192180143415305721783427125285211619997860957705660365702871122343, 2239744742177799983309932797381985957372536249257508681022707323508193627236357353525152886737915085021)
(2508228255056565732510646897561224259644033199505683983315627245413302651728516710955737775132223696967198698317835829508987850718837278674729632816164525162155180521944728090010861500917601965163763996137, 56, 2239744742177796502047277928875490869696799221511627977829651742074171543988519101408673799004286354007, 1119872371088908819142412672403891236721172730698666123608030314676081381853768530343648415836373254591)
(2508228255056573808119650257208109680970220884487506227759001882095955174629960464201181795830926923782988274748681032918934741581105399093946608351929944987173900103949736970479579344967972377227809522111, 56, 2239744742177803713234205870781802122739397350413809434443838303616074430716184052221380480738231582721, 1119872371088908819142412672403891236721172730698666123608030314676081381853768530343648415836373254591)
(2508228255056574921996754168642766007043213990921927333124771844208155154266336772975247482545002264420817750763032068312422923598070629381917537451385769621556256924105323138842842701115443102215732987071, 56, 1119872371088917024975813433883486800528267153242527781134518470913419149509387267475349122637069549573, 2239744742177788296213877167395895305889704798967766320303163585836833776332900364276973092203590058227)
(2508228255056615856980322922620119973263115288323511118950063492846153853223719119020605955701170936879486690923308990444521696590782286013115202024973982342161536689894748742193031256653085520703732602141, 56, 1119872371088928960733487268762898529702222676942690192082137607258637720644832703303277423438082343719, 2239744742177800977956405616955270268137032542899188881935008918203628508164311139844146911804666150939)
(2508228255056554593739607780925432635479414844030976720730328145123635870921212135930491776559636791310993134295766487200492316780273579518965577088465819630676265532693275448000228374919968762504463576423, 57, 1119872371088902105278721140284222139060822748617324767449994550481895935590080472690438746635803558163, 2239744742177799983309932797381985957372536249257508681022707323508193627236357353525152886737915085021)
(2508228255056559327717299405517515812314646120435365120890998938320538461879523119834621814582101243599990679146510406520334800736457615332291202605705365705399246831517497968970772063641034348861384032637, 58, 2239744742177803713234205870781802122739397350413809434443838303616074430716184052221380480738231582721, 1119872371088902353940339345177543216751946822027744817678069949155754655822068919270187252902491324797)
(2508228255056559606186575383434766282681836033549551931898970356988160195106966751607781922672625109281880707987392111143569540120346487862246453252779642117242054431884817096693514512688177285193009251063, 59, 1119872371088902353940339345177543216751946822027744817678069949155754655822068919270187252902491324797, 2239744742177803961895824075675123200430521423824229484671913702289933150948172498801128987004919349379)


(5016456510113109187479215561850865270958829688061953441460656290247271741842424271860983553119273580733881450935647588470711285367532996972883096052851821159210257347979323135751207728136054004946510480143, 281, 2239744742177804210557442280568444278121645497234649534899989100963791871180160945380877493271607115483, 2239744742177799983309932797381985957372536249257508681022707323508193627236357353525152886737915085021)
(5016456510113118098496046855200901679497122071443447373547584510090886154327810793882794507567294099893264028380659236455636221503060578414821754090086507886222909360637960711651983437888562862883277335057, 281, 2239744742177804210557442280568444278121645497234649534899989100963791871180160945380877493271607115483, 2239744742177803961895824075675123200430521423824229484671913702289933150948172498801128987004919349379)
(5016456510113111415233423385188374373093402783907326924482388345208175344963770902366436291731278710139610872013407078356341168283926698635505557786418097605615289535853676622328799522753691123350081888537, 282, 2239744742177804210557442280568444278121645497234649534899989100963791871180160945380877493271607115483, 2239744742177800977956405616955270268137032542899188881935008918203628508164311139844146911804666150939)
(5016456510012737721645735090378268597767996374759675897322920026735433109569986848687845389228148628729618670698257306718432875626593026550964667234585613162549889684215900827342760846778324980413830725829, 284, 2239744742177804210557442280568444278121645497234649534899989100963791871180160945380877493271607115483, 2239744742132986186477046923057364462992026223356056577274358320689633418278514751249353504268631408863)
(5016456510113096934831072533494565209218677660912399284841129987962301924675017804080993490753245366684233826853943036172794168939027809972556466880375032082493860817145792288107874388530844317613503209071, 284, 2239744742177804210557442280568444278121645497234649534899989100963791871180160945380877493271607115483, 2239744742177794512754332289728922248167806634228267576005048552683301782132611528770685748870784221437)
(5016456510113101390339488180169583413487823852603146250884594097884109130917711065091898967977255627139665309767970306493216568709053313439089185317740343591895925300317732707501191887330198615780268790381, 284, 2239744742177804210557442280568444278121645497234649534899989100963791871180160945380877493271607115483, 2239744742177796502047277928875490869696799221511627977829651742074171543988519101408673799004286354007)
(5016456510113117541557494899366524403963478797482104002792151496350660253547474136256431322914292817142037236632481312399725303692494849354452417400309996794973596791632523334348856738747521034300514369243, 284, 2239744742177804210557442280568444278121645497234649534899989100963791871180160945380877493271607115483, 2239744742177803713234205870781802122739397350413809434443838303616074430716184052221380480738231582721)
(5016456510112973294472538338262810040749870841494170977135000937632151951440279811028366497786960660228396075136269606128082943796881849111735820340185614013233493774186067336315454736497655159710053008191, 285, 2239744742177804210557442280568444278121645497234649534899989100963791871180160945380877493271607115483, 2239744742177739309875090803411643000738262337115016425372310047086665890631176388066517357666100052077)
(5016456510113103061155144047672715240088753674487176363150893139104786833258721037970988521936259474421296466907337051279019372374045683915403049587231978719048593189048372747220721689452492021651069568201, 285, 2239744742177804210557442280568444278121645497234649534899989100963791871180160945380877493271607115483, 2239744742177797248032132543555454102770171441742888128513877938095747704684484441147919317804349653547)
(5016456510113115313803287076029015301828905701636730519770419441389756650426127505750978584302287688126023400693659755151090377595010452084996272185572739421166668171457955433119269440402567745156581054891, 285, 2239744742177804210557442280568444278121645497234649534899989100963791871180160945380877493271607115483, 2239744742177802718587733051208517811974901056772129233531536708920639549788230265902386455671480516977)


(5016456510112734367833749285314958836816906312077864923054238043075240516675853689318560281649410484768597407252613232087442614582446813376350650318611636773871020181046829601283264990531655737826072310609, 286, 2239744742177804210557442280568444278121645497234649534899989100963791871180160945380877493271607115483, 2239744742177632634040880904176900671246034844044814877527964016001274911108132805354408169257048211523)
(5016456510113083011367273637635133320877595811878815015955304644456654405166601363421913874428213305160336997805580576981134212716644044577454460676226747877225733714695520479251169944047876803051483228641, 286, 2239744742177804210557442280568444278121645497234649534899989100963791871180160945380877493271607115483, 2239744742177788296213877167395895305889704798967766320303163585836833776332900364276973092203590058227)
(5016456510107606634585891918203382998563282949989450377782480536815372032116246923392719181466602875184543700157039661310687519448169600496798064438359397719004116401071948196966401237033721130415036519213, 287, 2239744742177804210557442280568444278121645497234649534899989100963791871180160945380877493271607115483, 2239744742175343206522068451369738369066690954307412427637768425784037735190505145609910971862781788311)
(5016456510113031216081941745038046696248771333473881535700034366615645632595292204170137701699094036092551460640283214890658301054898585410472877442358251934509268727995791189505937460749316246362057046551, 287, 2239744742177804210557442280568444278121645497234649534899989100963791871180160945380877493271607115483, 2239744742177765170683384112317035080615165971798701649092151509167972794757974832360362009401627770997)
(5016456510113074100350442344285096912339303428497321083868376424613039992681214841400102919980192785306633550285449623723402169604898736917805698496250705331216460403261402837500501166223345030916510573997, 287, 2239744742177804210557442280568444278121645497234649534899989100963791871180160945380877493271607115483, 2239744742177784317627985889102758062831719624401045516653957207055094252621085219000996991936585793559)
(5016456510051079599316582552247425435905548969482692184353317958847346431066844478034929640448438308883540323472292497483816918261949017064762259586553338649368758934637345740485691609178649810439585623717, 288, 2239744742177804210557442280568444278121645497234649534899989100963791871180160945380877493271607115483, 2239744742150105046920744598853637030737736090313994478897104623819369069291131087455518928121230262399)
(5016456510113014507925383070006728430239473114633580413037043954408868609185192475379242162109055562416177908250338950178572428666692277848622363809336479261386775070593312259128836413269424771356916922879, 288, 2239744742177804210557442280568444278121645497234649534899989100963791871180160945380877493271607115483, 2239744742177757710834837965517402749881443769486100142249889548952211187798321434967906821400994775213)
(5016456509723809696600639287969644529843973983007138764539484886082852187299080101621274289875835281123407993916674160305849185273623363281397474106620602150180551094688960101286849882200518739565115035289, 289, 2239744742177804210557442280568444278121645497234649534899989100963791871180160945380877493271607115483, 2239744742003985760846330570842000939336346439052819306547109694936610187544186555899020978255799779483)
(5016456510105901288739803153340165314547578080356049124646592464243663842725401271468647773976675982292760880190044702920106235003087247385877527799565737671671475272456423690524847367264904271108226659153, 289, 2239744742177804210557442280568444278121645497234649534899989100963791871180160945380877493271607115483, 2239744742174581804647125068020598478844778171601218629270897686428636384841881718419984783264840679491)
(5016456510112147911538539791715687699890538830783295517583274574617366994981353208758126842039060054889859128169684245481995401774319302966145897738251972942650169394666068690723222219315792494919700878053, 290, 2239744742177804210557442280568444278121645497234649534899989100963791871180160945380877493271607115483, 2239744742177370793356911151509805862492385542872501987364569212428042506824298556879231070434830057791)


(5016456490542800298280442956181329261729996852488165249600764379361453528822822228180043784161805653527837996614895674512382102278160720322958984320192806553980847873851909394143809410242057060896831697769, 291, 2239744742177804210557442280568444278121645497234649534899989100963791871180160945380877493271607115483, 2239744733440059239617111791673990255575917552868520271114599309355405446420927397803818737708178604043)
(5016456509942231528722334281552695140664085964534311742525112569097297922070477981614121057877794315084497762359557291621822568275180526802593901454678308912404710303571803652518268649457081002661471242709, 291, 2239744742177804210557442280568444278121645497234649534899989100963791871180160945380877493271607115483, 2239744742101506620258780248182213077448828757819377903841187804871086929469131541407454166664140030223)
(5016456510027883665566174006268276735196831753492643591323728692178804830825390997634652027598025129576861139786380503481868593709332201861391869785887231472739465637314555628960327499895476965769826269181, 292, 2239744742177804210557442280568444278121645497234649534899989100963791871180160945380877493271607115483, 2239744742139748539184128996924072273111202619729322529784825256277530127204319487509981426842442137607)
(5016456510111444498147419572897188700899083817606618253471378220712054309416154626661424625298440307865466794785128753240758445490627744406350886468910693412578729399279076424022076525787868165864865825503, 292, 2239744742177804210557442280568444278121645497234649534899989100963791871180160945380877493271607115483, 2239744742177056733733118371245284738602680825511978549305340687344478853822890526656867655608180932941)
(5016399024153939260482373979617704631516263584852943040897932518574274854112648319929421159269995558738305597840999758129973484412206155967713824391245023549224071873281988359920580782375426885378675457001, 293, 2239744742177804210557442280568444278121645497234649534899989100963791871180160945380877493271607115483, 2239719075878383188688103588897917821652897700744011027782250598240958398477626323787084969026101707147)
(5016456509105862981786458901338594380218496366160864039882553528356448571003304031360648029526891981459909471763584438075422261268790882080254175424922613828331134533275027999333089261480067273299681273751, 294, 2239744742177804210557442280568444278121645497234649534899989100963791871180160945380877493271607115483, 2239744741728085251660036825586817374149686494769449147313114304384446546619191568581880824977950769397)
(5016456509985824779999573305765182985524068740763970882533397057799229701361680369939673402247176311179762105291016097944145470841948142819412324348763111987751329934521012589843401220629919894050999051621, 294, 2239744742177804210557442280568444278121645497234649534899989100963791871180160945380877493271607115483, 2239744742120970111100531863102927194803426811627969405986868203814695647900810678062285179115689476287)
(5016456453425091386665567634976186889170153928963786525140889723665276036909428671419281769587013535147200770263190174966397780451612629723323285405033100315098483593126635488665035890276145334528837152469, 295, 2239744742177804210557442280568444278121645497234649534899989100963791871180160945380877493271607115483, 2239744716867764989905574071716462086695377047334461565392994078650303391833803769407121265354162044943)
(5016456486627777355887723056079119943922668082887018361502490884302430319513898087866271756220698798824208767724906792490986757557143936692013867958301551123224587953007345872777222813003489433579138549129, 295, 2239744742177804210557442280568444278121645497234649534899989100963791871180160945380877493271607115483, 2239744731692081950657849585638875235874667921887799905520454675179468433892180299329579792852483833963)
(5016456509827864754016755648013541582551421276634470485111174027448798580718171065560515748717442423709016276674968146349367895751733476727009750125618022982566701963016244452052879722902602984298804925277, 295, 2239744742177804210557442280568444278121645497234649534899989100963791871180160945380877493271607115483, 2239744742050444205622023609592230282811478001472483618786145526656746010873614836631440808597971271719)


(5016412656826354886950537089933929237687471251304605216647440491861913839024173824354649367619400344011100273640458573273282667979000599512666650405935007307447271807132963350029842323841627077920646174047, 296, 2239744742177804210557442280568444278121645497234649534899989100963791871180160945380877493271607115483, 2239725162586461525690775453189727564363220236279856391869543343115419141185606620268360561866995400909)
(5016456166853285109664339404585382679468466021294260663450525322674200906647308469771692852985321123677900369184636355666291803542357035484956717650217572506347661470879214852562892159808869305190799347963, 296, 2239744742177804210557442280568444278121645497234649534899989100963791871180160945380877493271607115483, 2239744588919342618187172243890125317370255418607728848066672670108126762210992391049614490322247614561)
(5016456508191622172639014846825073954703054944834630571085147301749700311703987447753970449230673517499680269881670072105329431996295541746937733865411424951164451667873045098340470280571535878009764359773, 296, 2239744742177804210557442280568444278121645497234649534899989100963791871180160945380877493271607115483, 2239744741319895518280648809051696742500351839967257400826647427623825886680673922160664262474870030631)
(5016456505635662962271000227525712854558577603780535920844323255542797311120469463937916061139076999115581379263505179210272875499201180483494906719887704549828031136713720877022661991110971506326778093191, 298, 2239744742177804210557442280568444278121645497234649534899989100963791871180160945380877493271607115483, 2239744740178712256529695480843206711408001252409905593943362690451347781638808589181357539774567547077)
(5016456507211491077286779938804839694919157704896889768518751496497082532335380404371642941658729768401058760648982759200639454757173836215042916473645571124900507708581970810394651880665811651498948374157, 299, 2239744742177804210557442280568444278121645497234649534899989100963791871180160945380877493271607115483, 2239744740882287126174676273486516629344140145189763271195914243985732020653018318853168300675506897079)
(5013549459092373468970922233696407045546064961286217719812371979638465274280502424226466543398779694425288952628410315513018700654399425770653019134394209283176919660941138636704410815150934651469863799887, 300, 2239744742177804210557442280568444278121645497234649534899989100963791871180160945380877493271607115483, 2238446803637754985820290940599557975030176271791543824500411043944885098304981770524416966084349919389)
(5016440195372473920530543153859309644934227948147356721052346900389830264312477137396988708121665648648090808973390998362484027249892642817144023379062404408862078202881102966725536528982281929904418182567, 300, 2239744742177804210557442280568444278121645497234649534899989100963791871180160945380877493271607115483, 2239737457981378830694552218622969795987530502161045892501669140553925470149302650641228084032739213349)
(5016453547587546221170652779082763077416516929278035819805739332003968903365974966549067459008126130474825608610371806653786410720448861367910403840905587505829393387746106164728071631941506109022941474517, 300, 2239744742177804210557442280568444278121645497234649534899989100963791871180160945380877493271607115483, 2239743419471016849749739173884053546310854607806857661326287365639596675488901993429992505624162729999)
(5016454213526858487718960346386184620947211216351093600510968989425546593676552758114992594290778195130344098298318421161646778105646117149583529142926471106953439040965879383523017934116514077058883613497, 300, 2239744742177804210557442280568444278121645497234649534899989100963791871180160945380877493271607115483, 2239743716799234537192846271012469629513449280002058594840190060586605025788722405032171298093778600059)
(5016456401428950621518514526862155060514141028687615273990107412343395505577297208374913022629718996686088891588271620066555111928154050158440510939768875316864266759258282588690542236978943756245548371633, 300, 2239744742177804210557442280568444278121645497234649534899989100963791871180160945380877493271607115483, 2239744693652556673537846074391086865500125101955496199748396679912146561524535744663522272257561854051)


(5016430883929182237403489449044071839118777334696669227388084960856120001127743782182527716770380711007457646161985602645434455582550176228802061305728929989318830762563237691710693144833665584081410173481, 301, 2239744742177804210557442280568444278121645497234649534899989100963791871180160945380877493271607115483, 2239733300613301864391083703499780378681906659618767863066521769920312579606116978987829373252646469707)
(5015927375194536327344873788758085151249296030876166723854196372748347790976253191515793398005890802080443754491656325785120388889527004883720723190101422483902331338143112350611802462996411457649527153997, 302, 2239744742177804210557442280568444278121645497234649534899989100963791871180160945380877493271607115483, 2239508494310528126904429236092922480433046907421526705472258715799246386120773363126483499984263053559)
(4996628185701881252007845256773361332518760402853680265625528919056743064933662486448664983488698063256751899584434571850839686537055192440694700509421598585006868226792573234512317427695292845204118103959, 303, 2239744742177804210557442280568444278121645497234649534899989100963791871180160945380877493271607115483, 2230891802805812456360211683133199758808590257849131320135109315638242650028880255433235305297218633973)
(3525698027973022800499208015260262972067791861703383487336537134342958522628329596752809960877838486593309797397946092655972795226146078185018644713091220337624956739293303039134311795467134769225468465427, 304, 2239744742177804210557442280568444278121645497234649534899989100963791871180160945380877493271607115483, 1574151715407010428621254455138391336216844848913795813848312614491983586915096671078975328963660873769)
(4950122111234985030779407123510959436858738927257877322826828374797540748206411296553369368866674218675500904184237667240794083757158121287702604511921371671323080026180630535847290164395625534079578896333, 304, 2239744742177804210557442280568444278121645497234649534899989100963791871180160945380877493271607115483, 2210127796269212093425555295183259236296406808443582675464529696489311940856550210039436907748190584951)
(5008784293441901097134175445118155970031205674027961813876126020930074480461784248007171313644390986255755989415815561582531223253058083849250921428124264849252204327619723477508665896482454946200969792053, 304, 2239744742177804210557442280568444278121645497234649534899989100963791871180160945380877493271607115483, 2236319255100309157206030221377401545595517035842729956013918515978816993056772124597244963649952415791)
(5015675779074757768703319295856234472234915504058778645092759793266408376648638570081430510963600418390300598118771473797984787696305532852019542926972827013655354475272515003946104761333958297110309742559, 304, 2239744742177804210557442280568444278121645497234649534899989100963791871180160945380877493271607115483, 2239396161813417799744395280306121410678077169338783470866218928904952640145512888047044246094370308173)
(2510662851365471504268191766490262811183573752872626533806286357307443172009285001234557767703828516423923475595353529030776811540350052833272906876570596946339724199365914806466762067887760617975083416313, 305, 2239744742177804210557442280568444278121645497234649534899989100963791871180160945380877493271607115483, 1120959368309194677291938575946581938006919707708795575458269583826272112867932588698454999963644462011)
(5000126325790211095440045287483457288291787522446784720299800708558567720543260028288538360406821154676564313867580095153575504756538141690132432267878195443444168261030502779902243951963407402237979198223, 305, 2239744742177804210557442280568444278121645497234649534899989100963791871180160945380877493271607115483, 2232453650467492173048973567717992144823710524401287299087519984381310295434323570796801022682002882781)
(5015656391235996104631358917092241824378010906554826137904491748182722746236141248685604325752868517383150636502384201025634782626860870916406232196518737525658327278174481079367558588919761240679908344053, 305, 2239744742177804210557442280568444278121645497234649534899989100963791871180160945380877493271607115483, 2239387505541836238888821029999999384256754803150389448857071475809654505157224621903112064785375559791)


(2965620554555396775323006081140048599154592955438043868699097527171573675128635883016967037220177529283109719630233730636527221762628202078800145733048033451675876528649106639385933858497258364330894648701, 306, 2239744742177804210557442280568444278121645497234649534899989100963791871180160945380877493271607115483, 1324088633275143208785993231213193181221022696594031796836620847079184801452279827030050284677640487047)
(4252414213388402287064341318450926725511892878350536538669852549201043134910005348817530873361236543947791839123310158582868717096680269120624720568849678303665346151578149575504985335099378776013262544591, 307, 2239744742177804210557442280568444278121645497234649534899989100963791871180160945380877493271607115483, 1898615557973623963362680068409603695894380915144396511456969773426427690310121528276215460246321102877)
(4775969534251724787071013434412407523205037176671361026099786047069722732200227091219185685906370482170028555243372975783992822266154257196025334056523431339199917136631830900901874902284664388124659330067, 307, 2239744742177804210557442280568444278121645497234649534899989100963791871180160945380877493271607115483, 2132372249530469049597014776391974711903382454308602019742586017574879211315207891470407443401567895849)
(4979750505554901993716164480641577387746803208473219394435743237765029279301804131886075558084012099772387131828062783634035029192203731460832239417581608379328332122157531973119747696863664423682099353561, 307, 2239744742177804210557442280568444278121645497234649534899989100963791871180160945380877493271607115483, 2223356265461245086895658721995052048680105420742944266569618283785613126738499803080579330062078181467)
(5016251304684533782991844606463077480157647532246806147783762365125746902588444031750005950792403339827235054553220841615665601952247303123449818550159273712976293553493762852458597627313609327248920042879, 307, 2239744742177804210557442280568444278121645497234649534899989100963791871180160945380877493271607115483, 2239653122170970154098803295315310240608015321914144392119870928319963366766712691382652475732813415213)
(2526090029188275172969993674568852266169280022175673823529373670017667964949623359253298083471390820207572809413078411076154097191630456196819645299277804225187217901575777157089780974165589138918688568001, 309, 2239744742177804210557442280568444278121645497234649534899989100963791871180160945380877493271607115483, 1127847286174247072581107543078162376015753814690452385135263987139060999440734531393218950273637024147)
(2877805447093733507635216130725204688478032184669321708238934456225881315944590905787829892009701797780526679311363192338713600147690189319652816738575548660776014366762457220277449544287125298862698222967, 309, 2239744742177804210557442280568444278121645497234649534899989100963791871180160945380877493271607115483, 1284880992418588857710985513228737547604135152812229863896841523692667049060850132506870984686436352149)
(4244422267938013197643451168911161228057902426742322488986817264007503407725026443226954174841961756051689323569440833960835288969056536676402754470385617839719083511563703063736264862067124895461924661239, 309, 2239744742177804210557442280568444278121645497234649534899989100963791871180160945380877493271607115483, 1895047318566744872928333574121915313839886236941040076648253292486457598727252047181084662781666394133)
(2514082740665685887987617396480030531396076720413146913726416149114172108827817413792468822414439704267566466938096336332441458778056346532755584881639370997812079784708911837198824649208943420231342879209, 310, 2239744742177804210557442280568444278121645497234649534899989100963791871180160945380877493271607115483, 1122486278602056475487070271434507584544874768569665694599419824624453862768143710318818538183842595723)
(4960537106921449983710845918904233981808452823819848509413979341511015067660100133578315648581295857942928670578558108569942250077027522403047258137417566292998706617128127231627639219821594594361428924987, 310, 2239744742177804210557442280568444278121645497234649534899989100963791871180160945380877493271607115483, 2214777877812137375959233962206659491053951943066270981863735007543167664480620937581135204506776109089)


(2508342554536824110491831508706087901257866015623440202478470730365889078837786653299938406136377909348852919215501021541958635964296721060137423406717851081696494009750645491267635566151357266232984037713, 311, 2239744742177804210557442280568444278121645497234649534899989100963791871180160945380877493271607115483, 1119923403457953966191378642131660965543999169748521541310614683974119033421405844675609033381335007811)
(2508228329731828840309553496565690601482615148021044227136220650296892595521944439249356722123576563292448500879810354527753410644361059921403700164003620584186436601589972125626793666219312946136303364433, 312, 2239744742177804210557442280568444278121645497234649534899989100963791871180160945380877493271607115483, 1119872404429875344926620563706843362807988886897250655316589469272001501583817677722382414541144195651)
(2508229889644898427019699181557631726216376984086070039312636664953839453023070088061568233043837741791395960622098135293310605032825269882196596934719706246115966827553240610908438060303073761595957771121, 312, 2239744742177804210557442280568444278121645497234649534899989100963791871180160945380877493271607115483, 1119873100899004264473382933033319010436929540972713187819785743929120826703449018104234290532017242787)
(2805035767288537336527540931291928635999663503476256666046828726667526683118786138534670018003180819313990394754946677936795055479446360280229181111845244746380834422711322674929684787214346386664702556671, 312, 2239744742177804210557442280568444278121645497234649534899989100963791871180160945380877493271607115483, 1252390825822890568675668611393213503355986624286517673959674868427775885638952957748160030771421118637)
(3906560184369875506237268003499510593509915664784612159642633482462344298709179564823188496546969945431604873377184114483473203142049924315008224597816133612702175810407177975144274850560682474461198127163, 312, 2239744742177804210557442280568444278121645497234649534899989100963791871180160945380877493271607115483, 1744198841414112183764388238439355043896899350865099890513825921405705589140775876984202734955885756961)
(4737691549038803524439172719647229369486595347570507183815197480573449732309789651290420503393438693209780437121397708383853044758485364692324635543906519227823940237865697601193506115505290281387986758771, 312, 2239744742177804210557442280568444278121645497234649534899989100963791871180160945380877493271607115483, 2115281915756227498402004312663431825894716680393484497245941780044750974373002972860555628630207627337)
(2508828099724790079634209134869975698138218426947147982729597141910527702086717507381647587270519038426336086141894600381939792324597640676924732642523158011957708257115992583787809712878999145380187176619, 313, 2239744742177804210557442280568444278121645497234649534899989100963791871180160945380877493271607115483, 1120140189406291030615648471696361954526021688117273108252574520648819503405735486851736549404316794993)
(2773421341131217725376684642779401583779028981718797113536615587234849019017852338275293023715134916265682288304743198688618441598133021873007432597136772632855774491643043714036916894152618227676999570269, 314, 2239744742177804210557442280568444278121645497234649534899989100963791871180160945380877493271607115483, 1238275634228968357939820434798449778575301525809596409507456180878948513073785085174709856622035861543)
(2508229193397465788558255085477862621448062353763740219139457648164715108211971224900986461632804433675948265575689682713238401790416338779927215190973408530990451760619984254744107182591518621717281797411, 315, 2239744742177804210557442280568444278121645497234649534899989100963791871180160945380877493271607115483, 1119872790038833671341928281753152303379298502142823285886442124902434743258892071896246701559300227417)
(2508492911567869407424505569244658111079341239387579460568823878335717450670152854341994763200059205091299118311084214965490684148270247782820801625200023541455313326574270928731983727394173627873192030471, 315, 2239744742177804210557442280568444278121645497234649534899989100963791871180160945380877493271607115483, 1119990534782436548993004328192162237077408543013353982827376999386166127890815079858514987320940167237)


(2508312210297150319675093024263915187365612124247474152169978397888608972519348554372772158989370503991639987491038127317797001379100527906720610406261834503476924659961447349500604012919672864623682215391, 316, 2239744742177804210557442280568444278121645497234649534899989100963791871180160945380877493271607115483, 1119909855378522251239652880319853489019772687236936780073026039903282112826277728224844161084595110477)
(2508279265263239068990592732017912983422026135716486484555597316857777716973208323669664625166416715511444815007191232840968443502396954342406832214887767953325553049482158879671082669421044159236790006609, 317, 2239744742177804210557442280568444278121645497234649534899989100963791871180160945380877493271607115483, 1119895146097910561198916415536307861521121589358732162469949705345491346574717227698340641624037523523)
(2510103471022726342175860059172765510975528510744725419227037437112563397534418956535982209992477790711731882326129641404510109275307038084530665379176779658610022695487744424318725393026364543505780363443, 317, 2239744742177804210557442280568444278121645497234649534899989100963791871180160945380877493271607115483, 1120709616481581834450498510013452378748293148074986344303852698917428464085548741286816956981870330121)
(2508229678598908751202292054005659936417979657988173427063206991755932307606624402116185116913125401381169802141631295086617092454701412161957528988301257246922570014883128242177965599976621496306688325629, 318, 2239744742177804210557442280568444278121645497234649534899989100963791871180160945380877493271607115483, 1119873006671306928477884125392995028794777196049473821231632193758989811886187844841717062428792979463)
(2508235635491832390320660446421994512376902403571305674078639607047521102055695888723496728687393888823625674593105072140326631782186094120190639910037993714007117754052916857496259962268691041660230919549, 318, 2239744742177804210557442280568444278121645497234649534899989100963791871180160945380877493271607115483, 1119875666301581513680998777964797495366067817544661094866066753460722369958442334203457600330104045703)
(2523351295614715876459627185581174910392399070380572648061135942854666687671792949916743971501225424634456274155494410139291090513740913491058799455524087246718698382087455157056789444113594775256457774473, 318, 2239744742177804210557442280568444278121645497234649534899989100963791871180160945380877493271607115483, 1126624497915395618333861676887296154512620840267577800106464473937034882581499623805624820202863591531)
(2508228270148838320105406962434638311085812312506913491701269238340155792058903769083833606742075018096331164644356959643004819019568948626616333730717882927272101478334003280348622498748754525334460689547, 319, 2239744742177804210557442280568444278121645497234649534899989100963791871180160945380877493271607115483, 1119872377827294524815426101252949174594877514038497451255740121373899467684069648491542981213413179409)
(2508386336566833931339044426526721222664379510159155519248458040063583670814559750252501839939645482712480372783463111040493096793330458207631940492604100613279257643213437915176724057213701133721132740727, 319, 2239744742177804210557442280568444278121645497234649534899989100963791871180160945380877493271607115483, 1119942951234620359709455085742036304291806974391851134219144804202388713642774896915575527192567742869)
(2508228255640384088268801687356149507418394499924374023693987297221696534963847001621970971029518511097090320338705076913893596918713868773601258321594282721591751403563844409684659669332339263738310728717, 320, 2239744742177804210557442280568444278121645497234649534899989100963791871180160945380877493271607115483, 1119872371349567863102455686436938802148877056695477603188539389731847123278918858555845458754260697399)
(2508229453288569896993417947266311187731855228184452711585551690971426125091486268440046406225956235703911973843147418384156424955187753117534382562967201882651034043956582291194457533130796380865517382507, 320, 2239744742177804210557442280568444278121645497234649534899989100963791871180160945380877493271607115483, 1119872906074870820705383235778370539005752034070389471567365866876166692735934892254301988581109924529)


(2508228255470866473455796554607286230280525789997243709525863129703372420774018634954005398417171012354230043502929588394479213827440161997241333737157122230070230664119007651753162934489124338263773905141, 321, 2239744742177804210557442280568444278121645497234649534899989100963791871180160945380877493271607115483, 1119872371273881731722959486727237643950156833503109482967143432657735232027479594183999041932011503727)
(2508228334585489285118142776077975096049001215594780525775067262558247746777472486009110055082080044059297352631497271273174478129238773587162583466149470002116672058966206613624214003523736355264027145627, 321, 2239744742177804210557442280568444278121645497234649534899989100963791871180160945380877493271607115483, 1119872406596934989450736138206887273848608916130463008240039888589798936304984848501154934157532463169)
(2508228451614875262948677350276027174944200231861602143110265169303813831796831999101245099312154672682433934975367450349158132330468191793498301349780691053724962475040466857352272985785208086045097114063, 321, 2239744742177804210557442280568444278121645497234649534899989100963791871180160945380877493271607115483, 1119872458848150841859710512704586559478401725790458395920222688026543901955109639593524274933820031261)
(2508228282172434344870887258154269741643679784975442431067993265451109269469501764759247395118758988735409680644375807768782113158758485521950316119205572045335220932804503895947284003592758380941405049693, 322, 2239744742177804210557442280568444278121645497234649534899989100963791871180160945380877493271607115483, 1119872383195583061603952688802531875612235251689457809457352415343133403620399262461237811399289208871)
(2508228719346810928166456700819212361378294180860326461468650295443365779293906915417283089810356304958254682618103321618701997556429382464318876489161256276927784843234666200525652710871404746405954152391, 322, 2239744742177804210557442280568444278121645497234649534899989100963791871180160945380877493271607115483, 1119872578384958150039845842856025400816160185874158029697606416300125889177903120309629812342305849477)
(2508228255070173133681307821035762621891571383779750117956096627997474702103332744576264504073496145472870120595892366142417015861579021897478748997526514271214469614340749650329180808217523585841956292467, 323, 2239744742177804210557442280568444278121645497234649534899989100963791871180160945380877493271607115483, 1119872371094980389874121552624645220897673192925032542525039734284453286315668668062925929551568568649)
(2508228255477541938939539185453310776528807490658885584145965820051019173889196944543136649290542578780916723536297594044118545647280718354558619129693640782712623665683840001738527658461930334411548472683, 323, 2239744742177804210557442280568444278121645497234649534899989100963791871180160945380877493271607115483, 1119872371276862189878763338073674849763300730797831516678871937528355932641000299049595154451581108401)
(2508228284267223371984633000522511586143369805458099898778954786302000616185355526672065788763420867433693123996491730344365517155899266183679293937103312441206131042832163174228435685606468335501928434061, 323, 2239744742177804210557442280568444278121645497234649534899989100963791871180160945380877493271607115483, 1119872384130863313708435126959245159871218707976318509647142257171617011789016467588672934627957014967)
(2508228260644454143111343377967350995355562937695533388349689663590945927838816912155187616779369568892892944177182559398793940356166870898020405135358637381164669076603063555998179542114584522901377977399, 324, 2239744742177804210557442280568444278121645497234649534899989100963791871180160945380877493271607115483, 1119872373583782307547075775693829366612382671019554801294532664704924009959911589114962891402316349653)
(2508228255141735282099216891840650490783129224712145225054898137103917769121144471234586937514282003284196383870219970940996948068182823333090736330018307705543197427611695889164351719987413293753933165907, 325, 2239744742177804210557442280568444278121645497234649534899989100963791871180160945380877493271607115483, 1119872371126931418520504705236559908812113844618126448389166135739133334975146593107993148796065284329)


(2508228255058203967261224984433734128363970680549369212945198336802641031888223696405063126422934795647538786981167190671501500798503158104166547926572582328991286298064388201478717520029609559765158977817, 326, 2239744742177804210557442280568444278121645497234649534899989100963791871180160945380877493271607115483, 1119872371089636403037280190261364560950211529587733090956646834386696780651963222687777752164778115099)
(2508228255970355699900282704198094027183491472876618978113370023822035464144737523523435073311342752128857285890713604416605586041729007037286268412131128422470823086569764568899691075223015355876768723207, 326, 2239744742177804210557442280568444278121645497234649534899989100963791871180160945380877493271607115483, 1119872371496893406686781651949122773193146821904316431932293285503257850401817748472347308322046607429)
(2508228255060874487617853210272770312183469325190831985246499221185835273602497014816533537564084192002438320677218278314127344134658097059365135732638208684837181457535579090192331773803655654361710667109, 327, 2239744742177804210557442280568444278121645497234649534899989100963791871180160945380877493271607115483, 1119872371090828735496572653735932089890143532551873934578183475539260293036564572581865300932618617023)
(2508228255056660690533755367374303624638458533666888849640317262636669969575345413752678452956381099309611681285311718751303394055471092211610767790815904108417621780849798841167074846733397321170542323607, 329, 2239744742177804210557442280568444278121645497234649534899989100963791871180160945380877493271607115483, 1119872371088947361693234430868658278845404109313773908959717109124183017811977750204666887172977066229)
(2508228255056757040903243726721572291958744928979291990330228639695750804573587183113509397925602964572984669783316470245628712336037540093938539718625450898395406802397669080484834156590695969889869336241, 329, 2239744742177804210557442280568444278121645497234649534899989100963791871180160945380877493271607115483, 1119872371088990380153183877413204719409868809316442598416761079701741617945979008501158471309960675427)
(2508228255111458988537793823423197930867470138163824218205405190943499548459762586879142831058564909028995139153242212951548480643329598929448448387918774128591488924682256714607275978023099347794422392823, 329, 2239744742177804210557442280568444278121645497234649534899989100963791871180160945380877493271607115483, 1119872371113413675631650294516134463925235107363355949754343427431384083619213624819695479115701288981)
(2508228255056574365058202213045825916923751069658666382548200132901655348623163481666384831741182318452743953120404783350176427546761036186092740595044019249352356400099167617817996871490656954590296932453, 330, 2239744742177804210557442280568444278121645497234649534899989100963791871180160945380877493271607115483, 1119872371088908819142412672403891236721172730698666123608030314676081381853768530343648415836373254591)
(2508228255056747016009308521702781332353165997675111316732434392371684590527527345838972074171579880211274304293774738363579206175550033799561704931280779665482669180876267488119371729593687553182930024421, 330, 2239744742177804210557442280568444278121645497234649534899989100963791871180160945380877493271607115483, 1119872371088985904244056189333425320969635487928881694311403903572284653770186970065685358509580877887)
(2508228255057498883054448898112103302771585845488661836567002941676650643982015141429271355723311201798423223861517012598179966085781861804873353823608172791364955010560297615810874882078400452247374705979, 330, 2239744742177804210557442280568444278121645497234649534899989100963791871180160945380877493271607115483, 1119872371089321597428632795316880203987134591995949502213192113281556966954589852726168818538065690913)
(2508228255057860336174668234622955124106070646400509456843028859083260250420505940938978195521143519179175788587302387532524750026799328428891351811187144994284462125006473897858759286334582468203553561469, 330, 2239744742177804210557442280568444278121645497234649534899989100963791871180160945380877493271607115483, 1119872371089482978818847771082259625526658235358562100234125852615866397515091682982949385618426167943)


(2508228255056586617706345241402125978663903096808220539167726435186625165790569949446374894107210531794632238673923205111941783315637831299979392641371555297672197026374467172530471470738578768095455710897, 331, 2239744742177804210557442280568444278121645497234649534899989100963791871180160945380877493271607115483, 1119872371088914289698013180056954945925902345727907228625689085500973226957514355098115553703504117859)
(2508228255056592744030416755580276009533979110382997617477489586329110074374273183336369925290224638644755960824906752837419843645551771106654358443307286113831245416615466644299584400832739136576604338759, 332, 2239744742177804210557442280568444278121645497234649534899989100963791871180160945380877493271607115483, 1119872371088917024975813433883486800528267153242527781134518470913419149509387267475349122637069549573)
(2508228255056619477080910635630385235148856260527479413738274245859953311830432749401802788634286198523910056774547810509772776821506781578874305590555647707657517687776265277134444978390938497549732701277, 332, 2239744742177804210557442280568444278121645497234649534899989100963791871180160945380877493271607115483, 1119872371088928960733487268762898529702222676942690192082137607258637720644832703303277423438082343719)
(2508228255059450952679054097604454048191261079997176334359716101168432879062000121832233564492806224451980191408031757543048057063407326071412948345236540673770957684534881578465493078976359996432255446011, 332, 2239744742177804210557442280568444278121645497234649534899989100963791871180160945380877493271607115483, 1119872371090193156400440946407257511377011895518225551617464465156371380074095114744683283278687371617)
(2508228255056559327717299405517639477515382672702395372151508761915556027554073725754578846110147691444311498513108909731154173947793366895225224989219909140785516967348356023796326591772625729035607944259, 333, 1119872371088902105278721140284222139060822748617324767449994550481895935590080472690438746635803558073, 2239744742177804210557442280568444278121645497234649534899989100963791871180160945380877493271607115483)
(2508228255056560441594403317186394028582669220625082113662374789396007829114747041007305215416150256498816133573903915731487553455235969391634798921843024343286321912600856542370390913879210731879710779287, 333, 2239744742177804210557442280568444278121645497234649534899989100963791871180160945380877493271607115483, 1119872371088902602601957550070864294443070895438164867906145347829613376054057365849935759169179091189)
(2508228255056569909549786566370807712654604877967919416504736022979848142380470220655479354517172058718510277187630468829250442119774590274729872267235857977746782427268209718436503785333855489881022536669, 333, 2239744742177804210557442280568444278121645497234649534899989100963791871180160945380877493271607115483, 1119872371088906829849467033257322615192180143415305721783427125285211619997860957705660365702871122343)
(2508228255056559327717299405517639477515382672702395372151508761915556027554073725754578846110147691645888525309111288681323979198953351926173319740338367281784536054089624430010811676051600123480248337729, 334, 2239744742177804210557442280568444278121645497234649534899989100963791871180160945380877493271607115483, 1119872371088902105278721140284222139060822748617324767449994550481895935590080472690438746635803558163)
(2508228255056559884655851361352016753049025946663738742906941775655781928334410383380942030763148974343361443245021911683856282275876418311623164496483289535434110199964056898990075686051582113544440531951, 334, 2239744742177804210557442280568444278121645497234649534899989100963791871180160945380877493271607115483, 1119872371088902353940339345177543216751946822027744817678069949155754655822068919270187252902491324797)
(2508228255056568795672682654702053161587318330045232674993869995499396340819796905402752985211169492862177024427181555449352726168828936210771210324608209281049879336978219317364821016873127895801572358727, 334, 2239744742177804210557442280568444278121645497234649534899989100963791871180160945380877493271607115483, 1119872371088906332526230623470680459809931996594465621327276327937494179533884064546163353169495588869)