(4351082437154953174061964325134332629728707473371328771154313217234006556770074831747416972844766073709134339456698449699122601108601588057044141195099651247613596851895268496284003076673, 4, 2085924839766513520754709910298812389774733617738103014111438488857758372042488771305539633227, 2085924839766512594417996011769249001206853548234840187951561163733246056381816708000502513699)
(1087770609288739018116276647019455748771006705104961378712461595034426490595025393129804806337132396619827541191687979413429229333709503409040535526759936489834537522203510037861295046251, 5, 1042962419883256876169444192465601618458351817556959360325703910069443225478828393565899457171, 1042962419883256876169444192465601618458351817556959360325703910069443225478828393565899457481)
(1087770609288739501183467024176748835689993071603379416078377808338801322749431824569697591670698504820478489443996551310285432957999532178952037747781542368864825470267795398560676147229, 5, 1042962419883256876169444192465601618458351817556959360325703910069443225478828393565899457171, 1042962419883257339337801141730383312742291852308590773405642572631699383309164425218418016399)
(4351082437153820381500529915911382503534432350672540628285040003886971405165984196474352304205157243997640483530409889060063082932886005100093751339843842733153979676551802933622951921163, 5, 2085924839766463961740516338967171101393149899313541814558001594696349484196533384486053740683, 2085924839766019088533666570144353741668746520371569551276916203649309888158774982241977106561)
(4351082437153912647333891931074106712955784374687136074502923626204477346569603478813283653292580281160854529022060300616674403667378977167716566000664581207737455114733111723780680473397, 5, 2085924839766508194318604993753822905509423218094341763692143869391812556993624407301576196277, 2085924839766019088533666570144353741668746520371569551276916203649309888158774982241977106561)
(4351082437154671062822784066536361914162789891869526036890479357614323645144921761532218918663627786559202390071565402186133307437402691984126335505847147780417718817674068838143865391111, 5, 2085924839766387075793262761013409850259104130542727243288183609361827284360752130167972823177, 2085924839766503794219213975738396809811992887953843339432726575050379057605432106602649878543)
(4351082437154915494821114906958951086935330673472951958900339738693555787227543346065268320608657639131269144351413472523924961864447425882385985646531734835296278461587163028271742883253, 5, 2085924839766504952140106348900351045521842974832921872132573231456019452181272185733946278063, 2085924839766503099466678551841224268386082835826396219812818581206994820859928059123872039131)
(4351082437154934817508729993159233313612576821190578603049224400279139798507360480824905078730476738125983324034924161981977658644159658539528023199496693130614621412814949569324317148261, 5, 2085924839766513520754709910298812389774733617738103014111438488857758372042488771305539633227, 2085924839766503794219213975738396809811992887953843339432726575050379057605432106602649878543)
(4351082437154935300575920370324410191594369434783546167114085651106472497764275239570899319304749183171869282367897236813520717019356948640416012374809353674205565971446256978056720685037, 5, 2085924839766504952140106348900351045521842974832921872132573231456019452181272185733946278063, 2085924839766512594417996011769249001206853548234840187951561163733246056381816708000502513699)
(4351082437154936749777491501790175491935274710001394523812652425185466403413304402510335734722628594471552355222299407590761042192092928479122842390314190163882248806128224083713955278549, 5, 2085924839766504952140106348900351045521842974832921872132573231456019452181272185733946278063, 2085924839766513289170531435666421542632763600362287307571469157576630293127320755479280353723)


(1087770609288739501183467024176748835689993071603379416078377808338801322749431824569697591994016854984288264638714905246704259908110006394615177503530739884691634296108767216270261230919, 6, 1042962419883256876169444192465601618458351817556959360325703910069443225478828393565899457481, 1042962419883257339337801141730383312742291852308590773405642572631699383309164425218418016399)
(1087770609291577520926932970241014965836724230088897226369821892372082221389594652195666800391091694677878579460930195562344184545313692054484826574930549177024001321574712117289619152353, 7, 1042962419885923336400401109813815611101131882699004461532584280978143854723362617115247902927, 1042962419883311993203921154974623238247215953001097516838404754977926007288816160215608066639)
(1087770609288796986179121905920154645347981389792714806218991122586127061646205082908124809799938274863962811647134239621407712042538591554011773992780994820462769296077011649913786812961, 8, 1042962419883257339337801141730383312742291852308590773405642572631699383309164425218418016399, 1042962419883311993203921154974623238247215953001097516838404754977926007288816160215608066639)
(4351082437154833856465941167720839167731000169534161198214411465576899102332233833810350299844139999261152130703753667286360323765945390541810454097549905852179344867694491459886413537029, 8, 2085924839766504952140106348900351045521842974832921872132573231456019452181272185733946278063, 2085924839766463961740516338967171101393149899313541814558001594696349484196533384486053740683)
(1087770609291520518998468319948070232337377507031983122292754700119089380133664162841340407823885477811038551038677757661383254832036640116786513817247734223509060395383546509459846099873, 9, 1042962419885923336400401109813815611101131882699004461532584280978143854723362617115247902927, 1042962419883257339337801141730383312742291852308590773405642572631699383309164425218418016399)
(4351082437154724683280915930633186542049469436456251660255714484959358210105370225706140402514423536864120607122287456148985214731927090704241848494676050494958137037831102895491909708627, 9, 2085924839766504952140106348900351045521842974832921872132573231456019452181272185733946278063, 2085924839766411623716181072046839647307925972379192136524932725161403649368561807751456489629)
(1087770609288796503111931528737333092130384318416707825256490978255031516969390734477046363477525927950097388116921142643298737448836440366082255699860568497198731586347462026537395076359, 10, 1042962419883256876169444192465601618458351817556959360325703910069443225478828393565899457481, 1042962419883311993203921154974623238247215953001097516838404754977926007288816160215608066639)
(4351082434952114614744784245809508678339799365364161391717343765778957590549255211717444006544572533786536856387389753557420132153110797948002868707981732368646245088445061334542382533017, 10, 2085924838769881513737811956360112188984186082436564287955527571643895710964491815617980006589, 2085924839707095736499295003146770327385405487326460347640142358545423028469500212135843594253)
(4351082435076037773301788775256632458772571036962399007127679120707894129092012275114487433699519115089231845265007706570169114371083886347208293305777027338478518333744107063344766157107, 10, 2085924839766504952140106348900351045521842974832921872132573231456019452181272185733946278063, 2085924838769881513737811956360112188984186082436564287955527571643895710964491815617980006589)
(4351082437154728064751248570568678538163442812959637861139282190107866826033540372357259370845630385282980584966382992873447256921197286457932502131770436982446795597184414517150049523501, 10, 2085924839766411623716181072046839647307925972379192136524932725161403649368561807751456489629, 2085924839766506573229355671327086975515633096463631817912358550423916004587448296517761237969)


(4351082435075843097224159794983580189352087175237816340662374852470403732399828271837927568299068284595640642101194416374276398705076779895279914436526376305928401809501719370276230165481, 11, 2085924838769881513737811956360112188984186082436564287955527571643895710964491815617980006589, 2085924839766411623716181072046839647307925972379192136524932725161403649368561807751456489629)
(1087770609291520035931277941555757141375518636497602494292101588320335203512851192592574930786220241274455749162062695209083326415639626340668060789000612539631253091710519830212251946887, 13, 1042962419883256876169444192465601618458351817556959360325703910069443225478828393565899457481, 1042962419885923336400401109813815611101131882699004461532584280978143854723362617115247902927)
(1087770609291520035931277941555757141375518636497602494292101588320335203512851192592574930462901891109819514877938351166800486974288742703976677713899485436406658127468108524485402039517, 14, 1042962419883256876169444192465601618458351817556959360325703910069443225478828393565899457171, 1042962419885923336400401109813815611101131882699004461532584280978143854723362617115247902927)
(1087770609394788932222130684778645964983482752059585486445391264311016092133748334272675743349016216989942284026080903570101592313236027524862070924568826898751681103355445816763191748049, 14, 1042962419883256876169444192465601618458351817556959360325703910069443225478828393565899457171, 1042962419984938309828122561682465396091910999583414158120020183693924429384369213401653575819)
(1087770609691270937248920596253449405946934789631600780155390611059876026926638137030310171082317357350870396569637200440545028058722651888226380598986282552792191960048374020693895049609, 14, 1042962419883256876169444192465601618458351817556959360325703910069443225478828393565899457171, 1042962420269207425737376872182550470004299778611560557394229105848536640293459915015177896179)
(1087770648653349137921889752114310955316571585862695987290700122700153313861759734365954676769299406399069007199985398806241528818884222435085477553009948676605514202299646041504367040377, 14, 1042962420269207425737376872182550470004299778611560557394229105848536640293459915015177896179, 1042962457240382543857598787637733773738755795546636672297338849612121017871237538559595380963)
(4351081846200352196846135258031537409253437898354523390316956612451047546975183410853906829980272049578042850464462339246826138053062368045815670818422156485672397943374147955797081986409, 14, 2085924838769881513737811956360112188984186082436564287955527571643895710964491815617980006589, 2085924557457346620371370126241041576586260027474685471846248059431224285782528350975114084381)
(4351082425400899503692908820609811080984552061626141117131169359919532809930543469251582288456270982931660871090492706602494386643530859406107220129625319103606623694087909063890917392573, 14, 2085924835128208264846936929404480659078510476908806530142726605984294590326887065476510253057, 2085924838769881513737811956360112188984186082436564287955527571643895710964491815617980006589)
(1087770609394788932222130684778645964983482752059585486445391264311016092133748334272675743672334567185273160072798897691665865101728437395720459941775083843868254212509901971275800251939, 15, 1042962419883256876169444192465601618458351817556959360325703910069443225478828393565899457481, 1042962419984938309828122561682465396091910999583414158120020183693924429384369213401653575819)
(4351082427479586409049833668085797899456068414354248262361091857369272517568265918750943574035162834513559333561512441861754791677448032809655925069282923644120353751818664918439686045853, 15, 2085924835128208264846936929404480659078510476908806530142726605984294590326887065476510253057, 2085924839766411623716181072046839647307925972379192136524932725161403649368561807751456489629)


(1087770609397569950037403108814024907581731966481580303672673771919122565377868270197382781348194209797768026625405148333556681179132766652457915986976527962293118635080877090270546522213, 16, 1042962419984938309828122561682465396091910999583414158120020183693924429384369213401653575819, 1042962419885923336400401109813815611101131882699004461532584280978143854723362617115247902927)
(1087770609694051955064951012581289657501663572057635076519387145496269412717545479760677908217413751778013554707909021104412247281347006822511733498761012779658996645230632353473476215933, 16, 1042962420269207425737376872182550470004299778611560557394229105848536640293459915015177896179, 1042962419885923336400401109813815611101131882699004461532584280978143854723362617115247902927)
(1087770648253598222285855205629801718869591826219607309421648635977603347392957768586324351963403784769798442590266544649616192955550357233296292949227025847055192665782328040621407778701, 16, 1042962419885923336400401109813815611101131882699004461532584280978143854723362617115247902927, 1042962457240382543857598787637733773738755795546636672297338849612121017871237538559595380963)
(4351081838604096536749179073209679554989914008605108376007740220913925449664117924078039597826264382606013148975565850478620140844940910420062440999549455229123401665895956822835161202717, 16, 2085924835128208264846936929404480659078510476908806530142726605984294590326887065476510253057, 2085924557457346620371370126241041576586260027474685471846248059431224285782528350975114084381)
(4351082427479781085127122776734080341045946044716665836845057643616556103313099238291235155097211391564447013047129774969525997707683739641202190725852441448563668733966201330043417788591, 16, 2085924835128208264846936929404480659078510476908806530142726605984294590326887065476510253057, 2085924839766504952140106348900351045521842974832921872132573231456019452181272185733946278063)
(1087770609691270937248920596253449405946934789631600780155390611059876026926638137030310171405635707634324698548224030817135673760055583257810153391197305365838550451020947675399042865099, 17, 1042962419883256876169444192465601618458351817556959360325703910069443225478828393565899457481, 1042962420269207425737376872182550470004299778611560557394229105848536640293459915015177896179)
(1087770609797320851394018639214061826468318476535930506596557397446258474888067359305786302479799188707787730255072629579951780263238848690934991990507493060173400185703988785704886895601, 18, 1042962419984938309828122561682465396091910999583414158120020183693924429384369213401653575819, 1042962420269207425737376872182550470004299778611560557394229105848536640293459915015177896179)
(1087770648250817204371242621157749984364140626196085088056541742833925507279123476975127210373884120381288082261853405588783327431797782034072465508386662704234229716609289779360647235673, 20, 1042962419883256876169444192465601618458351817556959360325703910069443225478828393565899457171, 1042962457240382543857598787637733773738755795546636672297338849612121017871237538559595380963)
(1087770648356867122275622754174884170361531015559284515931834296742340096556621182675728040781195536120709505329575093049462297397677663488568730096009479459944635979388871516584509733697, 20, 1042962419984938309828122561682465396091910999583414158120020183693924429384369213401653575819, 1042962457240382543857598787637733773738755795546636672297338849612121017871237538559595380963)
(1090061675256346557240083847014884084123545199263201927677062121843475958122630305274718712883483656855177441274448988697043662578129191068378533668413133647092287916476286488335513313901, 20, 1045159073261932917757489283270450366194648360606355345943657362933996900041254922591682953327, 1042962457240382543857598787637733773738755795546636672297338849612121017871237538559595380963)


(1087770648250817204371242621157749984364140626196085088056541742833925507279123476975127210697202482125806670857709029756480797290812078653529833920561706083991745256692926732835215334203, 21, 1042962419883256876169444192465601618458351817556959360325703910069443225478828393565899457481, 1042962457240382543857598787637733773738755795546636672297338849612121017871237538559595380963)
(1087770648250817687438450300953558921611753176343735517485300663607443603134623535042108484308889183377170294159759050551258485927128829259085639945902188637742212784615940032981186412237, 21, 1042962457240382543857598787637733773738755795546636672297338849612121017871237538559595380963, 1042962419883257339337801141730383312742291852308590773405642572631699383309164425218418016399)
(1090061636212208198754175925419061254563934800435348639584653277600125488675126314613249383385556198825010464270324010088265887127429760472274976494391003681586848747813474855785437609473, 21, 1045159073261932917757489283270450366194648360606355345943657362933996900041254922591682953327, 1042962419883257339337801141730383312742291852308590773405642572631699383309164425218418016399)
(4351069420521703986961683480968156448796850768782966310044646551044786511106003396667531429264346134750816440228478742147456379759115607017097700261336586479145040106444671020028707997243, 24, 2085924557457346620371370126241041576586260027474685471846248059431224285782528350975114084381, 2085918881853269267579394764759185762902303187842546465454268821405366392365756467500231426103)
(4351070007316832223041406755567437278506041462914567454787824294102386779743412307710106777018118804148544874723084317759796801189452219779313690054335211669339780295883228007156806592667, 24, 2085924838769881513737811956360112188984186082436564287955527571643895710964491815617980006589, 2085918881853269267579394764759185762902303187842546465454268821405366392365756467500231426103)
(4351070009395707871302281254025530851695398361420857219008052490185767768188863084518161888855680921707696665377551470635416247864293046976263990772366116290989650866622321834443474478489, 24, 2085924839766504952140106348900351045521842974832921872132573231456019452181272185733946278063, 2085918881853269267579394764759185762902303187842546465454268821405366392365756467500231426103)
(1090061636212207714669565212073334838755550621324052517639836383221035426730574357112910791405584676324463956916487272478648252561181086747164913361878923458748250495115447281505143989287, 25, 1042962419883256876169444192465601618458351817556959360325703910069443225478828393565899457481, 1045159073261932917757489283270450366194648360606355345943657362933996900041254922591682953327)
(2124703060492481571388065989659706983224874732983530717818528724870354469326116629498331705168754810856142880484297193482410415466438846771074325201167291622961118163861391277880015795553, 25, 1042962419883256876169444192465601618458351817556959360325703910069443225478828393565899457481, 2037180841789398727009091741281504976000287389529404947825095595436594677071866127723681284313)
(2124703060492482514945769289775640653509865712335536608697306256244906223367574146042262887221306381196529485730195846450387235396905684744638991410434215621237127213573812322726215448887, 25, 1042962419883257339337801141730383312742291852308590773405642572631699383309164425218418016399, 2037180841789398727009091741281504976000287389529404947825095595436594677071866127723681284313)
(4351070009395513195780601912627712094768485940558671884737425403057924596081124014991782072229121729287086147755927009362268711490175514738900465576345153406063336864535980325468899385787, 25, 2085924839766411623716181072046839647307925972379192136524932725161403649368561807751456489629, 2085918881853269267579394764759185762902303187842546465454268821405366392365756467500231426103)


(1090061636212207714669565212073334838755550621324052517639836383221035426730574357112910791081585363613264752411665594664808639040840094959194756119345140949209211482326421278083428457917, 26, 1042962419883256876169444192465601618458351817556959360325703910069443225478828393565899457171, 1045159073261932917757489283270450366194648360606355345943657362933996900041254922591682953327)
(1090061636214994589773441943420310647623269765055826553950697323642522041516193686562189789331356717296002929292532786069045530234319192334417763271729983287499575425014753021590767688129, 26, 1045159073261932917757489283270450366194648360606355345943657362933996900041254922591682953327, 1042962419885923336400401109813815611101131882699004461532584280978143854723362617115247902927)
(1090061636318480987640214209449166124472119730162535612044335449568239392972288215195721342036303053761100520493697946869337871298295641287060040743824338689844370677900226723936032799813, 26, 1042962419984938309828122561682465396091910999583414158120020183693924429384369213401653575819, 1045159073261932917757489283270450366194648360606355345943657362933996900041254922591682953327)
(1090061636615587433380919435691142104453665109046083121468443721714667799791652090506740308054544577141480906189985428903190230909281733895700228806798021351790268502259632679481308637533, 26, 1045159073261932917757489283270450366194648360606355345943657362933996900041254922591682953327, 1042962420269207425737376872182550470004299778611560557394229105848536640293459915015177896179)
(2124703060492481571388065989659706983224874732983530717818528724870354469326116629498331704537228749901429275111478753685143872906349756016958791375387657037616768271582891683538817658523, 26, 1042962419883256876169444192465601618458351817556959360325703910069443225478828393565899457171, 2037180841789398727009091741281504976000287389529404947825095595436594677071866127723681284313)
(2124703061278732636845948145274249906505617600184302803635593871166893274190603664378873766670540086033409549557231847806546872757573863645138199530676998205909197309960601527988095340027, 26, 1042962420269207425737376872182550470004299778611560557394229105848536640293459915015177896179, 2037180841789398727009091741281504976000287389529404947825095595436594677071866127723681284313)
(2124703060699625040003205291100046163577031285920781844804490271402402083681282343158787432561038362761624653779004923647667295644164568236210259594735452762850641634698614279602840827347, 28, 1042962419984938309828122561682465396091910999583414158120020183693924429384369213401653575819, 2037180841789398727009091741281504976000287389529404947825095595436594677071866127723681284313)
(2129178040671572356637757750870656041465716061624986124148202202170415856211804552798982856498701388072449495360114625947373695418690620616519565879738886437772741711915772684792196259351, 28, 1045159073261932917757489283270450366194648360606355345943657362933996900041254922591682953327, 2037180841789398727009091741281504976000287389529404947825095595436594677071866127723681284313)
(2180123272362314150969158154287691283138299770913805222499560450494384234668728825789100088689805962760951229664906746399381848279486274916559332985984880497197782845296107628169724429731, 30, 1045159073261932917757489283270450366194648360606355345943657362933996900041254922591682953327, 2085924839707095736499295003146770327385405487326460347640142358545423028469500212135843594253)
(4249406118954643039988338216609771161125118220899239317629594099138363397570402007649506196290637943942605158474138183642362994858489940261092722740196441933260334455782873746083722338357, 30, 2085924838769881513737811956360112188984186082436564287955527571643895710964491815617980006589, 2037180841789398727009091741281504976000287389529404947825095595436594677071866127723681284313)


(4249406120984755088302554303756039668609238518849762496866611781652047172510850861059837393083811024801561825097842901479225880148084962460158176954346502500188801870946927994053284889877, 31, 2085924839766411623716181072046839647307925972379192136524932725161403649368561807751456489629, 2037180841789398727009091741281504976000287389529404947825095595436594677071866127723681284313)
(2180123271382776202459863777071199254877630749880491714686037777440390362951006253151560618775268058460965432954074736119569100772835490964803884610694717872122614163955434958618439471603, 32, 1045159073261932917757489283270450366194648360606355345943657362933996900041254922591682953327, 2085924838769881513737811956360112188984186082436564287955527571643895710964491815617980006589)
(2180123272424406231731526870577867777151801839533478718328151773239359676514661521719388316946368483204981328817586112322309405703660941612093353067601737944779250168781186968675392965601, 32, 1045159073261932917757489283270450366194648360606355345943657362933996900041254922591682953327, 2085924839766504952140106348900351045521842974832921872132573231456019452181272185733946278063)
(4249406111535896065290890885112879992140197611430051766440945870233866832768679918575176913880571953055617501364976867651977914652814488267033253964055686932901196991345163504602394394841, 32, 2085924835128208264846936929404480659078510476908806530142726605984294590326887065476510253057, 2037180841789398727009091741281504976000287389529404947825095595436594677071866127723681284313)
(4249406120984945215179769277116674231034920858278949508940284353624225611864540444661970915775963830127406683898805453022028886216990813029597818243569217742044786739619791031378057925719, 32, 2085924839766504952140106348900351045521842974832921872132573231456019452181272185733946278063, 2037180841789398727009091741281504976000287389529404947825095595436594677071866127723681284313)
(2175535004697863113901542382562538518606039964820556454047802708257720162680156213030796123076993326146633857436203098351880955322117126412772005325156345553582226511161209827562899934613, 34, 1042962419883256876169444192465601618458351817556959360325703910069443225478828393565899457171, 2085918881853269267579394764759185762902303187842546465454268821405366392365756467500231426103)
(2175535004703425133645006245725032730160555135558030247576339386148504985629306700690193661106593925616091973927089179105418732620700715518512191646172359080184368698897293296553317903481, 34, 1042962419885923336400401109813815611101131882699004461532584280978143854723362617115247902927, 2085918881853269267579394764759185762902303187842546465454268821405366392365756467500231426103)
(2175535005502924652706939294072742675960016389211687916569323088873630361385808529085961862410366003592386643120713442063363262553975985056410790058533787182949320563031461488864444560437, 34, 1042962420269207425737376872182550470004299778611560557394229105848536640293459915015177896179, 2085918881853269267579394764759185762902303187842546465454268821405366392365756467500231426103)
(4249406120863917899250573306652587786096972314539344160782667533994389976233265904240826744473689763922645745150079330787890083474536274186443897706016115352982944545415809241705105853189, 34, 2085924839707095736499295003146770327385405487326460347640142358545423028469500212135843594253, 2037180841789398727009091741281504976000287389529404947825095595436594677071866127723681284313)
(2175535004697864080033163619988830423106917942095306753473463388590860823583916704690976666996138154090730298346898900259751435126771242651557471775159808021562695191569843937860210663097, 35, 1042962419883257339337801141730383312742291852308590773405642572631699383309164425218418016399, 2085918881853269267579394764759185762902303187842546465454268821405366392365756467500231426103)


(2175535004909962336304090144842647166602341988490165716752429304126141339287812584936651431970470200558725026300673521209855825302463664853414670986211308547657868854471579443307806203357, 36, 1042962419984938309828122561682465396091910999583414158120020183693924429384369213401653575819, 2085918881853269267579394764759185762902303187842546465454268821405366392365756467500231426103)
(2180122977366427936343826518220541444158659869105770761679457910068869343495255326000394379065896188778421809626272472940712152044453929103077290276861712213592006354302275009303562685587, 36, 1045159073261932917757489283270450366194648360606355345943657362933996900041254922591682953327, 2085924557457346620371370126241041576586260027474685471846248059431224285782528350975114084381)
(2180123272424308688682468131413994991762389748607310146447547555852712194687442085401161859008062841383292405861089858634999434941971024550323812123043911138479712082957980907426866545683, 37, 1045159073261932917757489283270450366194648360606355345943657362933996900041254922591682953327, 2085924839766411623716181072046839647307925972379192136524932725161403649368561807751456489629)
(2180123267576648364526304456138019023251379527228001421288742927972009712626808945956526971343652634696764787768112412227223059433013282746900515441962830179897951857604805628361890070639, 38, 2085924835128208264846936929404480659078510476908806530142726605984294590326887065476510253057, 1045159073261932917757489283270450366194648360606355345943657362933996900041254922591682953327)
(2175535004697863113901542382562538518606039964820556454047802708257720162680156213030796123723628179521147330385815475427228541821831114643961409615979680189245808144545714752634642026543, 39, 1042962419883256876169444192465601618458351817556959360325703910069443225478828393565899457481, 2085918881853269267579394764759185762902303187842546465454268821405366392365756467500231426103)
(2175540924139626895183155144191087904883874575169326331484335001800648601481630982096828221285260596920516022171562590481252362679865079538723977997183008730202312041018241648225127764019, 39, 2085924557457346620371370126241041576586260027474685471846248059431224285782528350975114084381, 1042962419883257339337801141730383312742291852308590773405642572631699383309164425218418016399)
(2175540924139625929048905146549593959826286941942563106864789793401160760408406256217958406749257339028884348570914301863691841190066116180908542273568214578977595513555458614004589546151, 40, 1042962419883256876169444192465601618458351817556959360325703910069443225478828393565899457171, 2085924557457346620371370126241041576586260027474685471846248059431224285782528350975114084381)
(2175541213951999548580236669153741691158677639165300523920219024655064894156233515690405986803660269551188810993778653926414963718881169607642705809754840152401823354569862430760626028683, 40, 1042962419984938309828122561682465396091910999583414158120020183693924429384369213401653575819, 2085924835128208264846936929404480659078510476908806530142726605984294590326887065476510253057)
(2175541296501625230465539326195130161023642799586812016966663990971007193303745850677610204565362024430346430854365628620267022334145972943862965065009945967927998504654890128040414714669, 40, 2085924839766504952140106348900351045521842974832921872132573231456019452181272185733946278063, 1042962457240382543857598787637733773738755795546636672297338849612121017871237538559595380963)
(2180117045457330248651935570255620234171870327147700621985162988141543665438479808869258385379606108634216610199256988943038580735823085062351177087995201767980916238815852218599998494681, 40, 1045159073261932917757489283270450366194648360606355345943657362933996900041254922591682953327, 2085918881853269267579394764759185762902303187842546465454268821405366392365756467500231426103)


(2175541219382435358182323612725712642800970899998838078923207618533991285820117498817951227501916427355653383936861398256073956624138650421404774659476574244003019157320885570624752227591, 41, 2085924839766411623716181072046839647307925972379192136524932725161403649368561807751456489629, 1042962420269207425737376872182550470004299778611560557394229105848536640293459915015177896179)
(2175541213739899720840158145350457953128947401953583374787777829100333605326901562250494849310105129356637256145745860999699925118127798060576005538417573659784590343684934057372143321747, 44, 1042962419883256876169444192465601618458351817556959360325703910069443225478828393565899457171, 2085924835128208264846936929404480659078510476908806530142726605984294590326887065476510253057)
(2175541214544963557315289491856968705281783134467652493942637602739697486244099692039872796981007231528164646569542947339811618928821701852477280823781396885405471390796157939128163369203, 44, 2085924835128208264846936929404480659078510476908806530142726605984294590326887065476510253057, 1042962420269207425737376872182550470004299778611560557394229105848536640293459915015177896179)
(2175541218583030893585938693657565554475718732841973056571794052464341051230255950458605779649806024405274579126637029804688889927276714658564629066982120050126895507892325773837573590401, 44, 2085924839766504952140106348900351045521842974832921872132573231456019452181272185733946278063, 1042962419885923336400401109813815611101131882699004461532584280978143854723362617115247902927)
(2175541218789568686167643308751894639727367321893355808477491167210784308118176140704015818712294054581849195896698129557462301421802467308260310126097630620518712094919915977050026958597, 44, 1042962419984938309828122561682465396091910999583414158120020183693924429384369213401653575819, 2085924839766504952140106348900351045521842974832921872132573231456019452181272185733946278063)
(2175541291664055920076329112262648014110175287139693043939058005721079567893246957574241539500608234877122145154036423447127194940731020329956097830747186103772170781342533853207450353891, 44, 2085924835128208264846936929404480659078510476908806530142726605984294590326887065476510253057, 1042962457240382543857598787637733773738755795546636672297338849612121017871237538559595380963)
(2175541295462184400206123334722789736223637492479987826101371731861213929342800107586300004144153358958828535433260228235627933320501239192102807541619632590700764213263212941688705165207, 44, 2085924838769881513737811956360112188984186082436564287955527571643895710964491815617980006589, 1042962457240382543857598787637733773738755795546636672297338849612121017871237538559595380963)
(2175541213739899720840158145350457953128947401953583374787777829100333605326901562250494849956741828246381818248296309115088929432466045902306029882662821514915913345019924355090321769417, 45, 1042962419883256876169444192465601618458351817556959360325703910069443225478828393565899457481, 2085924835128208264846936929404480659078510476908806530142726605984294590326887065476510253057)
(2175541218789471348128772821789391798502155020919579196410216992244129200534592648070903352434735722017749088929434170799487845474754068455194540971559579272551808888128723041881138681151, 45, 1042962419984938309828122561682465396091910999583414158120020183693924429384369213401653575819, 2085924839766411623716181072046839647307925972379192136524932725161403649368561807751456489629)
(2175541296501527892423191847339629305629713944835250487071741455107110878420484150180883398202089977418219232586965044658311986884247266617867490360769821502380519835580754134058913532727, 45, 2085924839766411623716181072046839647307925972379192136524932725161403649368561807751456489629, 1042962457240382543857598787637733773738755795546636672297338849612121017871237538559595380963)


(2175541213745461756457792877301634212349421436675359932128676248085999129560179083806120813419661624856179235301780495236269805370458618572534242461302302734792384076772516812033340997839, 46, 2085924835128208264846936929404480659078510476908806530142726605984294590326887065476510253057, 1042962419885923336400401109813815611101131882699004461532584280978143854723362617115247902927)
(2175541217538028064927507168335978743329186742731241862528705022131893261908664936719165895317039745543089394786800162584707043485343106612138687373405453717612109300227387113246103299719, 46, 1042962419883256876169444192465601618458351817556959360325703910069443225478828393565899457171, 2085924838769881513737811956360112188984186082436564287955527571643895710964491815617980006589)
(2175541217543590100554852277179462192727328638256911395237174859567288863679897228844005323129732159159732304778195559639868733039814296929870022500864300789760746136123225728195892386003, 46, 2085924838769881513737811956360112188984186082436564287955527571643895710964491815617980006589, 1042962419885923336400401109813815611101131882699004461532584280978143854723362617115247902927)
(2175541217750127893037876249002943711523798860723268617503096463240257989552680159140663474939497537524785914680569884267555400167207634597790680645946654519117569544470045373121031071391, 46, 1042962419984938309828122561682465396091910999583414158120020183693924429384369213401653575819, 2085924838769881513737811956360112188984186082436564287955527571643895710964491815617980006589)
(2175541218343091902808144306598761600122060149065139388788601805629803793181661930780071944720104464915360715861226581653738688232488780700376937770543220912778454898252291200705577923431, 46, 2085924838769881513737811956360112188984186082436564287955527571643895710964491815617980006589, 1042962420269207425737376872182550470004299778611560557394229105848536640293459915015177896179)
(2175541218515507278647829293537963008457000794153581233497583225039135221006587088173639792088805865732763058339342273803856894716294346568860414522815327558137920837851261928930275238263, 46, 1042962419883256876169444192465601618458351817556959360325703910069443225478828393565899457171, 2085924839707095736499295003146770327385405487326460347640142358545423028469500212135843594253)
(2175541219382532696221220630076773926575207108034072734250173972831183098784659418144018467251055020121532332866100932455344505761723502186915246324613032810243620018144586169403679221277, 46, 2085924839766504952140106348900351045521842974832921872132573231456019452181272185733946278063, 1042962420269207425737376872182550470004299778611560557394229105848536640293459915015177896179)
(2175541217538028064927507168335978743329186742731241862528705022131893261908664936719165895963676445561752664045521869056341822070440792167473616639619000927219779699219849954819905342309, 47, 1042962419883256876169444192465601618458351817556959360325703910069443225478828393565899457481, 2085924838769881513737811956360112188984186082436564287955527571643895710964491815617980006589)
(2175540924944689658356814842369360354150858855496045367664453148027577700864273141433956211474502653176865653229504802056016381697388885218904848364983960145048007240975442600415463480199, 48, 1042962420269207425737376872182550470004299778611560557394229105848536640293459915015177896179, 2085924557457346620371370126241041576586260027474685471846248059431224285782528350975114084381)
(2175541218582933555547077447606477725661156320164276514440192025015374462136442445332361982951865335332699193787134409387948136962168640342510690545805441969857098131006292752627174244083, 49, 2085924839766411623716181072046839647307925972379192136524932725161403649368561807751456489629, 1042962419885923336400401109813815611101131882699004461532584280978143854723362617115247902927)


(2175541218577371519917075130855785831905519597308745518240398156454202491143432653763250254807547444586815868922176642451409502362151488881971036376746860141909211782986923762676291179559, 51, 1042962419883256876169444192465601618458351817556959360325703910069443225478828393565899457171, 2085924839766411623716181072046839647307925972379192136524932725161403649368561807751456489629)
(2175541218577426106509587749629904653750979011629983740588930259848558524591359406471135095476407395093508533705137372765926587872192823084616255459857706508641891699442206282120358399523, 51, 1042962419883256876169444192465601618458351817556959360325703910069443225478828393565899457481, 2085924839766463961740516338967171101393149899313541814558001594696349484196533384486053740683)
(2175541218577470548691102448100868650297724729484443178253221883851043082796751098941271425648655368856417740876363229329046626030169144030464151104696363658883056358816587943842054525699, 51, 1042962419883256876169444192465601618458351817556959360325703910069443225478828393565899457171, 2085924839766506573229355671327086975515633096463631817912358550423916004587448296517761237969)
(2175541218577583827947245891001056673126424280689283012225479214219247685079308848763602228622222300633774263798941840310529087535683116621344312386201229202726437446969772325053327840257, 51, 2085924839766504952140106348900351045521842974832921872132573231456019452181272185733946278063, 1042962419883311993203921154974623238247215953001097516838404754977926007288816160215608066639)
(2175541218583032584321105018030661372842224779712305254574079943759980669403101346329284953133294568922029267021471046930159691181146305682402691105680795595984476564126064157814658635263, 51, 1042962419885923336400401109813815611101131882699004461532584280978143854723362617115247902927, 2085924839766506573229355671327086975515633096463631817912358550423916004587448296517761237969)
(2175541218577371519917075130855785831905519597308745518240398156454202491143432653763250255454184144914403472274192774785929793027608540319520598699476004941944343087241084165627802964549, 52, 1042962419883256876169444192465601618458351817556959360325703910069443225478828393565899457481, 2085924839766411623716181072046839647307925972379192136524932725161403649368561807751456489629)
(2175541218577486489908384888662513699780614398423876348281700131503495432701217639901295121047738870973426969715899105610710337987873763549857015992395025704393443661993942205238444386931, 52, 2085924839766411623716181072046839647307925972379192136524932725161403649368561807751456489629, 1042962419883311993203921154974623238247215953001097516838404754977926007288816160215608066639)
(2175541218577468857955936128050342846081272446739980047472515137285731170256328588901646673129513773525271778299525824914583136378460781097922975648296203195823216847278331742527525339773, 54, 1042962419883256876169444192465601618458351817556959360325703910069443225478828393565899457171, 2085924839766504952140106348900351045521842974832921872132573231456019452181272185733946278063)
(2175541218577585518682412211140932109388014030505307445594229719378082091448159068272376794602325731461374437056768505055194117460609160212150756095651481467631314348621275683111289016191, 54, 2085924839766506573229355671327086975515633096463631817912358550423916004587448296517761237969, 1042962419883311993203921154974623238247215953001097516838404754977926007288816160215608066639)
(2175541218577468857955936128050342846081272446739980047472515137285731170256328588901646673776150473852888313462958793073691960490232103296128756009393904947189247023472709320050871539303, 55, 1042962419883256876169444192465601618458351817556959360325703910069443225478828393565899457481, 2085924839766504952140106348900351045521842974832921872132573231456019452181272185733946278063)


(2175541218577400503948497760293371047044701587213827760195370954716692420407818540156817426448153720847088134448178483310061833507968184146149505760386761321166149868849526916662287202739, 56, 1042962419883256876169444192465601618458351817556959360325703910069443225478828393565899457171, 2085924839766439413817598027933741304344328057477076921321252478896773119188723706902570074209)
(2175541218577471514825483202412129687769071698400584894785499260620177864382057048263381553724381288105884207435898068145920077804989046648013440361154607936256469809355041494479583453631, 56, 1042962419883257339337801141730383312742291852308590773405642572631699383309164425218418016399, 2085924839766506573229355671327086975515633096463631817912358550423916004587448296517761237969)
(2175541218577477553165362916881618410623027043711504720059006976764478149035644354819716825566619608817584044184652161273931576817451125610775958863694930678216451629451467447147478551763, 56, 1042962419883256876169444192465601618458351817556959360325703910069443225478828393565899457481, 2085924839766513289170531435666421542632763600362287307571469157576630293127320755479280353723)
(2175541218577477794698958105460264954082520226960713738741965083416665565112847570539663218280335971812656149529526763019352914074232677172297750216252902268006245213732972744103021321187, 56, 1042962419883256876169444192465601618458351817556959360325703910069443225478828393565899457481, 2085924839766513520754709910298812389774733617738103014111438488857758372042488771305539633227)
(2175541218577478277766148482617504409769786823070733480007888473336530479803971632406045108485780985735951392099817701417734406082264511089631895095758067381337188501955268972167911450359, 56, 2085924839766513520754709910298812389774733617738103014111438488857758372042488771305539633227, 1042962419883257107753622667097992465600321834932775066865673241350571304393996409392158736517)
(2175541218577617159583381912084977389454419793745710171244269649667012969684917320307669201492869101730195634583857373884946347241919345443878538500301376179051739581782663003036312663087, 56, 1042962419883342562315479806450215060987258246608770780114356484086832424090994249281833009719, 2085924839766475772533618545219104305633620785480142848096437490033881508870102191625277014473)
(2175541218577732371108286866452609805032753305758848358500390988286568892414663365233116424818974808847323079142265080075397051403647148435851783877096261794686348660608240358427770119793, 56, 2085924839766506573229355671327086975515633096463631817912358550423916004587448296517761237969, 1042962419883382394794177443221440769406101235249072304989081464440861997499892971398429147297)
(2175541218577477794698958105460264954082520226960713738741965083416665565112847570539663217633699271485036958095566690826721073244065255673485815841706970722101149880561453639385735020817, 57, 1042962419883256876169444192465601618458351817556959360325703910069443225478828393565899457171, 2085924839766513520754709910298812389774733617738103014111438488857758372042488771305539633227)
(2175541218577476828564577351145678780244547493963877664010132656807915900804034707659877645848511340968883331381828737029677917938078522780088031993556703883848913952618420484640870532219, 58, 1042962419883256876169444192465601618458351817556959360325703910069443225478828393565899457481, 2085924839766512594417996011769249001206853548234840187951561163733246056381816708000502513699)
(2175541218577478036232553294038804235078573869433126165224937543299833146263486047112587821526289735684759271394386775632518981170704100321159468473119755638494354145256268995432517002791, 58, 2085924839766513289170531435666421542632763600362287307571469157576630293127320755479280353723, 1042962419883257107753622667097992465600321834932775066865673241350571304393996409392158736517)


(4351082437154940131247824141887151126757476725972050281774611341093336501284689335002757274316084031338307117895950253379741294845486076926949380923026209526027362632437119080175983643793, 252, 2085924839766513752338888384931203236916703635113918720651407820138886450957656787131798912947, 2085924839766506110060998722062305281231693061712000404832419887861659846757112264865242677419)
(4351082437154953657129154702291357560489094987927755328020265313615831801608069415319755287493884129808243785011395510344319098444347145866973085264717662845207024295876174348269175960953, 252, 2085924839766513752338888384931203236916703635113918720651407820138886450957656787131798912947, 2085924839766512594417996011769249001206853548234840187951561163733246056381816708000502513699)
(4351082437154950758726012439347599038975176788937247103824768033789582808681630826680398570373627923817315285617485815015120523883305298113524995199576539773239966477356999028428526054977, 253, 2085924839766513752338888384931203236916703635113918720651407820138886450957656787131798912947, 2085924839766511204912925163974903918355033443979945948711745176046477582890808613042946834491)
(4351082437154941097382204896201737300595449458968886356506443767702086165593502197882542848387445586238558812097775297156806921216030118494161916221652549476403286318142802245407182084643, 254, 2085924839766513752338888384931203236916703635113918720651407820138886450957656787131798912947, 2085924839766506573229355671327086975515633096463631817912358550423916004587448296517761237969)
(4351082437154951241793202816504892125894163155435665141190684247093957640836037258120291357244520638925886546283626154494088281352157731723131683917428491957455898694554954427632011152589, 254, 2085924839766513752338888384931203236916703635113918720651407820138886450957656787131798912947, 2085924839766511436497103638607294765497003461355761655251714507327605661805976628869206114687)
(4351082437154955589397916210920529908165040453921427477483930166833331130225695141079326432357533391495787554738313056786598862752377114602317926997957249487629370761851071307543681689969, 254, 2085924839766513752338888384931203236916703635113918720651407820138886450957656787131798912947, 2085924839766513520754709910298812389774733617738103014111438488857758372042488771305539633227)
(4351082437154274464659484419137277352394263691151994791542069407664817792512626810830497897499582874525773734165315234207443843650670681308628674867965847603162116085273134692188997800289, 255, 2085924839766513752338888384931203236916703635113918720651407820138886450957656787131798912947, 2085924839766186987063060678627717919597009117837956792754681382467167101655586456279955013787)
(4351082437154801007896995520586742094089403174427655520390741909433384840815637080313634849986442290219993286620807717652554547455598728111776706277626314581333798469429482704239320883923, 255, 2085924839766513752338888384931203236916703635113918720651407820138886450957656787131798912947, 2085924839766439413817598027933741304344328057477076921321252478896773119188723706902570074209)
(4351082437154937715911872256100685692162544893479960094945030274571462340512657177803293343349162395576269148363603293113176564253950612303919939671652748510499297901681964386199992781661, 255, 2085924839766513752338888384931203236916703635113918720651407820138886450957656787131798912947, 2085924839766504952140106348900351045521842974832921872132573231456019452181272185733946278063)
(4351082437154944478852537536302788909028354024457812618067857260832709990674347217961792350092420882953959499594403662080374505585217215772361777170702653860366726104268094267999708498319, 255, 2085924839766513752338888384931203236916703635113918720651407820138886450957656787131798912947, 2085924839766508194318604993753822905509423218094341763692143869391812556993624407301576196277)


(4351082437154691834711970283038504450398484345785179075693677702644672773919783574897865169987886136336751927429409629005515308960323855326806205847827655603910060344458414908367246972619, 256, 2085924839766513752338888384931203236916703635113918720651407820138886450957656787131798912947, 2085924839766387075793262761013409850259104130542727243288183609361827284360752130167972823177)
(4351082437154933851374349238842340996810653961492615796017700568136463683277405726284151053880518552332229314199790359960086237015561925587356177565948144922876524888481612071994046529057, 256, 2085924839766513752338888384931203236916703635113918720651407820138886450957656787131798912947, 2085924839766503099466678551841224268386082835826396219812818581206994820859928059123872039131)
(4351082437114313214402724459223955066166081476018271733489240016561202651394992377139652697975556709358771799157020356376690367468969857252585473265010599402098045391498156162368338381507, 257, 2085924839766513752338888384931203236916703635113918720651407820138886450957656787131798912947, 2085924839747029417482925188727278947269291720859448980331720482427966923296645244807286882481)
(4351082437153650824916707509071902139982864541694308552144238031716909481173923821928910919464965313241464139749804000620776158715471615974696304685514987819651912253712643521895555133763, 257, 2085924839766513752338888384931203236916703635113918720651407820138886450957656787131798912947, 2085924839765888011888649928211134259313716685659879649654274698530817222173678024579224698929)
(4351082437154852213019175499259809307501958023259967481177860519697117049182718812942270186749676238057592184503134322513003406437188599052445754585342199704139572742869642824842429322801, 257, 2085924839766513752338888384931203236916703635113918720651407820138886450957656787131798912947, 2085924839766463961740516338967171101393149899313541814558001594696349484196533384486053740683)
(4351082437154935300575920370314220257567613060987869908115449208049588179740625020603829412040149086092522923447678637717894502808075751522207828233448404992193855213871096602608980196221, 257, 2085924839766513752338888384931203236916703635113918720651407820138886450957656787131798912947, 2085924839766503794219213975738396809811992887953843339432726575050379057605432106602649878543)
(4351082437154031964929915086176147719063107708946140033852130328868652051000598228004319227874972705934241595505827221946342125483100362210671635907662075895811721546932587903320919615301, 258, 2085924839766513752338888384931203236916703635113918720651407820138886450957656787131798912947, 2085924839766070731805466413167512654328060395178472109690077079340871486241242511497796518183)
(4351082437154743039834150261711571663811039194617491036480796312908404982286865307526500506705229737699487522760280689397477696729746246294969042301212568683660332696830125712070779326663, 258, 2085924839766513752338888384931203236916703635113918720651407820138886450957656787131798912947, 2085924839766411623716181072046839647307925972379192136524932725161403649368561807751456489629)
(4351082437153390451701094221290928290649212999046986411915399060658874949948857275826699160377252533661313596705728556771249836401633402123506997296899810344894198546433810216951625018021, 259, 2085924839766513752338888384931203236916703635113918720651407820138886450957656787131798912947, 2085924839765763188016452101352467649791877320095213824610805138002782686898117494225472847943)
(4351082437139773753738742911513394218261514141639349141469178436941106181540367848128841894692818268712496948432225497427771111338039411595561911243587249295319786682060528812773888468651, 260, 2085924839766513752338888384931203236916703635113918720651407820138886450957656787131798912947, 2085924839759235293193609163519268411941027530602077875955294985564494226142087383628891816233)


(4351009561251720498802140939244123112085943989413746690333796741259631601085245596842550902759277526922202157196423537029333503374205628518556821027616523449720761667067355146068846168771, 261, 2085924839766513752338888384931203236916703635113918720651407820138886450957656787131798912947, 2085889902791870058577573458410658551826649612433357650583432141582443320531954353016999510193)
(4351048094113756970458010013976558865165092135200932393572451892212013230455183959261188021497556709956083406333068470003534757148773422446565940272963597244273329118534740009730665597173, 261, 2085924839766513752338888384931203236916703635113918720651407820138886450957656787131798912947, 2085908375586911314617971860490591123129932442269183624452879471631663727815976698400814923959)
(4351082436695463044045544948050838742171199891681121092713667472101735523136922377940883270637408858513506771480411909534243552023809804639268340103678255804438730745095260773539156833409, 262, 2085924839766513752338888384931203236916703635113918720651407820138886450957656787131798912947, 2085924839546231113357996529389792642178145776589673608363462542391350422056170865131043946747)
(4351082435076056129855014336671957486658373485462483725057410044263786523817329873438331787724214341002194077909352646047057583337746628225270193048849944991989701804988691439410097407783, 263, 2085924839766513752338888384931203236916703635113918720651407820138886450957656787131798912947, 2085924838769881513737811956360112188984186082436564287955527571643895710964491815617980006589)
(4351081380735562834792533932199579865033710595700686329859945418321649271902667209854793053214089440106938417426634077998651469124641351622220826161666432603323969451458330483420217474841, 264, 2085924839766513752338888384931203236916703635113918720651407820138886450957656787131798912947, 2085924333315191490927977954570979354038301093396038712377129115172369606052562407719436288003)
(4351082437042764683634392561072972234338380295827503355541138865691687765795212520299410990239170838764949455297890395438829369101204585267042105625458143766291993843498864249492228518887, 264, 2085924839766513752338888384931203236916703635113918720651407820138886450957656787131798912947, 2085924839712728790056511961421736208664108136667706225854156440704814561016317170066567201021)
(4351082437154092348328712230837783583936403521248394704591656991915506070301402157990917501806046318572275238543190175958440814789149356113193095596435294147902511504723267945432017266749, 264, 2085924839766513752338888384931203236916703635113918720651407820138886450957656787131798912947, 2085924839766099679827775742216368547074312567155435427186243489481881350637244489780206501967)
(4351082427479799441680316290700915906257894803907166749575555658200667210653803124500989695710345113709423982830014705480149330821733480833366901527731531971478227181362411775012483628979, 265, 2085924839766513752338888384931203236916703635113918720651407820138886450957656787131798912947, 2085924835128208264846936929404480659078510476908806530142726605984294590326887065476510253057)
(4351082432865887025864642985285359525958501503889230083827254164268602614696472266451830926467218484116070815740124342867812221660458158855712757870196572271685188030636852836672047410907, 265, 2085924839766513752338888384931203236916703635113918720651407820138886450957656787131798912947, 2085924837710318358893860447267827934977176808223298977453595658123612484299538200581189402681)
(4351082435604169335734841547339231668503547880981834012957605052049039328648501536226839529193537243150315168331874240595521570273913808059736429244880573213711212950201290988425920377309, 265, 2085924839766513752338888384931203236916703635113918720651407820138886450957656787131798912947, 2085924839023060916855203817653750147705682192957739109426950664916169718397793873575700070447)


(4351081243350382438317559386523091340550155342727680350683332414964738876251959383894333666186380146252459640039353968236274456581326329911694953638757656723037641211180071213475775340309, 266, 2085924839766513752338888384931203236916703635113918720651407820138886450957656787131798912947, 2085924267452233354884557760810714836982707760484536836456102658373841459388473717952098599447)
(4351082423090874126955419372382576152703591499888793297914762655096884729153511583876088666158501970210001969236571404206272492322337062813693458457217093825873139524162086143405561198467, 266, 2085924839766513752338888384931203236916703635113918720651407820138886450957656787131798912947, 2085924833024141411116882306331920099090781843026040790264537328140443832542712985391380562161)
(4351082068196751570824334657051637416244203757592921397498973012857711547922884884853472732329921012618168642835920783712048494263758559256146721394474240832293432158648023387830686313741, 267, 2085924839766513752338888384931203236916703635113918720651407820138886450957656787131798912947, 2085924662886600599312819075670019956292521899337965031998254017189256237051342934464150896703)
(4351082105646947078059655141628741889283377872591881887696008407047838902074542159891898059753123018490530952461840047709207181321593943491515403398308757760723610699129567118979084832197, 267, 2085924839766513752338888384931203236916703635113918720651407820138886450957656787131798912947, 2085924680840361345278755562891702946848036816182458126459693723028277873201423169109134147751)
(4351082437031014557295658587075926016914001588307162466995166450078270442013174176347279581267746580074127564262168018217969182729948038317308644087632064945410716960749727928358736493591, 267, 2085924839766513752338888384931203236916703635113918720651407820138886450957656787131798912947, 2085924839707095736499295003146770327385405487326460347640142358545423028469500212135843594253)
(4351075142053769256595529354257182591128299427215005156969527969760733576836956722757661467798946583585987348386844485422791108008426012751851150744591660190286603957033421793333249833853, 268, 2085924839766513752338888384931203236916703635113918720651407820138886450957656787131798912947, 2085921342468314056687049446803695404824692209338323328446395577989986319839210655241033744399)
(4351082433124808624570847408593482668056012823465168028088004242656763215771691891785767544916262806036659125307179404218255601956432913800219003001073295603927517041963277287708642206077, 268, 2085924839766513752338888384931203236916703635113918720651407820138886450957656787131798912947, 2085924837834446320635371035599941795196640158562925868315315686368270619780180996423904395791)
(4351081858995101392068487141894140405243453568306096016402505308832763125112244904838728928918953486751744542546042366494163536996432164876642157055420937822291340420515496140998252156157, 269, 2085924839766513752338888384931203236916703635113918720651407820138886450957656787131798912947, 2085924562594564093255075025194959374679566669992287806043958784175858565137185279352439308431)
(4351082435219854604952105765363485356681980001547010736263954063955072583215028037843140758902145813863811710585322459343164581296127691889091634267912688958781733668790010516928626404989, 269, 2085924839766513752338888384931203236916703635113918720651407820138886450957656787131798912947, 2085924838838819028817783577202707716335018480504455692946124675288171020349106944827893743887)
(4350990025234383303430195704332009418718159948221568695961229830537757825725141581865971999362327611378531336217700429398479579864691950831959469013530998308732508517953567357308864820139, 270, 2085924839766513752338888384931203236916703635113918720651407820138886450957656787131798912947, 2085880537153681780365371542447348296150900323832778777704900295594319975020789507993733431337)


(4351081848279251858097810293099187919652573883885126213729579586802321520816812512435916810588649920404770161723767277621130683042299494034630851321620386251397312360483867617725031380807, 271, 2085924839766513752338888384931203236916703635113918720651407820138886450957656787131798912947, 2085924557457346620371370126241041576586260027474685471846248059431224285782528350975114084381)
(4351081870015760526360865716739421728203757356527627263815031531729796174013038692310916690943352766746399456820273884827356234610101812363338848568415344484234694516355906123933316805547, 271, 2085924839766513752338888384931203236916703635113918720651407820138886450957656787131798912947, 2085924567877908403746131267184733590150197243710928382410075925364751368527812387420252405801)
(4351070009395726227803084765125077037212079929641112908095605416515440325360312426061592243244129812107957086599150499864697771395521305785191691341607685246678335672092147492302960455541, 273, 2085924839766513752338888384931203236916703635113918720651407820138886450957656787131798912947, 2085918881853269267579394764759185762902303187842546465454268821405366392365756467500231426103)
(4351079659037991914887155101210803819855543735012656705233839533684989101546666265048216680693009751029541331622686754364221340445471352157882647242287217298596135163417136919069411230603, 273, 2085924839766513752338888384931203236916703635113918720651407820138886450957656787131798912947, 2085923507927076781760339585342156135350465550060740134478241839773731055097175860243698024649)
(4342068888335985594980598547498667063713879700554183599222234427477699594418839000856433767747870178466572121597059669508964832932681479132531594506009259754040837090573012835973283685597, 274, 2085924839766513752338888384931203236916703635113918720651407820138886450957656787131798912947, 2081603711484643633992388325633442208959524251990537966007615240692402465532607906109768859951)
(4342228037923355879765589163684652035011718648370179433879657327963632044439346337977615361441628919439846976977753916924844906899402053815443830469661732435776876863978553493518213445909, 274, 2085924839766513752338888384931203236916703635113918720651407820138886450957656787131798912947, 2081680008379112803389972381619352693406579032147621691488806126289598828423083097287215284247)
(2535612060162235970612746210948813489574765066259378944675347562097074201758746206866701621554332166761123264989538420571120256512380859177470877101013469249424229768469990799988009987341, 275, 2085924839766513752338888384931203236916703635113918720651407820138886450957656787131798912947, 1215581698737552586111634387721092704034356964660776266755553048388191423779079030757067325503)
(4145946746306018344320203521261349135476267901964612383303823887567883346015564003363519590816557806323040428860623307832096102822831637226376495774229644993011239016427574215997766221807, 275, 2085924839766513752338888384931203236916703635113918720651407820138886450957656787131798912947, 1987582039039379490075073508170509264887003101100579432473692976772286007386953336929982087381)
(4347323432737367526376571045683800034720999916444593063741570354958388599303457220593886225333297851759907230354775975347120128805969910677900135198597617912623073137211051041663605524879, 275, 2085924839766513752338888384931203236916703635113918720651407820138886450957656787131798912947, 2084122759295575352134747607569111011217595319643775882284446650415891690714724981542355992757)
(4350302408555293111485365035786205277777874097368710811862367804680610139789648385638287358428260410337292964435498000989428085762318071617322891721202254455892041907057694930145476855129, 275, 2085924839766513752338888384931203236916703635113918720651407820138886450957656787131798912947, 2085550891201928715407785550268904096855802113875439128390839690902346477937187921333229453507)


(2487152658224469581429092465713946859276600137609155067870261534792178465858231255345585562966385947867855734503683783398052607200021940634928167994846908288961836006810270054798153662379, 276, 2085924839766513752338888384931203236916703635113918720651407820138886450957656787131798912947, 1192350084149181007152441512253591729449433390045810417240795264190685617848019095029328905257)
(3710247394064842441646901734003455677276493797370391512478182679518008021704891381269354075007717266363496782545407922423402414976854023342129265033369213272218945474549243522622506894741, 276, 2085924839766513752338888384931203236916703635113918720651407820138886450957656787131798912947, 1778706175472816111749115721186083285805354637445915171186266769756223762308496820751403319703)
(4346307988205012750247827223015117196312866446471422663726305246095624035730634594775445017623819686474406495900292288005042347557171312547624857747218101275697951277730640341627511478793, 276, 2085924839766513752338888384931203236916703635113918720651407820138886450957656787131798912947, 2083635951471536764502361647207793520390413146973545258600829935402086128499530726528599982419)
(4071588884946733434093073921787701065632763523335206790258796054247761514786589887243431095808312677354603564332746196251813015002794469889079215652311598562572757398374973917822090998083, 277, 2085924839766513752338888384931203236916703635113918720651407820138886450957656787131798912947, 1951934608249108017455231050055082694424920267612300939149826246379454431016459037167782461489)
(2271453313896847140949071848769147067731099349425639631247737049938579413540781495620642764281318203272763674223160412033222332543258540989945330557475472028826126317336146548917647943339, 278, 2085924839766513752338888384931203236916703635113918720651407820138886450957656787131798912947, 1088943029294909955996240169138937105145100645658760514012750172914314882690854791894678896937)
(2271666185032547338374658027794870965741388664206371969459750783660895660435867619642261929940204748551848788154183751720235535793705458380649498578873735917895044296464570799861620766809, 278, 2085924839766513752338888384931203236916703635113918720651407820138886450957656787131798912947, 1089045080496200614665248034115037364752940019385672660837171565397250271500349626169736298947)
(2812010962440426285128801221069644712060714042314352316559283887009144473161365796374816187552222378531001973716976447184512270277956650266193582425893926055671441675134738079539246637069, 279, 2085924839766513752338888384931203236916703635113918720651407820138886450957656787131798912947, 1348088343756041744067864954167457467614682299711382266997688598013175416788162206056954462527)
(4252714033175143957319471165639091828331037530437670900958117428585928492889843980629623256364147237801273049045641367448763063447850875818370109364668654749004579259645168135235096773267, 279, 2085924839766513752338888384931203236916703635113918720651407820138886450957656787131798912947, 2038766666996097489424854375892681263809251221244616312223144378632754086186448418552250630561)
(2176660715246519041347518691942481641827220289006289800509264190583917448489193916601256957212968140957356391277758672529081431444985646993125896471849743397910241566984895316830323732187, 280, 2085924839766513752338888384931203236916703635113918720651407820138886450957656787131798912947, 1043499110682320525574852784770549820877763029518441807421281082878001212496771123150652964921)
(2191042343056560066279949430492454863428701354770834551086354572675845224433480316464567652967519893500307169344552216047215750485738647805065717058607388963103566694132202696936156800221, 280, 2085924839766513752338888384931203236916703635113918720651407820138886450957656787131798912947, 1050393715672810413207029309666425738727555543387893628822946882618783446206950153390380810543)


(3278829922134004339674558715035415771599108954022299072344122077073992696931650120422065445670547647244516087680711097695174118392002929816383003989737890969044711600479410805743783225773, 281, 2085924839766513752338888384931203236916703635113918720651407820138886450957656787131798912947, 1571883060993231864168188660408962485454387219911749767174786155543294354192347067050960617759)
(4348033305575366647532830657970450858497603848916026853185776690852269870850918367432501001882393325230547331492380096181397608035775991773927724921178830242658342957523756238367637896523, 281, 2085924839766513752338888384931203236916703635113918720651407820138886450957656787131798912947, 2084463074931338422187201816376552480558509375218361339941806183434982387426517094697533440009)
(2175653031115425360410304250263283378353734634377910934438851438887734567769116663722051396736023953987792475031417300077924707726400286345409750696257730106618187422248993809638017152249, 282, 2085924839766513752338888384931203236916703635113918720651407820138886450957656787131798912947, 1043016023223039646012876776901825409247418910512930023593243060567995463892291581359048098467)
(2184885485484221537068758453693701089485114679773545329144596531642297557017581824141728357118891375673426154156800650784832287008480336859338827979298974065938381785563037138952808038169, 282, 2085924839766513752338888384931203236916703635113918720651407820138886450957656787131798912947, 1047442095626410423119013373943072087720675523215108533811802393349893167161660638109917773827)
(2198426450174058767058346997244004009551235545615010041125551711739351936007377149355796066695571442244029924484327549287384727158918758074300990176324609075825499976251771907013913579933, 282, 2085924839766513752338888384931203236916703635113918720651407820138886450957656787131798912947, 1053933683641323235853221180042512930078151849296616649778717977511019465427400019476240925039)
(2176214992309202971364084773863418837004205870487231755620130773984148012329544050050724075066881603380725205485985432443344688115539297423920815968858587924583312798699319794384666361317, 283, 2085924839766513752338888384931203236916703635113918720651407820138886450957656787131798912947, 1043285429475395561966559724043397857867147918535040037551901307054735840975796846158837448711)
(4249406120984963142776131979319413966449749465967061435637057449740708938652233258996663406232590225506647326045274528282588304292298603640397680534766958441183962027912535192542243700411, 283, 2085924839766513752338888384931203236916703635113918720651407820138886450957656787131798912947, 2037180841789398727009091741281504976000287389529404947825095595436594677071866127723681284313)
(2175546868689098702766386776048874390351027294597993898613497022896974917981042179542637007444340259058678504887027810946823815356654300142147268662329206729272455006312583315850272923259, 285, 2085924839766513752338888384931203236916703635113918720651407820138886450957656787131798912947, 1042965128567440002812846885370505954822046984645145308333865036993772769814037534009469174297)
(2176968961573838056909357172421328155202965635862782435941947727559993776965399584532400960445618610937244001017381672981110958397883515729622804132200485243423584389551933464618945474267, 285, 2085924839766513752338888384931203236916703635113918720651407820138886450957656787131798912947, 1043646885099424412623816818900647447853643529862267789499196045106452087106756789526021013561)
(2179592218781961638298417967355007436779590459482351402986505718466906140446446565416521054183377653395152927726333397954570159058224146237324989984891097555217567137445009040798323300659, 285, 2085924839766513752338888384931203236916703635113918720651407820138886450957656787131798912947, 1044904484202763732119509420741747440698320078204747637400295785669707956248129190727797178497)


(2175549203477275149816595641186922134310687159150162978018830993221606658542879403203444119176853337799995992104694963681088832406778717152281902345636777801757290294279713405063992918119, 286, 2085924839766513752338888384931203236916703635113918720651407820138886450957656787131798912947, 1042966247873434128848934272975733527405390565116057380614835030200829521310745715415229399677)
(2175551857306412786097971685585657831268809049484898270255673660617256826323812848156493481296982521508896468392130374081824105018482627840763454812905814785796698815442435983765055450287, 286, 2085924839766513752338888384931203236916703635113918720651407820138886450957656787131798912947, 1042967520128832330701458852501164172226054123055028744968974645101660066148937785244011987221)
(2175541296501634408742485242315499968728281252392170176113083485667851014558246953950254419292835612912242515842356502422928040498031229280586773161985630199559639502842213268085738027961, 287, 2085924839766513752338888384931203236916703635113918720651407820138886450957656787131798912947, 1042962457240382543857598787637733773738755795546636672297338849612121017871237538559595380963)
(2180123272424415429339130424146669677511101242648105035279672766442070853461148714225821580705173820026133084551633639167339017240145726872523804647288260605492747407102225540769137024669, 287, 2085924839766513752338888384931203236916703635113918720651407820138886450957656787131798912947, 1045159073261932917757489283270450366194648360606355345943657362933996900041254922591682953327)
(2175547191778618962785848107862617500623876038040313762737401740391288824855275981641983971085071422868668998815825470271834647996676235234136244071815913940723726033118494011159939623957, 288, 2085924839766513752338888384931203236916703635113918720651407820138886450957656787131798912947, 1042965283457738109711183565566718437824672700504036517134219241373762167046752415186579095831)
(2175793821645179170794197808472014279527327586213343236298329381410765408406959188863497912428868093708960535808228384786778407504533260743311266190852206437998866843725649347569350862139, 288, 2085924839766513752338888384931203236916703635113918720651407820138886450957656787131798912947, 1043083518718116817467325325490357468283444792630214268488479600249804557809585507496779317337)
(2175541456043048961586658131820412122961197657478311553190899485938899055447704728070211701226761015322783826908475573594693156514246087897202613042044218769374378495206328792515113610783, 289, 2085924839766513752338888384931203236916703635113918720651407820138886450957656787131798912947, 1042962533725120397932104815571391630699103773942217081174879393784871742805529321630129455589)
(2175541519075573255676748671097863445518799875215006606024304919102114827461108323747410633181378645523961163967831171818603225595891904790675561663438795474666545730407128971770031220549, 289, 2085924839766513752338888384931203236916703635113918720651407820138886450957656787131798912947, 1042962563943143162906504989265748185045299171944091536658716840319068079812394446890909827367)
(2175541808081509677392179588764874446216316305079516055227499836965919987816339440649487067547849326732719646500024973484939201915665329419461638324739504426391512192062093329981425837679, 289, 2085924839766513752338888384931203236916703635113918720651407820138886450957656787131798912947, 1042962702493646475415630700460204227758276218188951973399938359193862665352814108472950915157)
(2175584558788481211027625354183846723821586531296125109699583366165291621615766296291846785624700668692021184153420580418389119013078781456820562546249543945414409233400575616950867048631, 289, 2085924839766513752338888384931203236916703635113918720651407820138886450957656787131798912947, 1042983197338981515819090030682605431913011031965596193200946423922181456793752894606290190573)


(2175541219382541874497841192506898811893869579263201560310781222119752053853276274060620340709702138426196434235633664186432150461447112613325783633022962446875770710720166595214624929513, 291, 2085924839766513752338888384931203236916703635113918720651407820138886450957656787131798912947, 1042962420269207425737376872182550470004299778611560557394229105848536640293459915015177896179)
(2175541219516582875416504421035364005311859193801791817375732706743803426395465784071040957735390710202595908033054936023122331477455931794937795677362816436764953428469302426962818483699, 291, 2085924839766513752338888384931203236916703635113918720651407820138886450957656787131798912947, 1042962420333467171996339393362424576702751202577995561544303661986745942199323369613897498817)
(2175541221908235975226860373019079646918747332545921497033981120624054256622957475818280224319582740866828651656495093509043500167597024972482146493109621323003840353412725590223973503329, 291, 2085924839766513752338888384931203236916703635113918720651407820138886450957656787131798912947, 1042962421480034418435604020004462444567558414369866579664273913796124887251310767825802494107)
(2175541230080833365299879505170021053087286145683767224027101970038169341938145120680332626970587711952809676072388337853942862521523203610660396710688993875905267834523521759773649262899, 291, 2085924839766513752338888384931203236916703635113918720651407820138886450957656787131798912947, 1042962425398007508486064307626347198913384862355677283326655755430886590036245606346457612417)
(2175541218666990869676630917605210672634711933570664699065164704029626024856203029832784338849513268454354545902115043901690726868124167963557676098338113424232238985965974297948679302721, 292, 2085924839766513752338888384931203236916703635113918720651407820138886450957656787131798912947, 1042962419926169656024972049121967872644541573583196923182759634383594285027329015236719018043)
(2175541541808930682792679095920987709794134886347891288221039932454476334989938100457932473142083597606520236735995844775529711446882088306551237196416790883232111425612914779326674623541, 292, 2085924839766513752338888384931203236916703635113918720651407820138886450957656787131798912947, 1042962574841597888466304988578567119381632808707667610215128479095939082802113267113324970103)
(2175541218789577864444261369557291929966965504119170972890782528622032184267496668545351485243099858100895625841930833593163957078256210630861391271709497544478783215515838938219645228593, 293, 2085924839766513752338888384931203236916703635113918720651407820138886450957656787131798912947, 1042962419984938309828122561682465396091910999583414158120020183693924429384369213401653575819)
(2175541219071222460718616894774930654264170542781168572484290231497922496466844794996057931821322957012730610247973294376434337078248985847557077827534679787391213356692618487316032247037, 293, 2085924839766513752338888384931203236916703635113918720651407820138886450957656787131798912947, 1042962420119959759740901383047637967439021690918060982599114344922286655453308460654634467471)
(2175541219662848374654851992022686770598839417307235656316378071877357298346809312008309027600019633458223838221438884685206754923054692712531398394642096140022808371009587240030965816801, 293, 2085924839766513752338888384931203236916703635113918720651407820138886450957656787131798912947, 1042962420403587387475780961825076458094462338936700266158275618352120271346995323529953542683)
(2175541218581040656761584829075427525066466336042948331056996309833240119937482655468907798079477198356336019781131796979045551129517301186217596821106245965845471955090139760844618058589, 295, 2085924839766513752338888384931203236916703635113918720651407820138886450957656787131798912947, 1042962419884964809485694606348099290487229964197795092599522108389025224842945112228088512687)


(2175541218613012458756696984518385258179133033840751394221573859881506259327147504772962117846107732630229060998451451937816857924923100858496872278372041756542353049442872668859209331071, 296, 2085924839766513752338888384931203236916703635113918720651407820138886450957656787131798912947, 1042962419900292208338038151136317381772829982560332440469712949850928225238072573198526841093)
(2175541218577656771092992842237353657566969014624596582813922112687540878320430419019940502550425230878071027772754201260426721578472018108226031611749804647150601775811238969545485931893, 297, 2085924839766513752338888384931203236916703635113918720651407820138886450957656787131798912947, 1042962419883342562315479806450215060987258246608770780114356484086832424090994249281833009719)
(2175541218577694933401032637663507524166891967999621534721302963733152618518538502771470611417277067452221039923542939317688667899525083761671999159253429689161170973275827426828115485609, 297, 2085924839766513752338888384931203236916703635113918720651407820138886450957656787131798912947, 1042962419883360857465579302409091985202889619298211596771933655295950658389267499556316119347)
(2175541218583040071862555883111514282751037272995204988584203176640670407025702385185149859470871206478775975477317154143328196462498509042842131589843898908302638915845366173199979495869, 297, 2085924839766513752338888384931203236916703635113918720651407820138886450957656787131798912947, 1042962419885923336400401109813815611101131882699004461532584280978143854723362617115247902927)
(2175541218577739858649737713291764607632624052352499009751510801040012008878336626681499727252667274098844888557731991914718505138848745475863026036159004656038905076753478776144743354259, 298, 2085924839766513752338888384931203236916703635113918720651407820138886450957656787131798912947, 1042962419883382394794177443221440769406101235249072304989081464440861997499892971398429147297)
(2175541218577769325748350719886642909690792408755999289072399812606876770297128944514959685572261180209149765938958114107553990174290685563393024442288310336314016692146688255306999239377, 298, 2085924839766513752338888384931203236916703635113918720651407820138886450957656787131798912947, 1042962419883396521429064395797282445066272295173830403927210672589674811325141936800245219691)
(2175541218577963035691691959961170764204325374621632272804801347661184464214107951911966949358840539929790701201688714076147515213472525641432081933221501533608972668649093874911981588679, 298, 2085924839766513752338888384931203236916703635113918720651407820138886450957656787131798912947, 1042962419883489386684632723386012148996249262875928726454912516322034456307516283130216448157)
(2175541218598454745907490972333917867605992237514777334970569719241564454134929632163957343293007524040617482762571454603789765166271770597309815664094128212516557194825939810239278739471, 298, 2085924839766513752338888384931203236916703635113918720651407820138886450957656787131798912947, 1042962419893313187535526629405747911364386344978200151953945461775142037734747633048868618293)
(2175541218577577548073770988441287402853204908884038454803663130770068404997775662877523565781586348833182879430167492449859682885790102013308620893609052603664643583233956148148174833139, 300, 2085924839766513752338888384931203236916703635113918720651407820138886450957656787131798912947, 1042962419883304582510209966738116129704175396974994907559386153981827482003439653775311110337)
(2175541218577593006223863057474666184260768636833415650512981956510063033938781468954092724853482579835321109927941158012731649829532735434953014970335555713876558485730361218624535875133, 300, 2085924839766513752338888384931203236916703635113918720651407820138886450957656787131798912947, 1042962419883311993203921154974623238247215953001097516838404754977926007288816160215608066639)


(2175541218577478036232553294038911497542013410209922757424923190068852981190050786259609610572695517174892476901945911008671197473840094440807959997226494189740975704567807040435183892937, 301, 1042962419883256876169444192465601618458351817556959360325703910069443225478828393565899457171, 2085924839766513752338888384931203236916703635113918720651407820138886450957656787131798912947)
(2175541218577495909718597248858755713544508970651390139963823082330721770903088749535642698896883165650994372509500284424658834263587804421840606949869230161316292650625487782548829354629, 301, 2085924839766513752338888384931203236916703635113918720651407820138886450957656787131798912947, 1042962419883265444784047753864062962711242460462140502304569167471182145340044979137492812007)
(2175541218577578514208151742755873576691177641880874529535495557378818069306588525757309137837944508518982288872626356383382982394798432060475672042975438299876255643843182944061623367187, 301, 2085924839766513752338888384931203236916703635113918720651407820138886450957656787131798912947, 1042962419883305045678566916002897823988115431726626320639324816544083639833775685427829669921)
(2175541218599746467574559490935632288975536254284609251430524095139865635017727302437267628948345740397710357758631373604685779408318812633706672942169000963586929129608340666215382901767, 301, 2085924839766513752338888384931203236916703635113918720651407820138886450957656787131798912947, 1042962419893932443628767796418873168992212807909399439831937307511625056894021952466182996061)
(2175541218577484799173218574241014714407822541187775280547750176330100631351740826418108616114461296847070906785546570255496074341085404083632614401065495139609808155543627534318725752123, 303, 2085924839766513752338888384931203236916703635113918720651407820138886450957656787131798912947, 1042962419883260118347942837319073478445932060818379251885274548005236330291180615133529374809)
(2175541218578011342410729675690479456102962024463436009396422678098667679654751095901245568555430366066427156689583509232120306933845970914274433956394990074725988618631526229469472750923, 303, 2085924839766513752338888384931203236916703635113918720651407820138886450957656787131798912947, 1042962419883512545102480186625096863193251000457499380451845644434842347824317865756144435209)
(2175541218577478036232553294038911497542013410209922757424923190068852981190050786259609611219332217502511740127001310337344200918018221326122763399162918432795775501441411051292846906507, 304, 2085924839766513752338888384931203236916703635113918720651407820138886450957656787131798912947, 1042962419883256876169444192465601618458351817556959360325703910069443225478828393565899457481)
(2175541218577478519299743671196204584460999776708340794790839403373227813344457217699502395670552118481927048080031123296116203563494438203583736161381799255903424607757493377609592985599, 304, 2085924839766513752338888384931203236916703635113918720651407820138886450957656787131798912947, 1042962419883257107753622667097992465600321834932775066865673241350571304393996409392158736517)
(2175541218577479002366934048353497671379986143206758832156755616677602645498863649139395181886464433903812990511760509906686144640501930387419946594691695916509011224251217617428219417853, 304, 2085924839766513752338888384931203236916703635113918720651407820138886450957656787131798912947, 1042962419883257339337801141730383312742291852308590773405642572631699383309164425218418016399)
(2175541218577513300137450826521306842628018164594439485136806761288215728461720281371783001464061963453843351199880715914941242098002821944099162012511789902841042190873937453839609232407, 304, 2085924839766513752338888384931203236916703635113918720651407820138886450957656787131798912947, 1042962419883273781814472840630133459822163085991505937743465093591792986286093548882826887181)