(533996758980231789158333070967537605723567366262804599459008980084302526672405292689034529734681, 4, 730750818665457138176531438825860215058326355993, 730750818665451621361119245571504901405976559617)
(533996758980232974869326861096699814444823752949003375202061533600669513751708879604539354780777, 4, 730750818665453892990994854558592383498120593617, 730750818665456489139424121972406648746285203481)
(2135987035920885419606350871728987686538321270732340269141233170972216362878280751233996622400461, 4, 1461501637330902269166577515862829453343891390517, 1461501637330886692276001911379943861854903730233)
(533996758980227639169854805554172142387364779704806079834860185817569004691964268639000230625579, 5, 730750818665451459101842416358141509827966271787, 730750818665451621361119245571504901405976559617)
(533996758980227639169854805554172142387364779735497614218809153914736013005967474498051246129493, 5, 730750818665451459101842416358141509827966271829, 730750818665451621361119245571504901405976559617)
(533996758980227876312053563577740369860742077867401277576507316386023964047907228981690819039273, 5, 730750818665451459101842416358141509827966271787, 730750818665451945879672903998231684561997136379)
(533996758980230366305140522825206758331203704408640436652063582572548465474613863761340652349073, 5, 730750818665451459101842416358141509827966271829, 730750818665455353324486317478862907700213186637)
(533996758980241393417382770979893594594302961780462185501685060642789137404644110297289409437589, 5, 730750818665466549214587533200936926582923067497, 730750818665455353324486317478862907700213186637)
(2135987035920886131032947145791793947083311375117271277379729022143917038414400515639160988503331, 5, 1461501637330902755944408003502919628077922254907, 1461501637330886692276001911379943861854903730233)
(2135987035920908896684027916051816289527486590742862453871143382041044554451942536139188356516919, 5, 1461501637330902755944408003502919628077922254907, 1461501637330902269166577515862829453343891390517)


(533996758980227520598755426542388028650676131056843716432649335780734077914370703795638935588423, 6, 730750818665451459101842416358141509827966271787, 730750818665451459101842416358141509827966271829)
(533996758980233449153724377145415953766606706335142712611173916197958675023353008044749625496681, 6, 730750818665453892990994854558592383498120593617, 730750818665457138176531438825860215058326355993)
(533996758980229299165246111719149734701005864437340768979723998656832887936982077378315864315493, 7, 730750818665451459101842416358141509827966271829, 730750818665453892990994854558592383498120593617)
(533996758980231670587233691954832009434778842200543918930618789305699066222856723160445554269491, 7, 730750818665451459101842416358141509827966271787, 730750818665457138176531438825860215058326355993)
(533996758980231670587233691954832009434778842231235453314567989109113386653542852192895261221197, 7, 730750818665451459101842416358141509827966271829, 730750818665457138176531438825860215058326355993)
(2135987035920903679555655239533894502717363103865323808661577735359558399447870723778886634574389, 7, 1461501637330902755944408003502919628077922254907, 1461501637330898699462487273168834838627665051727)
(533996758980238547710997674638310606162720478251227205834786981658604663214485378669132847807139, 8, 730750818665451459101842416358141509827966271787, 730750818665466549214587533200936926582923067497)
(2135987035920902968129058965465243409984768075618658349886638092441927863218205153994322762272859, 8, 1461501637330902269166577515862829453343891390517, 1461501637330898699462487273168834838627665051727)
(533996758981844118967688873206994714663715184592823066121247248557797242198616057323164570495799, 10, 730750818665451459101842416358141509827966271787, 730750818667663702082131911354622284420234608677)
(533996758981844118967688873206994714663715184623514600505289124045246782475510193268814424060233, 10, 730750818665451459101842416358141509827966271829, 730750818667663702082131911354622284420234608677)


(533996758980229299165246111719149734701005864406649234595774935151211104045521197271394799383579, 11, 730750818665451459101842416358141509827966271787, 730750818665453892990994854558592383498120593617)
(533996758981848268956167151182931810777518875862090710595231420434259410025573586953273748751261, 11, 730750818665457138176531438825860215058326355993, 730750818667663702082131911354622284420234608677)
(533996759076438126343575031372603911344097715376078612361984199632529474997932794702175632643993, 12, 730750818665451459101842416358141509827966271787, 730750818797111394728772236041245564201928228939)
(533996758981845897534179563768110612998202480871124079064982098047676646550181781251594939014709, 13, 730750818665453892990994854558592383498120593617, 730750818667663702082131911354622284420234608677)
(533996759076439904910066036995054750490677794498646673650250749266071145040338145892124158082363, 13, 730750818665453892990994854558592383498120593617, 730750818797111394728772236041245564201928228939)
(533996759076442276332054044491655869352784566615302702964924352848151948656905564703132118681427, 13, 730750818797111394728772236041245564201928228939, 730750818665457138176531438825860215058326355993)
(533996759076438126343575031372603911344097715406770146751462878211137908911665108398656618259431, 14, 730750818665451459101842416358141509827966271829, 730750818797111394728772236041245564201928228939)
(533996761661553218250005564712168696509388567471738836968600927042304164748721518404528041380233, 14, 730750822203066505721683859375085702540160925947, 730750818797111394728772236041245564201928228939)
(2135985435211756178116955013866138498617311977754391015938148030574408509282973515825998251164043, 14, 1461500542081259091657484217865997332050035605509, 1461501637330898699462487273168834838627665051727)
(2135985435211761395241417973251235027297543127910606793489933694032321117158553171174850075558153, 14, 1461500542081259091657484217865997332050035605509, 1461501637330902269166577515862829453343891390517)


(533996761565344390605923085910775332673631266612342469478810246101214962375775706916428017880299, 17, 730750822203066505721683859375085702540160925947, 730750818665453892990994854558592383498120593617)
(2135983037323172173857153024761544507294409497668267213988216723698831111400118601430483513376793, 17, 1461500542081259091657484217865997332050035605509, 1461499996627720724905326919173966260222371561477)
(2135985435211762106667481104076475463026665557491314177421407394015130640312125825982898391482663, 17, 1461500542081259091657484217865997332050035605509, 1461501637330902755944408003502919628077922254907)
(533996761565342612039423790571126156432436967971039615064702511802941231839280551518351382357289, 18, 730750818665451459101842416358141509827966271787, 730750822203066505721683859375085702540160925947)
(2135962952777512850864183589272344846559674830905811729238814231982029802688049589234906276299497, 18, 1461500542081259091657484217865997332050035605509, 1461486254213618899483710113400923270815294685333)
(2135974473558283412061313418397190393085772406715893971365903345179693216670300478981378106460413, 18, 1461501637330902755944408003502919628077922254907, 1461493041813590070396630381543472621813466398759)
(2135972872858550147891999387679913830023711464364044353598358612752171140338942663900132211163331, 19, 1461500542081259091657484217865997332050035605509, 1461493041813590070396630381543472621813466398759)
(533996761565342612039423790571126156432436968001731149597231305043251953933034151025038141247063, 20, 730750818665451459101842416358141509827966271829, 730750822203066505721683859375085702540160925947)
(2133042358508479079625933087859262100618848402277105774390943569109823540670654249557498544522809, 20, 1461501637330902755944408003502919628077922254907, 1459486807284041976636621795620052265003133173787)
(2135972075681999192281633046007133650455858388991783739002681919106834348818431485858110765007043, 20, 1461493041813590070396630381543472621813466398759, 1461499996627720724905326919173966260222371561477)


(2133677618335280271460882824767173721994896318355372700005729717784601473143471570807538285806043, 21, 1461500542081259091657484217865997332050035605509, 1459922563762311824061774299981872196637406789727)
(2133039159728373395582221884223322658359248872333192399235902849022730883017899323066735633893731, 22, 1461499445615232755027119772669664993510816743513, 1459486807284041976636621795620052265003133173787)
(2135964553469811998583736953416977035428252790241868079189401044412343799654667002308840380179031, 23, 1461501637330902755944408003502919628077922254907, 1461486254213618899483710113400923270815294685333)
(2133679217314948009585113830010780480977930094963864586183931944264033389540653101676559842940389, 24, 1459922563762311824061774299981872196637406789727, 1461501637330902755944408003502919628077922254907)
(2135983832724869337973460489310603110929271715119140864871970076000143432693373736313783624668291, 24, 1461499445615232755027119772669664993510816743513, 1461501637330902755944408003502919628077922254907)
(534007889063255922170229602525619699687969182679464267337209993989678780266522105296290641366593, 25, 730750818665451459101842416358141509827966271787, 730766049689138477491930670589738849042455068739)
(534007889063255922170229602525619699687969182710156441424153810044339868431291136956073754253631, 25, 730750818665451459101842416358141509827966271829, 730766049689138477491930670589738849042455068739)
(534007891648424895109468586025713519643982332684513705689770955472915048318116654022201773670833, 25, 730750822203066505721683859375085702540160925947, 730766049689138477491930670589738849042455068739)
(2135961350307487147651063406299881040266150429456300886867042893856867690387910071344259103994829, 25, 1461499445615232755027119772669664993510816743513, 1461486254213618899483710113400923270815294685333)
(2135982232018122312336899341794481619956905105777988335910344557578092364730680578818808502813117, 25, 1461500542081259091657484217865997332050035605509, 1461499445615232755027119772669664993510816743513)


(2133029813464359433487484370933092422690611055397533134651130043859648417476529256459196988130333, 26, 1459486807284041976636621795620052265003133173787, 1461493041813590070396630381543472621813466398759)
(2133676017579788023812963821869918811262187495077703240413024435843266954043960052080421682290951, 26, 1461499445615232755027119772669664993510816743513, 1459922563762311824061774299981872196637406789727)
(2135971270381082071910126806998968090079590032296687017982667664579767169494908058031319884500367, 26, 1461499445615232755027119772669664993510816743513, 1461493041813590070396630381543472621813466398759)
(2133040760006073469051157063147944652667546392511085539916539314932417079100893034416597471592583, 27, 1461500542081259091657484217865997332050035605509, 1459486807284041976636621795620052265003133173787)
(2133666668525276010363307877325369754174373709256138305214591063703077485424348575014757846748793, 28, 1459922563762311824061774299981872196637406789727, 1461493041813590070396630381543472621813466398759)
(1066543408732372292308177936300097945323764741146065206345910431119851014630343014106498317944593, 29, 1459486807284041976636621795620052265003133173787, 730766049689138477491930670589738849042455068739)
(1068014176495109517413135435271525695615419767330334190000480790831106459918888550322876547340107, 29, 1461499445615232755027119772669664993510816743513, 730766049689138477491930670589738849042455068739)
(2133019907051748387996422663672918055227136441673883377950907029559701069231905712671765768966071, 29, 1459486807284041976636621795620052265003133173787, 1461486254213618899483710113400923270815294685333)
(2133656759154924305530291244698771085477771936117052433035407186514153383770267316617592161974091, 29, 1459922563762311824061774299981872196637406789727, 1461486254213618899483710113400923270815294685333)
(1066521184417342148011783190709128992652726122312621530409137099352079263187011931482938788551289, 30, 1459486807284041976636621795620052265003133173787, 730750822203066505721683859375085702540160925947)


(1066521179446395597315973783874404756054307125778406291968805379681583448478653003936767009621993, 32, 1459486807284041976636621795620052265003133173787, 730750818797111394728772236041245564201928228939)
(1067982276734909674957260397042596363962343417012038329765023484448236373883779458759859183319461, 32, 1461486254213618899483710113400923270815294685333, 730750818665453892990994854558592383498120593617)
(2130737721467389681785716312678466727559206220204071723170992276744153240203293514152228457286149, 32, 1459922563762311824061774299981872196637406789727, 1459486807284041976636621795620052265003133173787)
(1066861844772623999622881583361201440570844128812211331988320427110032168170540034139565104044253, 33, 1459922563762311824061774299981872196637406789727, 730766049689138477491930670589738849042455068739)
(1066839608657474123235546626367316264041450132027862323274637169229304238885097967855755526700683, 34, 730750818665451459101842416358141509827966271829, 1459922563762311824061774299981872196637406789727)
(1066839613822118151700915811527381940421120944591038119142036030453942512727594694709841047346469, 34, 1459922563762311824061774299981872196637406789727, 730750822203066505721683859375085702540160925947)
(1067991916362434787557651810567257703324444084851103547435660130025207894791754198028289130395277, 34, 730750818665451459101842416358141509827966271829, 1461499445615232755027119772669664993510816743513)
(1066521179254243210449711865064828583012920300123236267104544849332033238941959555312685663917579, 35, 1459486807284041976636621795620052265003133173787, 730750818665453892990994854558592383498120593617)
(1067991916362438344685298787925942139118690889746466751330352071387279162553358950668198393956521, 35, 1461499445615232755027119772669664993510816743513, 730750818665453892990994854558592383498120593617)
(1068015778126511725766888451150631062685434695707766241075283035956871456207579285823374565052273, 35, 1461501637330902755944408003502919628077922254907, 730766049689138477491930670589738849042455068739)


(1066521179254239658220603489772701938461149882135842823629540049838186113812764534357283146047369, 36, 730750818665451459101842416358141509827966271787, 1459486807284041976636621795620052265003133173787)
(1066839608657474123235546626367316264041450131966545575596620072618709718285859335596984441532149, 36, 730750818665451459101842416358141509827966271787, 1459922563762311824061774299981872196637406789727)
(1067991916362434787557651810567257703324444084789720570719820354314068864339628268300834827167731, 36, 730750818665451459101842416358141509827966271787, 1461499445615232755027119772669664993510816743513)
(1067991921532657216992655856881838571076896131789316261254017061462823586554022069662213285631811, 36, 1461499445615232755027119772669664993510816743513, 730750822203066505721683859375085702540160925947)
(1067982276734906117861719828977330706302778557564211766089951789065823035916268849384161697384057, 37, 730750818665451459101842416358141509827966271829, 1461486254213618899483710113400923270815294685333)
(1066521179254239658220603489772701938461149882197141269535469812856924229228806729487414739346423, 38, 730750818665451459101842416358141509827966271829, 1459486807284041976636621795620052265003133173787)
(1068014977755256201779378845570332788303038710212421288430777255488465438054870588560282082083151, 38, 1461500542081259091657484217865997332050035605509, 730766049689138477491930670589738849042455068739)
(1067987236779141824601058736998801476033614848328674641576436026015901495664545972462486313512333, 40, 730750818665451459101842416358141509827966271787, 1461493041813590070396630381543472621813466398759)
(1067987241949341599851016053307079127475664286212378037089606528432146558645537204085432971699773, 40, 730750822203066505721683859375085702540160925947, 1461493041813590070396630381543472621813466398759)
(1067993523130685105507747628119609034448794315634399841734459929034346511616706384792443284371929, 40, 1461501637330902755944408003502919628077922254907, 730750822203066505721683859375085702540160925947)


(1067982276734906117861719828977330706302778557502829343412979795287507211153430072009919320600071, 41, 730750818665451459101842416358141509827966271787, 1461486254213618899483710113400923270815294685333)
(1067982281905081881195888694662063309017924847341613266798915903477772146640286827605141280035351, 41, 730750822203066505721683859375085702540160925947, 1461486254213618899483710113400923270815294685333)
(1068009496814280099949845477970939259449360504663442208650742269900691932310162955186180129294901, 41, 730766049689138477491930670589738849042455068739, 1461493041813590070396630381543472621813466398759)
(1067987236779141824601058736998801476033614848390057349332606808972559971689371822578651902260211, 42, 730750818665451459101842416358141509827966271829, 1461493041813590070396630381543472621813466398759)
(1067992717605884729035066727968646649447131998463011402855718122029884262802622233309129115436053, 42, 1461500542081259091657484217865997332050035605509, 730750818665453892990994854558592383498120593617)
(1068004536666662297271597053572945815223452138676010265598587628387414724962628650155353890105087, 42, 730766049689138477491930670589738849042455068739, 1461486254213618899483710113400923270815294685333)
(1067992717605881171904751073842444470801519850796237571015513594964349090329050527060993303905961, 43, 1461500542081259091657484217865997332050035605509, 730750818665451459101842416358141509827966271829)
(1067992717798302239193892681881990476579665174915823560455621576153331306183063004028322841624951, 43, 1461500542081259091657484217865997332050035605509, 730750818797111394728772236041245564201928228939)
(1067992722776107480214467996087947523895660110515709554289352822233287682695117184724060254242023, 43, 1461500542081259091657484217865997332050035605509, 730750822203066505721683859375085702540160925947)
(1067992717605881171904751073842444470801519850734854548248100713114734753178678639114891808474583, 45, 730750818665451459101842416358141509827966271787, 1461500542081259091657484217865997332050035605509)


(1067993515080543383914741787599217488362589275649008574718933139542929130439953627905260393595583, 46, 730750818667663702082131911354622284420234608677, 1461501633385447394421570479467610190726414991379)
(1067993518152876134116050662370377766745090091745726824393658252495641970017226400168303812153673, 46, 1461501637330902755944408003502919628077922254907, 730750818797111394728772236041245564201928228939)
(1067993496641865662328267631550497687311744363391681375034821577486485472475947499295049879913943, 47, 1461501600011148526582650317910977319346838175757, 730750822738557978558267214720602675231257002099)
(1067993517936901248019168299205934605311314935009456295110358931286522792873324786011241613102759, 47, 730750818665451459101842416358141509827966271829, 1461501637298670599639392085718636222646226780171)
(1067993517963685155086793882774721872214319055143334240539347759094364476690148151186724808035179, 47, 1461501637330898699462487273168834838627665051727, 730750818667663702082131911354622284420234608677)
(1067993517963687763650980228931025189771567089762301979635597890766893585676034508430300883716009, 47, 1461501637330902269166577515862829453343891390517, 730750818667663702082131911354622284420234608677)
(1067993518152873169838565652999626368167456626446449115802922855124998795927855558172138933327653, 47, 730750818797111394728772236041245564201928228939, 1461501637330898699462487273168834838627665051727)
(1067993518152875778402752461245887598915774075903675192484874269095443102343755436389467829571463, 49, 730750818797111394728772236041245564201928228939, 1461501637330902269166577515862829453343891390517)
(1067993517960476976850895970262388587807458352621435484516777841085970691593633806854671600457779, 50, 1461501637330902755944408003502919628077922254907, 730750818665466549214587533200936926582923067497)
(1067993517963688119364278367043248369438464549035500201872368789514840632418858588042072588028039, 50, 1461501637330902755944408003502919628077922254907, 730750818667663702082131911354622284420234608677)


(1067993517960463222603368004896958422580769159727188722109859763179037857698919876788482973107651, 51, 1461501637330902755944408003502919628077922254907, 730750818665457138176531438825860215058326355993)
(1067993517960451958348926998778389100147447390366186003749958442305062121941378444358398695726149, 53, 730750818665451459101842416358141509827966271787, 1461501637330898699462487273168834838627665051727)
(1067993517960451958348926998778389100147447390427569072517856187682486587414469507580760627898683, 53, 730750818665451459101842416358141509827966271829, 1461501637330898699462487273168834838627665051727)
(1067993517960454566913113337037639602354597666129757669698770214565560138248262522210451214845593, 53, 730750818665451459101842416358141509827966271829, 1461501637330902269166577515862829453343891390517)
(1067993517960458479759392844426120434571565990072888943578592126330953691166050067727250031128619, 53, 1461501637330902755944408003502919628077922254907, 730750818665453892990994854558592383498120593617)
(1067993517960454922626411474072991943564663612762012031088258066409558982098257568783585056408809, 54, 730750818665451459101842416358141509827966271787, 1461501637330902755944408003502919628077922254907)
(1067993517960455515481908369121644563810422531424133101144948812957716330309446112645898251026559, 54, 730750818665453892990994854558592383498120593617, 1461501637330898699462487273168834838627665051727)
(1067993517960458124046094707389583330080228775028899935609765116025040851084965417096103604529989, 54, 730750818665453892990994854558592383498120593617, 1461501637330902269166577515862829453343891390517)
(1067993517960462866890069867858841633714403586882730943725777766484349181406999974650222326318381, 54, 1461501637330902269166577515862829453343891390517, 730750818665457138176531438825860215058326355993)
(1067993517960454566913113337037639602354597666068374600930872319260563882582023685170007776443879, 55, 730750818665451459101842416358141509827966271787, 1461501637330902269166577515862829453343891390517)


(1067993517960433224115225114862789860999676699580566485416487512481577903420702611379788531669303, 56, 730750818665453081694610708491775425608069152829, 1461501637330869817311211673190151137741833765507)
(1067993517960448164073746870394346849323285851782594352797936722070151827861261958758209989776623, 56, 730750818665452108138949733211595076140007424489, 1461501637330892209091414104634299175507253526807)
(1067993517960455871195206506167159541166504247024340558141160338827367550599293702243904412217523, 56, 1461501637330902755944408003502919628077922254907, 730750818665452108138949733211595076140007424489)
(1067993517960467372591846270041777542162150920565025673924049533556936076508987794074800081608207, 56, 1461501637330886692276001911379943861854903730233, 730750818665468009548078996121207450785015660679)
(1067993517960469269729436334337267994138589126117825331636053088615742910295763372102008159892079, 56, 730750818665466549214587533200936926582923067497, 1461501637330892209091414104634299175507253526807)
(1067993517960453262631020167879053471042169301934543661039306640601153245606185484228653417029263, 57, 730750818665454704287379000625409341388172034313, 1461501637330893993943459225981296482865366696151)
(1067993517960453025488821409884446123777645230539172897373962451745755908892864463850754940123431, 58, 730750818665451459101842416358141509827966271829, 1461501637330900159795978736089105362829757644939)
(1067993517960454922626411474072991943564663612823395099856155982159224118245380193162857791114903, 58, 730750818665451459101842416358141509827966271829, 1461501637330902755944408003502919628077922254907)
(1067993517960455041197510853084723401155517982679244281567522227201497690704490679170912823017599, 58, 730750818665451621361119245571504901405976559617, 1461501637330902593685131174289556236499911966847)
(1067993517960455278339709611108028347899723888190779037903434791445105794867611488010946396317943, 58, 1461501637330902269166577515862829453343891390517, 730750818665451945879672903998231684561997136379)


(2135987035920907710973034125933869839868931544480913993921668236820660961397387050711345468010691, 103, 1461501637330902918203684832716283019655932542929, 1461501637330901295610916540582649103875829661779)
(2135987035920908659541829158028142749762440735894864399706312471665229210972705907181922346324553, 103, 1461501637330902918203684832716283019655932542929, 1461501637330901944648023857436102670187870814457)
(2135987035920894431009903676614049101359802868368592439010524302869991245787956269656219179797703, 104, 1461501637330902918203684832716283019655932542929, 1461501637330892209091414104634299175507253526807)
(2135987035920906050977642819768892247555290460012911101133698687000243319176771118198616557086331, 104, 1461501637330902918203684832716283019655932542929, 1461501637330900159795978736089105362829757644939)
(2135987035920906525262040335816028702502045055610273681226203085557251081510709319959710055523587, 104, 1461501637330902918203684832716283019655932542929, 1461501637330900484314532394515832145985778221203)
(2135987035920909845252822948145983887129327224581355506098083855234974801937131977456910258402603, 104, 1461501637330902918203684832716283019655932542929, 1461501637330902755944408003502919628077922254907)
(2135987035920897039574090014873299603566953143996244452687560979767535976691257813219392706566279, 105, 1461501637330902918203684832716283019655932542929, 1461501637330893993943459225981296482865366696151)
(2135987035920898936711680079061845423353971526049549396471470902808719514502265525742902215441633, 105, 1461501637330902918203684832716283019655932542929, 1461501637330895292017673859688203615489449000977)
(2135987035920909133826226674075279204709195331194080645783312674908685267432522372933205606004293, 105, 1461501637330902918203684832716283019655932542929, 1461501637330902269166577515862829453343891390517)
(2135987035920909608110624190122415659655949926887902333939656666067136228725735253991590652274863, 105, 1461501637330902918203684832716283019655932542929, 1461501637330902593685131174289556236499911966847)


(2135987035920886368175145903812729367264974743087739436627491876435342390497406500027219507672457, 107, 1461501637330902918203684832716283019655932542929, 1461501637330886692276001911379943861854903730233)
(2135987035920903916697853997556778200294894779789703451421487223456819952688858417801953433088383, 107, 1461501637330902918203684832716283019655932542929, 1461501637330898699462487273168834838627665051727)
(2135987035909100163754673374448255712939897141480696467118260684517154562918760320987853270018317, 108, 1461501637330902918203684832716283019655932542929, 1461501637322822243958313178006019043165573480573)
(2135987035918417717886074878467481369407304719619824174656982396156043222677305083300977657773093, 108, 1461501637330902918203684832716283019655932542929, 1461501637329197573204209800267037534767804317717)
(2135987035920851982556325990395336383625266563190929401615406402011378956901847476613242777759093, 108, 1461501637330902918203684832716283019655932542929, 1461501637330863164680861675442252083043411951717)
(2135987035914767862304990137728892326657314390252741053535489877996866554799912385065944086472691, 109, 1461501637330902918203684832716283019655932542929, 1461501637326700240674531377391077757611459739779)
(2135987035862593970014038614459597681444649690742876581308045910195415724740739210826793770543937, 110, 1461501637330902918203684832716283019655932542929, 1461501637291001414920059316097933287989958410353)
(2135987035886592049101754325493513304807054432265830587243707784755428416299744398637433610039021, 110, 1461501637330902918203684832716283019655932542929, 1461501637307421566957345220833070807897086099549)
(2135987035891636537953735002836848118488933081463827140457946944647668293234233885222518506122801, 110, 1461501637330902918203684832716283019655932542929, 1461501637310873146294056247499136455331935158369)
(2135987035920251538509070674720584421033948551629686472779059380132213889596458658768243272972879, 110, 1461501637330902918203684832716283019655932542929, 1461501637330452324191930107206144607521362411551)


(2135987035677085927902593307860133219952791778426447830269168099087618347546123846201804117241393, 111, 1461501637330902918203684832716283019655932542929, 1461501637164071661731254724384420515771915960417)
(2135987035911768013490701139590814788434497310728562640557119150863224366151348474616912428399559, 111, 1461501637330902918203684832716283019655932542929, 1461501637324647660822641828344174295781314920471)
(2135986977732864448713610560047820134170527450911976806619330006611660629679026690570929758519371, 112, 1461501637330902918203684832716283019655932542929, 1461501597517026458955570257559265925513821028699)
(2135987013407315310404873584788975299484020659713026054425496617999422783456704200094140413766841, 112, 1461501637330902918203684832716283019655932542929, 1461501621926476267607481368153431774928803201129)
(2135986934940729219486543578746464621189501499198502323413878013404103918021928191517703886858791, 114, 1461501637330902918203684832716283019655932542929, 1461501568237459377951765134584470170436695490679)
(2135986938433018038028503137662444960368085555401502662144583712381074372689639008692991204261747, 114, 1461501637330902918203684832716283019655932542929, 1461501570626980353733785483372347233625429770243)
(2135987030154620374371206401113071022994030281149546133288489053178982730893501172227975082409091, 114, 1461501637330902918203684832716283019655932542929, 1461501633385447394421570479467610190726414991379)
(2135985435211762343809502147684888941603039700527041246853789312110392185833788999057510651395861, 115, 1461501637330902918203684832716283019655932542929, 1461500542081259091657484217865997332050035605509)
(2135987035873802496038336598411869210622629868953477896629986995435928755257763765713383903460859, 115, 1461501637330902918203684832716283019655932542929, 1461501637298670599639392085718636222646226780171)
(2135987035881138489956916057494986099549337090342202906862462635793605151788364313595096770542159, 115, 1461501637330902918203684832716283019655932542929, 1461501637303690090368103801115154688394490019871)


(2135987032977248317826557124206422068962300403602862625647892901473792152055254149952999939636731, 116, 1461501637330902918203684832716283019655932542929, 1461501635316767805810388624854641333800720662539)
(2135987023750706516601997454183651154081087429143844520466395975789869416021603779003949831421529, 117, 1461501637330902918203684832716283019655932542929, 1461501629003711723249496502145476672982343483401)
(2135987034981599555944639431386827393534616311322506078833578399983105951233074250059232239940907, 117, 1461501637330902918203684832716283019655932542929, 1461501636688200575313520698070141575603079348283)
(2135986487093172626063477244518213411097491281843635972694704290419970187555695135854782696124799, 118, 1461501637330902918203684832716283019655932542929, 1461501261807726318388607464003875662303122686031)
(2135987035038471709477384917589844741298304882625311349393966691845388582124840497884205437411389, 118, 1461501637330902918203684832716283019655932542929, 1461501636727114081860533134518799988764409069741)
(2135964553469812235723439657954661412605557114063000052858175400408021399163264634343973569160357, 119, 1461501637330902918203684832716283019655932542929, 1461486254213618899483710113400923270815294685333)
(2135978425495481835899710451543230262164420431398212341458694452826845884132637143918914339597497, 119, 1461501637330902918203684832716283019655932542929, 1461495745838749702789007071712222834455780261993)
(2135986981378027934253725044315914095917642849233217217413613227348269002582491844343144449572253, 119, 1461501637330902918203684832716283019655932542929, 1461501600011148526582650317910977319346838175757)
(2135986982880421703113891412770635887603984449262371419564823483448785801840740160767186400441643, 119, 1461501637330902918203684832716283019655932542929, 1461501601039128058377047440115704736240378052667)
(2135974473558283649202117473997602952067229695714686271183106456625976395233552103855286799825111, 120, 1461501637330902918203684832716283019655932542929, 1461493041813590070396630381543472621813466398759)


(2133042358508479316441206979545403876922299763330316656560873024745751169450595357787545395002123, 122, 1461501637330902918203684832716283019655932542929, 1459486807284041976636621795620052265003133173787)
(2135983832724869575115303621134515406648888168636773999017815581635645475307322615787192854769577, 122, 1461501637330902918203684832716283019655932542929, 1461499445615232755027119772669664993510816743513)
(2135984638030522932866750292281131821603278364901840447377301611975097267460997978397701065146133, 122, 1461501637330902918203684832716283019655932542929, 1461499996627720724905326919173966260222371561477)
(2135987006470255989965888471534867508996406977418615726642255602478150509979859918497355212519451, 122, 1461501637330902918203684832716283019655932542929, 1461501617179947667675201615120718658674859442219)
(2135682498312542411755033640326157145221695613645904134298194164483028473112585593358796428652767, 123, 1461501637330902918203684832716283019655932542929, 1461293264243532425318426396045013605790034952623)
(1151165695891939398013968791978038912441156582607344390049564333557357487949198032208123809228411, 124, 1461501637330902918203684832716283019655932542929, 787659532146867215774197128509340874034192056459)
(2133679217314948246471093252734632528082900262991441097566549018717575013083411104362841503690383, 124, 1461501637330902918203684832716283019655932542929, 1459922563762311824061774299981872196637406789727)
(2135986941188401228177432423678508973049661648179323000084107280392348934002933323743074554214239, 124, 1461501637330902918203684832716283019655932542929, 1461501572512290037807081399795972341368403001391)
(1133772368083790886758917517991963702627378951384829350034882516353520907402544990630950318632873, 125, 1461501637330902918203684832716283019655932542929, 775758534321155963187356740092883812985180520537)
(2080126746247002950568809365449696414053933379549714737576376388867528419972105465770147781275749, 125, 1461501637330902918203684832716283019655932542929, 1423280476131300623096484422509542429261347946581)


(1068140144556670689504302004779469819213840249080784046330779675186519469268601148715562606516641, 128, 1461501637330902918203684832716283019655932542929, 730851144653784546507395602361241718869846917329)
(2133018912894877106046668612863001044924974236754100293924658019714811837511643505006465098183791, 128, 1461501637330902918203684832716283019655932542929, 1459470765144229510587594585291009244118034415679)
(1068115333476887942868590413158545503705802991089434953210858687327046340669581575821889036608677, 129, 1461501637330902918203684832716283019655932542929, 730834168224098119077422307628551582370983051413)
(1068617073680624728009928684255578900600516539229941552940688708130419788307291195850229314218441, 129, 1461501637330902918203684832716283019655932542929, 731177472802704748892948577190482786121477521529)
(1890117766423179174229777956390562035938434127204322636849947458931736372679727773411985766461851, 129, 1461501637330902918203684832716283019655932542929, 1293271056387624154021218442166230409303547707819)
(2116789772182489155567965140126457241834320920623377807072025282977683102510255633473846357524057, 129, 1461501637330902918203684832716283019655932542929, 1448366336454004606911949006569139223868026650633)
(1440175452231645562749598551919890829767742607730340647292392913240084482877202633577319037400457, 130, 1461501637330902918203684832716283019655932542929, 985408032016847593400180083372606194663267762233)
(1960677874872993002231220544301655147851749803411894673419231272347469315974911250831361812987387, 130, 1461501637330902918203684832716283019655932542929, 1341550241745688932348909319830366200756428603403)
(2057469621011409941894050728909557999315745117517023988965579158516569976015101290918872975670121, 130, 1461501637330902918203684832716283019655932542929, 1407777841952271549737277688819566017663073255449)
(2103684032750746271370754389489047352701498928854205757555282496293533774423671474184500000322389, 130, 1461501637330902918203684832716283019655932542929, 1439399025643681118453457968573647586450496028741)


(1069553133904582023172147676938401850999959267091503114015979824157968855900782027148148086927461, 131, 1461501637330902918203684832716283019655932542929, 731817951198381947160803130031495737932538445909)
(1155050874169889313014554352995263665261965244163227040347094960519741041058752201831086525775543, 131, 1461501637330902918203684832716283019655932542929, 790317878999659868697786628930704293379188981767)
(2132881714460811109248243336778686960049177873397464651554582033856589119926547310711946247929527, 131, 1461501637330902918203684832716283019655932542929, 1459376890166219524756661530352167958630740525063)
(1793757173293335620373869541389606211785190435649273591673697770720843174568831197984395710430903, 132, 1461501637330902918203684832716283019655932542929, 1227338463040808582638652630386554203398576537607)
(1068015778126511844340459205051239399375938364887584432624925669997062278002662652960197763396531, 133, 1461501637330902918203684832716283019655932542929, 730766049689138477491930670589738849042455068739)
(1067993929649116017907479506336219250633959664695323959513382438715912601870053043275427095773043, 134, 1461501637330902918203684832716283019655932542929, 730751100354264157638914603006901988119506059267)
(1068668678471489221066926303487471814285203013109903475287104400074238211428044650462820379394001, 134, 1461501637330902918203684832716283019655932542929, 731212782233461691016934741524017322682553991169)
(1097482316499060431058261181351671114454303289213005418829379737700094652081825365515434513661717, 134, 1461501637330902918203684832716283019655932542929, 750927873405164175254362127830045171855726215173)
(1068079895006742360001725810258055101528225841650252968804308326591072686422960160260910189902697, 135, 1461501637330902918203684832716283019655932542929, 730809920238847618028695358993813146231287840793)
(1079664893211781459679699096813891673045111313578812613961370236534089691269379584321214715264413, 135, 1461501637330902918203684832716283019655932542929, 738736697677288561691929893291136416877624950797)


(1067995355455027502614518647280924973730510086179899217816227002657136025729560311354792106523121, 136, 1461501637330902918203684832716283019655932542929, 730752075930257413872329306324619941689652412449)
(1068005342677653132431270234790266083761935903880867356755496689525667521969993466746051776992569, 137, 1461501637330902918203684832716283019655932542929, 730758909465280932002039521814550296848056189161)
(1068014972359659121316035621897331755838500111152949956637115032289887576775932223252371215474749, 137, 1461501637330902918203684832716283019655932542929, 730765498361085096332179132267502053206322577581)
(1068629377569443595321143374501223684902842666034979933590925149608054235493322136071178171710971, 137, 1461501637330902918203684832716283019655932542929, 731185891465061732316069705668166795163848409099)
(1067993577305908035820673453405221294221870041319689647139298394800187569003919607521458295664083, 138, 1461501637330902918203684832716283019655932542929, 730750859271258171028626705912173645148798845027)
(1067993519508559866005876328503889162248861812567864156914726140998571081453624167238871663243553, 139, 1461501637330902918203684832716283019655932542929, 730750819724707764579285048063502720828625125457)
(1072695785139657162749640947903975048175386249226414211409263071154086281213442612010448291100887, 139, 1461501637330902918203684832716283019655932542929, 733968240431594487582501800713916352798197284903)
(1067993523130685224078847581142252312864873935470744949808427127415396374381630824898298967478763, 140, 1461501637330902918203684832716283019655932542929, 730750822203066505721683859375085702540160925947)
(1067993523913306888406250879501492729563973103924118244291740965565054726008239785412934160607971, 140, 1461501637330902918203684832716283019655932542929, 730750822738557978558267214720602675231257002099)
(1067993542036424195521891002055417732899685763491927736394834933790507097327107801320830311332713, 140, 1461501637330902918203684832716283019655932542929, 730750835138898042640132768341715389168821993497)


(1067993599494800832147571722485262964416474318020772280888898673777699560809492476808619853080939, 141, 1461501637330902918203684832716283019655932542929, 730750874453514714271243186131737922427124973691)
(1067993673301969336286304297257163003415122994420028258240769579260039838452778195305068681492789, 141, 1461501637330902918203684832716283019655932542929, 730750924954428718671932583896933073598025826341)
(1067993526462446559726532036135850236116149576529620995893833805977327268087525192722131485455941, 142, 1461501637330902918203684832716283019655932542929, 730750824482750120536088952149118821114604159029)
(1067994642543805576067791270279082958933077061715331632135173022495947512958188673735559621900409, 142, 1461501637330902918203684832716283019655932542929, 730751588136604833013547649851339034410960814121)
(1067993517967496741647431604919722651766832921698655870544219055859162573715593322747265418261239, 143, 1461501637330902918203684832716283019655932542929, 730750818670269586068009077970691027265461944391)
(1067993518045274877138286932850537597526340313765614653511048072555589082864743512383816158142243, 143, 1461501637330902918203684832716283019655932542929, 730750818723487545941731306109224174657772454067)
(1067993526058590312393034045138076117424103506699891001753128008457933103174113130923952965679789, 144, 1461501637330902918203684832716283019655932542929, 730750824206420462725339814519537379079788429341)
(1067993518044085371869316686632308591065814584672915374218969981342671429398063284832315277048869, 145, 1461501637330902918203684832716283019655932542929, 730750818722673653409155971878452019358167203861)
(1067993518170942456815132572243481426990873181962299717547569735664373404944354946889318481781831, 145, 1461501637330902918203684832716283019655932542929, 730750818809472793215452197704506151759708684439)
(1067993518279321658775922019441937764830265058945084844540840695233689335930133078874681839188841, 145, 1461501637330902918203684832716283019655932542929, 730750818883628852430492947468451917177609519129)


(1067993518152876252687150062745207822688195430280822946599831549665000857749262200494107557622331, 146, 1461501637330902918203684832716283019655932542929, 730750818797111394728772236041245564201928228939)
(1067993517960458598330492223438299469402011728341964191152332109323230526900750307186501815884193, 147, 1461501637330902918203684832716283019655932542929, 730750818665453892990994854558592383498120593617)
(1067993517979781181827494741801042227657613186067244483473721836512274247275840784823453998906781, 147, 1461501637330902918203684832716283019655932542929, 730750818678674941126315988621101551354407550989)
(1067993517960612029333088664686942644677123400095936377889478269982774678948873367200240853054481, 148, 1461501637330902918203684832716283019655932542929, 730750818665558874743103355604706734470777012289)
(1067993517976593516391789388996928530519976254772440714484985435002422316700859583334920105229819, 148, 1461501637330902918203684832716283019655932542929, 730750818676493851927177702590391959740114534411)
(1067993517960703329079610503760710221927383050574283789454590770922091228748939205124864258070099, 149, 1461501637330902918203684832716283019655932542929, 730750818665621344564682602749612492004737941731)
(1067993517960744354679995641838013574821655569068010207734682292056752908254238336339099172973687, 149, 1461501637330902918203684832716283019655932542929, 730750818665649415419574056661479235000517788103)
(1067993517960477095421995349276621212325440956031120133630348039073800367514366439692280317078713, 150, 1461501637330902918203684832716283019655932542929, 730750818665466549214587533200936926582923067497)
(1067993517963688237935377746413989429327430368714311854201851409272619401573500741195277818394933, 150, 1461501637330902918203684832716283019655932542929, 730750818667663702082131911354622284420234608677)
(1067993517965502612898075384734497828137135781699988892477136986236650959270398610747608411404503, 150, 1461501637330902918203684832716283019655932542929, 730750818668905147809152222797931247776949076007)


(1067993517960455752624107127155480739721484155263468277113798127679658905016955021420893485114091, 151, 1461501637330902918203684832716283019655932542929, 730750818665451945879672903998231684561997136379)
(1067993517960463341174467383909664018869557683929753559822017724487535354403033607608270608923497, 151, 1461501637330902918203684832716283019655932542929, 730750818665457138176531438825860215058326355993)
(1067993517960479229701784171488735259585836636210482734222632415071113189020790649499265464788791, 151, 1461501637330902918203684832716283019655932542929, 730750818665468009548078996121207450785015660679)
(1067993517960455041197510853084776057301352261642353154826082480440779797277740133752239625847141, 152, 1461501637330902918203684832716283019655932542929, 730750818665451459101842416358141509827966271829)
(1067993517960455989766305885179048967194861453029996531138770462757681719864165895869009718388281, 152, 1461501637330902918203684832716283019655932542929, 730750818665452108138949733211595076140007424489)
(1067993517960458124046094707391163014455257132463993296692294350471115276685285765651469269204569, 152, 1461501637330902918203684832716283019655932542929, 730750818665453568472441196131865600342100017161)
(1067993517960459784041486013556140606768898217387984700327505610771082586713382000296849133522777, 152, 1461501637330902918203684832716283019655932542929, 730750818665454704287379000625409341388172034313)
(1067993517960455278339709611108344284774729558938277881630504075857216095990307875871145580298193, 153, 1461501637330902918203684832716283019655932542929, 730750818665451621361119245571504901405976559617)
(1067993517960460732610281045650413516662407408284563526497010212571546405507136667809225891639773, 153, 1461501637330902918203684832716283019655932542929, 730750818665455353324486317478862907700213186637)
(1067993517960457412619498433320458332035125239161485531342715539400639462478220576267808704296141, 154, 1461501637330902918203684832716283019655932542929, 730750818665453081694610708491775425608069152829)