(587135645693458698083277605418720716430111469925398707233665028880416438394530628784172911991714249625829801, 3, 766247770432944599320356974044386323496673276975906841, 766247770432944769461540434513618055183976992860012561)
(2348542582773700250180945483301399474526252802442655711303719685001039398734487655193639699461526497729185889, 3, 1532495540865834583320823137465386775368853755153874983, 1532495540865856361392306077527048431343729388319408183)
(587135645693458567712975120011553299204968753627484832061550293262881397366573623712338231911463899537347717, 4, 766247770432944429179173513575154591809369561091801397, 766247770432944769461540434513618055183976992860012561)
(587135645693464173635981992531910409256023754957265841203476939497595359096714642353943553312362032300846227, 4, 766247770432948172285209643898252688930051310542127431, 766247770432948342426393104367484420617355026426232917)
(2348542582771567392032284227496724242625956237799985304235269212955041887904918024471271096151100385851867361, 4, 1532495540865884604828760515419515891436146225080958991, 1532495540864414585003662061257354113132040986407469071)
(587135645693458306972370149197334256843920637227080482595324473821708664683253233369810445492537229448427047, 5, 766247770432944429179173513575154591809369561091801397, 766247770432944429179173513575154591809369561091801451)
(587135645693458437342672634604443778024444695427282530897555262106464216461283688640566690156022984345656877, 5, 766247770432944429179173513575154591809369561091801397, 766247770432944599320356974044386323496673276975906841)
(587135645693779278657089223124872610780583579794176029958923935546399001204065696269948961321055819260761833, 5, 766247770433359403525633598031348177143132602425671749, 766247770432948342426393104367484420617355026426232917)
(2348542582773593607273512423188110917568594303920119749155261599425054468597209957973621429002126760402275221, 5, 1532495540865848705039050356411620505415062173534650579, 1532495540865772651930043526665036441190301173339390199)
(2348542582773605340600736108938250358138531225352463610483399028191652306258955511036738733394570877790598417, 5, 1532495540865772651930043526665036441190301173339390199, 1532495540865856361392306077527048431343729388319408183)


(2348542582773782122730906317326157519982633418287956938476158862822593268432892336013709827974312747012718727, 6, 1532495540865884604828760515419515891436146225080958991, 1532495540865859764215975286911683065089803706001522697)
(587135645693698318699245783685962750188711783799527974803026475844407475004089454230432708368333041127408227, 8, 766247770432944429179173513575154591809369561091801397, 766247770433257659097924237430772628135510503730446391)
(2348542582773546413224012705062713058867919165708206149111792885054981770838513297735248242715203500836492169, 8, 1532495540865725692963408437157078495494475589326209509, 1532495540865864868451479100988635015708915182524694741)
(2348542582773751876820729703450961576628902928946510464365650137485565364343985957867160107282194951108036477, 8, 1532495540865859764215975286911683065089803706001522697, 1532495540865864868451479100988635015708915182524694741)
(2348542582773789944949055441731017774082080123658176129054751893935843537687112607816023734446282843814366331, 8, 1532495540865884604828760515419515891436146225080958991, 1532495540865864868451479100988635015708915182524694741)
(587135645694136493285899236981063437930071394679482809782819624876713445523019083112553322889837797514946121, 9, 766247770432944429179173513575154591809369561091801451, 766247770433829503615534874518622829163299590209798171)
(587135645700798155002301471763695443793383803496089158504173143610194325989987637839982512725410761697921781, 9, 766247770433257659097924237430772628135510503730446391, 766247770442210147889247207466030550682432893605642291)
(587135645694136493285899236981063437930071394679482768405440021449920250284135859106920548071659926185844887, 10, 766247770432944429179173513575154591809369561091801397, 766247770433829503615534874518622829163299590209798171)
(587135645694376505012775148701485721086662606371765814983788710948467813519136060932828749001216019845350861, 10, 766247770433257659097924237430772628135510503730446391, 766247770433829503615534874518622829163299590209798171)
(2348542582773538591005863581468976389875872409280101708519058648483906774012136526399146693337080605240725773, 10, 1532495540865725692963408437157078495494475589326209509, 1532495540865859764215975286911683065089803706001522697)


(587135645693698318699245783685962750188711783799528016180406079240321066291998275492154627685900242571513341, 11, 766247770432944429179173513575154591809369561091801451, 766247770433257659097924237430772628135510503730446391)
(587135646127383473616812032767316915840655028264894820895434189575552807505012842972834967369287524738400283, 11, 766247770998358120478555245873593034579906768899407873, 766247770433829503615534874518622829163299590209798171)
(2348542582773521642866540480349213607059771103685876407495262786773923882656687050996144434793427190862155711, 11, 1532495540865725692963408437157078495494475589326209509, 1532495540865848705039050356411620505415062173534650579)
(2348542582773765174591583214448960302767165556652483012483002279706903194770520343943597115496546489413405789, 11, 1532495540865884604828760515419515891436146225080958991, 1532495540865848705039050356411620505415062173534650579)
(2348542582773576659134189316291828178970499957230208473803765540165024608942391026963114879695433816703245419, 12, 1532495540865725692963408437157078495494475589326209509, 1532495540865884604828760515419515891436146225080958991)
(587135645700558143275422934974748227003606162044533166230061907831651030848697386279293032181454580396080527, 13, 766247770432944429179173513575154591809369561091801397, 766247770442210147889247207466030550682432893605642291)
(587135645700558143275422934974748227003606162044533207607441511710999016868046589444942769032830835100764241, 14, 766247770432944429179173513575154591809369561091801451, 766247770442210147889247207466030550682432893605642291)
(587135646133805123611074261775268421158645491069994623931999668904851838851940654563442448841011521747157043, 14, 766247770998358120478555245873593034579906768899407873, 766247770442210147889247207466030550682432893605642291)
(587135646126705287302782511779449937935703724135286472108724253947713439713209591286441895844675548214198581, 15, 766247770432944429179173513575154591809369561091801397, 766247770998358120478555245873593034579906768899407873)
(587135646126945299029835250752664683480304906546399189423939262836963606324807732354394861731433641869836343, 15, 766247770433257659097924237430772628135510503730446391, 766247770998358120478555245873593034579906768899407873)


(587135646126705287302782511779449937935703724135286513486103887859051945555192868460465763159641068782223723, 16, 766247770432944429179173513575154591809369561091801451, 766247770998358120478555245873593034579906768899407873)
(587135662845856344463737388834632066281645616599676997291276278209738059515236790899503639166281992877637797, 16, 766247770433257659097924237430772628135510503730446391, 766247792817555109437580767408360975143453512815345667)
(587135645899447947862305412071401785548861531462936748839752735741805911751635971990782287794005028945004077, 17, 766247770442210147889247207466030550682432893605642291, 766247770692507735278062322243455181863033171571900447)
(587135662846294519063191359026087037832716275002225425816428157166941216529549974952110645741561111669375057, 18, 766247770433829503615534874518622829163299590209798171, 766247792817555109437580767408360975143453512815345667)
(2347276479533053866481574438373405310798481854130645076382210791009700833647256117740820201113002114505782253, 18, 1531669369952528492161353694483499836140015248677535807, 1532495540865848705039050356411620505415062173534650579)
(587135662852716169240312516336559377520632794173403367642643249232087889722255602934591007479308440718803097, 19, 766247770442210147889247207466030550682432893605642291, 766247792817555109437580767408360975143453512815345667)
(594241524484185931269046927936372891154992780914497379467123037249387809302290498530977632572466952384020577, 19, 775521374385125935892729085027114170551284635168407649, 766247770998358120478555245873593034579906768899407873)
(2347276479533032236678314706792432948204471204389654046890862648315911398162193024465267923568901879784016281, 19, 1531669369952528492161353694483499836140015248677535807, 1532495540865834583320823137465386775368853755153874983)
(2347276479533070805484127240213925835721502242482023077742517014886026994675433889150753662215416279740711479, 19, 1532495540865859764215975286911683065089803706001522697, 1531669369952528492161353694483499836140015248677535807)
(594241541405439568126351890898743857841680408969064336653120008040717194610257893242933492264950279901806883, 20, 775521374385125935892729085027114170551284635168407649, 766247792817555109437580767408360975143453512815345667)


(588890382968056269725812376263208257983351867281405696630551895389888940723937795567704835769334928085362733, 21, 766247770433257659097924237430772628135510503730446391, 768537809428249791167003676043292821879386319645311163)
(588890382967815540690208306286755284984231846749577694137150978612750581081498146370142715838698813109897513, 22, 766247770432944429179173513575154591809369561091801451, 768537809428249791167003676043292821879386319645311163)
(2296136683020082534075374782281106371968710959457158666783435707968070389183194640083863606314672971805894741, 22, 1524651987183037091534875000275880339996024439593500697, 1506007077236326311118433454620860685497522180891607453)
(588890382967815540690208306286755284984231846749577652636109269487261858063299640032330334351837552263094711, 23, 766247770432944429179173513575154591809369561091801397, 768537809428249791167003676043292821879386319645311163)
(594241524045938444793471187219162683260731244502947489839358494844635800789425049767018324397552491428844759, 24, 766247770433257659097924237430772628135510503730446391, 775521374385125935892729085027114170551284635168407649)
(2307949130376894618321867648851823224856790967585452288012679377133696666345228201658515506824225266463870577, 24, 1532495540865725692963408437157078495494475589326209509, 1506007077236326311118433454620860685497522180891607453)
(2307949130377133940715744704866643412267537035570890597305855783728866808152529884766625076572918944762959923, 24, 1506007077236326311118433454620860685497522180891607453, 1532495540865884604828760515419515891436146225080958991)
(594241524045695528296383084525550730094309356287049051162262264228325304623634482833435218362637540537698699, 25, 766247770432944429179173513575154591809369561091801451, 775521374385125935892729085027114170551284635168407649)
(2275075085191726413511754727643650783557074061424134989729544864359329219490213979859690616552755150496739017, 25, 1506007077236326311118433454620860685497522180891607453, 1510666928183841509959552488012607116885707535113256989)
(2303241334027188340265606227296354670285498890984358776984187423188262022000335484957521756359424167911621333, 25, 1524651987183037091534875000275880339996024439593500697, 1510666928183841509959552488012607116885707535113256989)


(588890383402357340422175801103946610130700934980538852254986342575832366214694777050872557187138611536986299, 26, 766247770998358120478555245873593034579906768899407873, 768537809428249791167003676043292821879386319645311163)
(594241524045695528296383084525550730094309356287049009284108047431524766416263891369270008593267241443685653, 26, 766247770432944429179173513575154591809369561091801397, 775521374385125935892729085027114170551284635168407649)
(1168261186727219445523835059383208946364296938800673999589182700900816710223981380985364090673824742512787481, 26, 1524651987183037091534875000275880339996024439593500697, 766247770998358120478555245873593034579906768899407873)
(600173386577985107960115045305700792185189910157807361045935213731741013296114473125372676368225695583800221, 28, 766247770432944429179173513575154591809369561091801451, 783262816202226383121702585189404993785614513567957271)
(1157545165588126724021523085324003269326639454639340124928768227144440092367324036415064937052639810870576699, 28, 766247770433257659097924237430772628135510503730446391, 1510666928183841509959552488012607116885707535113256989)
(596017498234730275586050325964516439052757716822933767158972017553366947216519229177421615610109871834285787, 29, 775521374385125935892729085027114170551284635168407649, 768537809428249791167003676043292821879386319645311163)
(1157545166441805302130672491648915818044883493823589900632991792061128513637374857905826598700688834578874397, 29, 1510666928183841509959552488012607116885707535113256989, 766247770998358120478555245873593034579906768899407873)
(1157545165587653537942348655058032813832119348948922480134423763565863616248259700997445634523935373810213633, 30, 766247770432944429179173513575154591809369561091801397, 1510666928183841509959552488012607116885707535113256989)
(1194203209209306396635397993254363683995542679156608325632413536007314369468302074434820280599644566204717887, 30, 1524651987183037091534875000275880339996024439593500697, 783262816202226383121702585189404993785614513567957271)
(2336522371730314189855136206634475339198500350359511888575371953611917435706864646010336973172249091586916727, 30, 1524651987183037091534875000275880339996024439593500697, 1532495540865884604828760515419515891436146225080958991)


(1168261185865160337503736411793456206928821357994877861328597285233827751946656903676782622584909493105073709, 31, 766247770432944429179173513575154591809369561091801397, 1524651987183037091534875000275880339996024439593500697)
(1168261185865637904121804884170922384828065163005965713802891342211551204536925824474079117230190682179634527, 31, 1524651987183037091534875000275880339996024439593500697, 766247770433257659097924237430772628135510503730446391)
(1188483048091264518341431301868497515003068147229694421801583958868644055661119247995433561588910652492134341, 31, 1532495540865725692963408437157078495494475589326209509, 775521374385125935892729085027114170551284635168407649)
(1168261185865160337503736411793456206928821357994877943659804593117830694829906918574320982370229231154111347, 32, 1524651987183037091534875000275880339996024439593500697, 766247770432944429179173513575154591809369561091801451)
(1171554492383289106941062947921922088444985732223325073040577190291892252266210346380485900532072573250308861, 32, 775521374385125935892729085027114170551284635168407649, 1510666928183841509959552488012607116885707535113256989)
(1157545165587653537942348655058032813832119348948922561710437885493305154064094053678229946352142269926091039, 33, 766247770432944429179173513575154591809369561091801451, 1510666928183841509959552488012607116885707535113256989)
(2315090331175060587318739527049761626132872711283444493551617719549316518899539287896409750491037342772508401, 33, 1532495540865725692963408437157078495494475589326209509, 1510666928183841509959552488012607116885707535113256989)
(2336522371730071904563840197291426229932941570413637311346852382343217294639170322945458387112781554959527773, 34, 1532495540865725692963408437157078495494475589326209509, 1524651987183037091534875000275880339996024439593500697)
(1153974565188570173280702612818959021275775290643923255619796457895035376084152599369819812063274402761011841, 35, 766247770432944429179173513575154591809369561091801397, 1506007077236326311118433454620860685497522180891607453)
(1182400204559202338194666378651934524181503809735050373672004285452430043002684747890010215336374563061631353, 35, 1524651987183037091534875000275880339996024439593500697, 775521374385125935892729085027114170551284635168407649)


(1153974565202524411233754640132762646759522738630029326542798107925868559460408890899767952029661089507594823, 36, 1506007077236326311118433454620860685497522180891607453, 766247770442210147889247207466030550682432893605642291)
(1177780765935505682605216013384255599242686344400826424460426264359901706299515893824396261965514015634448967, 36, 1532495540865725692963408437157078495494475589326209509, 768537809428249791167003676043292821879386319645311163)
(1177780765935627812382105856598816749042348538413171297042139901585118626140390069325034875830497544637516533, 36, 768537809428249791167003676043292821879386319645311163, 1532495540865884604828760515419515891436146225080958991)
(1200346773155842414533483742118565239440722894440607699660818213072586418598656786701404669838834798505889939, 36, 1532495540865725692963408437157078495494475589326209509, 783262816202226383121702585189404993785614513567957271)
(1153974565188570173280702612818959021275775290643923336944178628656656176479559148896296828929472170907814303, 38, 766247770432944429179173513575154591809369561091801451, 1506007077236326311118433454620860685497522180891607453)
(1157423380122647214678499505116569010951480873614316699829556726405737591091845257159501001256095089434897839, 38, 1506007077236326311118433454620860685497522180891607453, 768537809428249791167003676043292821879386319645311163)
(607437055725914891637450280210827593488151648241660797879921448096514811449525615073938892089089370741565879, 39, 775521374385125935892729085027114170551284635168407649, 783262816202226383121702585189404993785614513567957271)
(1153974565189041899755143362415622795390532797240489501050617131964271680175671483694926314909302685232552123, 39, 766247770433257659097924237430772628135510503730446391, 1506007077236326311118433454620860685497522180891607453)
(1167940678372042288592632696095268157055571185814986274037826084731807296733334944352308905099692989990607997, 39, 1506007077236326311118433454620860685497522180891607453, 775521374385125935892729085027114170551284635168407649)
(1174271292253388281283823568716738158604635692598491919211824056770536079764573287816398833498260159669993481, 40, 766247770998358120478555245873593034579906768899407873, 1532495540865859764215975286911683065089803706001522697)


(1174271292253285549485389262192624514123839531957559652435489674548423664757452123074744133101364509642064357, 42, 1532495540865725692963408437157078495494475589326209509, 766247770998358120478555245873593034579906768899407873)
(1174271292253368986479041490841650824362049611665930991103419039689293007707126738028444952438594430167941159, 42, 766247770998358120478555245873593034579906768899407873, 1532495540865834583320823137465386775368853755153874983)
(1174271292253392192392901016934661266897051790084821998045795991860995364095405052650136992891849554977095893, 42, 766247770998358120478555245873593034579906768899407873, 1532495540865864868451479100988635015708915182524694741)
(1174271292253407315348000483377297285627727367031964213403853719697644641936304581945651352428395666895536143, 42, 766247770998358120478555245873593034579906768899407873, 1532495540865884604828760515419515891436146225080958991)
(1174271291784654634987188238748321913387493448859038826349683219105589231006650537644679294966190749559817401, 43, 1532495540865834583320823137465386775368853755153874983, 766247770692507735278062322243455181863033171571900447)
(1174271291784673929791962615036927269497063594348954230591232215007078477899791415078977855624909600094945559, 43, 1532495540865859764215975286911683065089803706001522697, 766247770692507735278062322243455181863033171571900447)
(1174271291784692963856131932186497418091639548683600535022714711018890501489189264294717638804853519141568977, 43, 1532495540865884604828760515419515891436146225080958991, 766247770692507735278062322243455181863033171571900447)
(1174271291784665455722298193018283025259752381802707745036228938245080971363815066311201544148614245118908813, 44, 1532495540865848705039050356411620505415062173534650579, 766247770692507735278062322243455181863033171571900447)
(1174271291784677840901038502122455382221976461677991297830571108577991874334304587488014823903213221916449227, 45, 1532495540865864868451479100988635015708915182524694741, 766247770692507735278062322243455181863033171571900447)
(1174271292253379807214155764244571423971067481378110575201782720350503885237349473270547090938775641056608467, 45, 766247770998358120478555245873593034579906768899407873, 1532495540865848705039050356411620505415062173534650579)


(1174271291386791588824656792976637701565269460460148085600806632750072746393445812712427359975899870640884073, 47, 766247770432944429179173513575154591809369561091801397, 1532495540865725692963408437157078495494475589326209509)
(1174271291387378255185841117455126434845587530309035345939867532694498857566801022687412943874634264940129731, 47, 766247770433257659097924237430772628135510503730446391, 1532495540865864868451479100988635015708915182524694741)
(1174271291386791588824656792976637701565269460460148168355565839499260166417501419194666116677581694256197559, 48, 1532495540865725692963408437157078495494475589326209509, 766247770432944429179173513575154591809369561091801451)
(1174271291401097904338195205263325048484475416188648084947241569369882095329884975509056406311455000014891631, 48, 766247770442210147889247207466030550682432893605642291, 1532495540865864868451479100988635015708915182524694741)
(1174271291401113027293283695359749750900344078007431484387446037379676843484450873856497933411524626786288381, 48, 1532495540865884604828760515419515891436146225080958991, 766247770442210147889247207466030550682432893605642291)
(1174271291387374344076766553643041527285622415992009595298548238028029133977051964190533383383623885528236527, 49, 766247770433257659097924237430772628135510503730446391, 1532495540865859764215975286911683065089803706001522697)
(1174271291387393378140929430861854744077452639001534158953002275199523790948859885522251133651442650794951481, 49, 766247770433257659097924237430772628135510503730446391, 1532495540865884604828760515419515891436146225080958991)
(1174271291388269727314236335019698545018798530645055742319079001723093580835548761409911900347653213237805461, 49, 1532495540865884604828760515419515891436146225080958991, 766247770433829503615534874518622829163299590209798171)
(1174271291400991261430760852686812922827746404397571182619728692287796659787283898714372399714080210376745119, 50, 1532495540865725692963408437157078495494475589326209509, 766247770442210147889247207466030550682432893605642291)
(1174271291401093993229120595755629004756233520890686665402369757201924676727201296416024783761925076699578827, 50, 766247770442210147889247207466030550682432893605642291, 1532495540865859764215975286911683065089803706001522697)


(1174271291386885846553353742316821515084163539206416131949188451119329390272847914932560211199320540930190129, 51, 766247770432944429179173513575154591809369561091801451, 1532495540865848705039050356411620505415062173534650579)
(1174271291387271612278408010845611288710538746598137682382553247253910635282147560438985188308900884558932019, 51, 1532495540865725692963408437157078495494475589326209509, 766247770433257659097924237430772628135510503730446391)
(1174271291388147961451714824130576104786177025093403442332916362205459169981306064464432069318587187351008039, 51, 1532495540865725692963408437157078495494475589326209509, 766247770433829503615534874518622829163299590209798171)
(1174271291386885846553353742316821515084163539206416049194429244363499318164128668705052918785963170059058863, 52, 766247770432944429179173513575154591809369561091801397, 1532495540865848705039050356411620505415062173534650579)
(1174271291386894320623015293778940391818227322219565951275656473963371823647817258500248843118543208794033347, 52, 766247770432944429179173513575154591809369561091801451, 1532495540865859764215975286911683065089803706001522697)
(1174271291386919090980487521113828003847667403387263276120276015853249026495398259759571427179316274807182121, 52, 1532495540865884604828760515419515891436146225080958991, 766247770432948172285209643898252688930051310542127431)
(1174271291386894320623015293778940391818227322219565868520897267206944555985151765269363328269143084711807709, 53, 766247770432944429179173513575154591809369561091801397, 1532495540865859764215975286911683065089803706001522697)
(1174271291386898231732089855992226027233949068225635243654758274126786538696889844791148344292455665222353177, 53, 766247770432944429179173513575154591809369561091801397, 1532495540865864868451479100988635015708915182524694741)
(1174271291386913354687178163216930484174739819449102820793813511078381485260255055633357346315277578845295941, 54, 766247770432944429179173513575154591809369561091801451, 1532495540865884604828760515419515891436146225080958991)
(1174271291386913354687178163216930484174739819449102738039054304320612824507187222979499208763381424473510427, 55, 766247770432944429179173513575154591809369561091801397, 1532495540865884604828760515419515891436146225080958991)


(1174271291386898231732089855992226027233949068225635326409517480883489435076761298177439192573875521555869191, 56, 766247770432944429179173513575154591809369561091801451, 1532495540865864868451479100988635015708915182524694741)
(1174271291386915570982320415137502864020555518363982884389581888233849872532689567505829238259078276031981003, 56, 766247770432944599320356974044386323496673276975906841, 1532495540865887156946512422457991866745701963342545283)
(1174271291386915701352622900544901865424172867052744358215385177701673667387519583811580830797403781792308767, 56, 766247770432944429179173513575154591809369561091801397, 1532495540865887667370062803865687061807613110994862211)
(1174271291386916353204135327580449471326793158053755954452597244571202215056443861038680373080216566583327813, 56, 766247770432944429179173513575154591809369561091801397, 1532495540865888518075980106211845720244131690415390929)
(1174271291386917135425950240021080236848284473835057111351874683935813051509409999909603509368511718123146391, 56, 1532495540865887156946512422457991866745701963342545283, 766247770432945620167457736859776713620495572280541277)
(1174271291386983624280217797557602442068964711168948702941371195113705776379780212761956874460878296542361967, 56, 1532495540865886816664145501519528403371094531574333527, 766247770432989176310423616983100025570246838611607721)
(1174271291386916353204135327580449471326793158053756037207356451329182191159369596478349266263327849014437979, 57, 766247770432944429179173513575154591809369561091801451, 1532495540865888518075980106211845720244131690415390929)
(1174271291386916483574437812985301046767189550443198557044110145156730713463599752365563755942533832672064639, 57, 1532495540865886646522962041050296671683790815690227873, 766247770432945450026274276390544981933191856396435743)
(1174271291386917135425950240021717093339089712909886829926695051588747592935345039912711667379660069737099579, 57, 1532495540865887497228879343396455330120309395110756453, 766247770432945450026274276390544981933191856396435743)
(1174271291386917265796252725429000302653469745403224516685618391058859869933213705825030490861143285800407773, 57, 766247770432945450026274276390544981933191856396435743, 1532495540865887667370062803865687061807613110994862211)



(2348542582773816279750157493865099273907554982882020419018810911491113621845978345214400764607700870595853283, 122, 1532495540865888858358347027150309183618739122183602129, 1532495540865877799181422096650246623943997589716730227)
(2348542582773796463464179711984452054467898136451269468199981872453435557160177532140011242156314951522703589, 123, 1532495540865888858358347027150309183618739122183602129, 1532495540865864868451479100988635015708915182524694741)
(2348542582773830620483430888647146603765201384904274245876230973536100019049048921499671624717832796237707507, 123, 1532495540865888858358347027150309183618739122183602129, 1532495540865887156946512422457991866745701963342545283)
(2348542582773832967148875625975117985014634432507915372588997688099930175558627631580281973005118244063799659, 123, 1532495540865888858358347027150309183618739122183602129, 1532495540865888688217163566681077451931435406299496571)
(2348542582773812107900477960837594596130785120475546018588190563274922672611900294689363139213045743912746961, 124, 1532495540865888858358347027150309183618739122183602129, 1532495540865875076922486729142538916947138135571038209)
(2348542582773828534558591122133394264876816453701036912333808744095673867255818534160253837190201602922769123, 124, 1532495540865888858358347027150309183618739122183602129, 1532495540865885795817044738704138013247272236269699187)
(2348542582773829838261615976204489476682057035703060055768375570125721775691556159609051185671319947977941617, 124, 1532495540865888858358347027150309183618739122183602129, 1532495540865886646522962041050296671683790815690227873)
(2348542582773831402705245801089803730848345734105487697321235679588048533683274596941265559532088752001247219, 124, 1532495540865888858358347027150309183618739122183602129, 1532495540865887667370062803865687061807613110994862211)
(2348542582773765435332188185092386013503172284803120246413659264423641399040513850199814291451898463535489837, 125, 1532495540865888858358347027150309183618739122183602129, 1532495540865844621650647305150058944919772992316113053)
(2348542582773830099002220947018708519043105152103464556951659935289778341964231025793086578288448651313278983, 125, 1532495540865888858358347027150309183618739122183602129, 1532495540865886816664145501519528403371094531574333527)


(2348542582773771693106707484633643030168327078412831079279323812937609785359770323682469736555580939575482691, 126, 1532495540865888858358347027150309183618739122183602129, 1532495540865848705039050356411620505415062173534650579)
(2348542582773655142056285530677731094779819047431968413633551293904666784971634038902604106320975358098133671, 127, 1532495540865888858358347027150309183618739122183602129, 1532495540865772651930043526665036441190301173339390199)
(2348542582773788641246030587557880783636454644439130717932259858617145908346737734269488371818821678411021913, 127, 1532495540865888858358347027150309183618739122183602129, 1532495540865859764215975286911683065089803706001522697)
(2348542582773826709374356326433860968349479638898204456968573932827963437888631691980930612489523170109291839, 127, 1532495540865888858358347027150309183618739122183602129, 1532495540865884604828760515419515891436146225080958991)
(2348542582773831663445850771904022773209393850505892180114573554361438799655785137321590748724347989133359037, 127, 1532495540865888858358347027150309183618739122183602129, 1532495540865887837511246264334918793494916826878967853)
(2348542582768640057260276889988670322380348202049611744612910073347452749105449978663562844635324700193434837, 128, 1532495540865888858358347027150309183618739122183602129, 1532495540862500156407364861461909167590629858449818053)
(2348542582773709636842724430849510948238875375116532513107035327606912800452680787777341145647618188912884867, 128, 1532495540865888858358347027150309183618739122183602129, 1532495540865808211437386764734468363836777793117487123)
(2348542582773583177649313585953275403130538920920295152092078589792559672120280915967655216125532839352444661, 129, 1532495540865888858358347027150309183618739122183602129, 1532495540865725692963408437157078495494475589326209509)
(2348542582751360777368861031692733055721674347235802587101739115885201935534166058824331906176185736645041767, 130, 1532495540865888858358347027150309183618739122183602129, 1532495540851224900179439565475050249973378218763223223)
(2348542582773783426433931171273499936415492316431038496667966953651391697023603477045411210204346400418821607, 130, 1532495540865888858358347027150309183618739122183602129, 1532495540865856361392306077527048431343729388319408183)


(2348542582767801515474690751460230089249605858348370650468279830741479603868994728808114458054772845977793083, 131, 1532495540865888858358347027150309183618739122183602129, 1532495540861952982361355992412660061221879575165796427)
(2348542582771573910547408491581334968893753939402334417042650900678750849222509040235499923452367044937252159, 131, 1532495540865888858358347027150309183618739122183602129, 1532495540864414585003662061257354113132040986407469071)
(2348542582773750051636494907053462514201333417179247804889876477098663110124627003355346780615081095478638807, 131, 1532495540865888858358347027150309183618739122183602129, 1532495540865834583320823137465386775368853755153874983)
(2348542582769833467009228306669227208897576966701532551235622292274685848574929380480654689350258256244621387, 132, 1532495540865888858358347027150309183618739122183602129, 1532495540863278892604063429135545100379737460001735003)
(2348542576485263939439861326432673820994285368371202999842554359956867442344201383329116024628640826135674363, 133, 1532495540865888858358347027150309183618739122183602129, 1532495536762405930834486746976142965432156092404596747)
(2348542495255408541725262070178658655086759465117395652603687201934127415481322287018283222548241356114881251, 134, 1532495540865888858358347027150309183618739122183602129, 1532495483757452094676372843606362731515059024223535219)
(2348542581800182179322590410396828460525623068006640948230699710997208185881908167327261792889205140341387553, 134, 1532495540865888858358347027150309183618739122183602129, 1532495540230551904609849333748635746265477591676747857)
(2348542582689403334075091186149668181107207166690879303877625120153609745399181813023501950563573413638569937, 134, 1532495540865888858358347027150309183618739122183602129, 1532495540810795782024379406161734981177106121676029953)
(2348542578474619585046359470535938156339857969432824853048852494714882969630697178022943635056118830104310707, 135, 1532495540865888858358347027150309183618739122183602129, 1532495538060521059105903913819335026918495521410646083)
(2348542582648169293323796683921871120235983373904319340949004430657163849116992665016101533979946347936081719, 135, 1532495540865888858358347027150309183618739122183602129, 1532495540783889314989573880917222487592868777427992711)


(2348542523623110795598357107839996441751548614625869613366241120312726688289142840628170140940910755904996813, 136, 1532495540865888858358347027150309183618739122183602129, 1532495502268241521081365000333786369837371788602900797)
(2348542391247642397261739151570355443692187651336060419532654241896573525541052608537533993508322945018089211, 137, 1532495540865888858358347027150309183618739122183602129, 1532495415889217981775022955311659859060863146961928459)
(2348542568210211584628707372223935970934413970030103559063955676666914473630246300857248617868622073851536079, 137, 1532495540865888858358347027150309183618739122183602129, 1532495531362682320457393289484772684784271528812347551)
(2348541519646171435962553869611618012846203651941594989784079226686008470936991379389737232501616495533480353, 138, 1532495540865888858358347027150309183618739122183602129, 1532494847142720703989842543766317095242259863173071057)
(2348542576793276294610674221758976842412092933541606812360807359637849207063626849940381988371302785635834649, 138, 1532495540865888858358347027150309183618739122183602129, 1532495536963393370573972129482321713937122554732871881)
(2343994623500898808059270808343573568223036411703713058163266049433857895436640886005717232336116824951216357, 140, 1532495540865888858358347027150309183618739122183602129, 1529527858969493429278684442254007731008126055056670933)
(2348128915148291068821274707483207740734388982743905069054566471055758141333420919459883316449648471267337287, 140, 1532495540865888858358347027150309183618739122183602129, 1532225610145367199244887196878388924536213055526142103)
(2348219678529665771845250640824048614047110448469156241590815659796118115317092193787362277006344857334053643, 140, 1532495540865888858358347027150309183618739122183602129, 1532284836015168699615445033597390542200357719679959067)
(2348540986832074476949552989304151865283581628508219901051260660603139311375836645701816145094101510150682557, 140, 1532495540865888858358347027150309183618739122183602129, 1532494499465299954065183089174671723560044141308018733)
(2348542289896055397109779047942850601678081277786190533856885291822053569820395553136236215113534873817577029, 140, 1532495540865888858358347027150309183618739122183602129, 1532495349754221632691746916944632524049386744261378101)


(2307949130377140346561405225637918042551550581287845509744886553633073858410057875867283768274298512603067437, 141, 1532495540865888858358347027150309183618739122183602129, 1506007077236326311118433454620860685497522180891607453)
(1318753154202080348660715015464052993129976497632556684994707252672514737807903541602586268479424025874902793, 142, 1532495540865888858358347027150309183618739122183602129, 860526584930198208895602094317514343511519831812735417)
(2347140335538106915686557581010642277231028207456162018352322534316953607271721519980445488987525999140792777, 142, 1532495540865888858358347027150309183618739122183602129, 1531580531850636509831891567207585410249927232472481913)
(2348507848828905288168067860123191301180609801757257660107675412691431516701456730636000059929108400337579287, 142, 1532495540865888858358347027150309183618739122183602129, 1532472875909285908383030905295384265952150044016640103)
(2348538272289506689068048871156717897872131225282280159199749286919184880522376078479650253031652102416362493, 143, 1532495540865888858358347027150309183618739122183602129, 1532492728143625338220101086757952793384810259161284717)
(2348540525681854868591916095820109653788508172342346362068973640685918904538695497442222670660109650108611621, 143, 1532495540865888858358347027150309183618739122183602129, 1532494198550741111173494756034779391198913580108873749)
(2347276479533115368090843072748218293595909725683341317192659084976599891690361055923223789096401462638933103, 144, 1532495540865888858358347027150309183618739122183602129, 1531669369952528492161353694483499836140015248677535807)
(2219459158528261803015913472261025930991186439209439979188589098601008901266281293052171177665524282553267311, 145, 1532495540865888858358347027150309183618739122183602129, 1448264676368471229478747449312884175863698784618807359)
(2302019795399335950748194099146625584104941967460418820762846378966899958122317051108437006662448530132565969, 145, 1532495540865888858358347027150309183618739122183602129, 1502138005634033615492973295834422785015659363261480961)
(2348495147232002060659985532311435735190916051973419504437239825080809596011679979881614005196330693528910039, 145, 1532495540865888858358347027150309183618739122183602129, 1532464587730583573714906590049519914840391204315594791)


(1195520832011390702566519421947911966302594784132103227759666996108950160859281965477054376456282324990943481, 146, 1532495540865888858358347027150309183618739122183602129, 780113742670924121929604848103118596848012243155026089)
(2342131263810454269264533001731742957372588704345983885434165562628673853306626698840467381950388496731459699, 146, 1532495540865888858358347027150309183618739122183602129, 1528311960038138819622079484372126385053903778136195331)
(1288311114351037774060651871802197007684604893783661059551807094044239009159945983943785784133492671185418361, 147, 1532495540865888858358347027150309183618739122183602129, 840662227064698483887668997436807553652184306593824809)
(2336522371730320675007472823586912413857642715989754708763623093747989633201438623893139147813566656532183913, 147, 1532495540865888858358347027150309183618739122183602129, 1524651987183037091534875000275880339996024439593500697)
(2347043529805122441258181908853497625426077549874459480315201987748330257055783612624592618738173865684358081, 147, 1532495540865888858358347027150309183618739122183602129, 1531517363162439363519107746155887650667151251627573489)
(2315090331175307075884697310116065627664238697897843955675340284877123109394114873611158540052359897304529581, 148, 1532495540865888858358347027150309183618739122183602129, 1510666928183841509959552488012607116885707535113256989)
(2084096715052113636770880461282660819537505399038549501682930472735921519549762205478967597690885285913555891, 149, 1532495540865888858358347027150309183618739122183602129, 1359936560647060493782853218380798464086726285367181379)
(1179967489576807400745470612166098314845125133612505975900528043349275387619065076281974189805956615536366623, 150, 1532495540865888858358347027150309183618739122183602129, 769964713182854375074629402296797194451502953763176687)
(1188169993592844499512045236350547110080378208042419038937054293670766710137574234132308751940994759460383459, 150, 1532495540865888858358347027150309183618739122183602129, 775317096793316647240599633917565533638909203270598771)
(2347974818265834967271710191185667643533332336098178267938632926217996119561785550787444484269975325363924153, 150, 1532495540865888858358347027150309183618739122183602129, 1532125057237807654955947099805940640628174419134513257)


(1174300879990067316166534933288548373042342486377290268213771955065827858372500188261067367335860658279282433, 151, 1532495540865888858358347027150309183618739122183602129, 766267077897378540421975556523431794348887741749526577)
(1200346773155970215920230090611401584370379820315614116629713503142487873516130594840685156456432403136629959, 151, 1532495540865888858358347027150309183618739122183602129, 783262816202226383121702585189404993785614513567957271)
(2344251462935189695425891664907420864569358163937322201568853950679590050510683813567219948912432685955151523, 151, 1532495540865888858358347027150309183618739122183602129, 1529695454520307083357221521256259242407588458435444787)
(1174572324855819527640423432480178258051499700072859685642305626649523687504398823902030282497113975576066263, 152, 1532495540865888858358347027150309183618739122183602129, 766444203936909356942155200915393432636244250285047847)
(1188483048091391056592766169051101460188618712574097502846502128754302164167686239707616600582252095896284721, 152, 1532495540865888858358347027150309183618739122183602129, 775521374385125935892729085027114170551284635168407649)
(1174279334173088794809704879029970451373474370481479516078460114056163750450121161069343450080908731039601413, 153, 1532495540865888858358347027150309183618739122183602129, 766253018595798878034027644656407848793836690658558197)
(1174313982759219652718697984278373260598745823929512938291555450228648257807861503043990355055487570726078841, 153, 1532495540865888858358347027150309183618739122183602129, 766275627853187829916343893146785599163276329203269929)
(1174328941271510244532414100062085788980403560989374304703913410539174081420024136582125072309246260777317299, 153, 1532495540865888858358347027150309183618739122183602129, 766285388737896270876895958696941817276812273505009731)
(1248672819071132479575548522995775274999241654892328739416770008214650693910772064907586132665411267337387797, 153, 1532495540865888858358347027150309183618739122183602129, 814797032535317399540212430830595610599931769455116293)
(1174365728886605726799863861904585681441486239175592962083482581726233763571070345041862926179784676528345767, 154, 1532495540865888858358347027150309183618739122183602129, 766309393776811226917622082352051146846385659996799223)


(1174273337596175567377432869698286152641975689728135458301785807267006114643596823521182444344431603362022297, 156, 1532495540865888858358347027150309183618739122183602129, 766249105646786420057596080181477647431449882304446793)
(1174318285301015548026440216804320457622126836018222890025668682873743927499810325910378623625015733753214157, 156, 1532495540865888858358347027150309183618739122183602129, 766278435392708280521082405867497332116276481015939133)
(1174371827334151325594087066514203181508388690128072757426177858673945210615138242236129384633558663853768657, 156, 1532495540865888858358347027150309183618739122183602129, 766313373199512941962380445094545867860703293191749633)
(1174271800650984970479598881022874004389774805595463457185039016935289680930294182953401878255661344494695093, 157, 1532495540865888858358347027150309183618739122183602129, 766248102743254492979465931245650028513128381673374117)
(1177780765935631081380416612573510569968463693499154794194575269188412590069154711274934118911772540394266027, 157, 1532495540865888858358347027150309183618739122183602129, 768537809428249791167003676043292821879386319645311163)
(1174271325691232665459700449122719293155066846338841112357611099344762917781489784073396932491510622332125043, 158, 1532495540865888858358347027150309183618739122183602129, 766247792817555109437580767408360975143453512815345667)
(1174271344786524197928990004944822069332037642615764020499522653170662014235114434541567020340849608740566503, 158, 1532495540865888858358347027150309183618739122183602129, 766247805277814224893205529286000690748860852550500407)
(1174271596620516135383848308017106252145988126813256081593913824845042231870761247998674547418426036763752193, 158, 1532495540865888858358347027150309183618739122183602129, 766247969607161503231064439766075772670541853746004017)
(1174271592022363128201083708817421397083662367046731482239900760573780618399717901250705909261529241085797541, 159, 1532495540865888858358347027150309183618739122183602129, 766247966606726667000009891785490390572733409871790229)
(1174289383057074385860253049979000836960280561254298368765905966371629522020709340020481358080672115900544299, 160, 1532495540865888858358347027150309183618739122183602129, 766259575798555835644317932821414411454444481042972731)


(1174271293475257736897518586101422458451939193920427023704445255634522442366484691794652978801555516998808499, 161, 1532495540865888858358347027150309183618739122183602129, 766247771795650595210055535799110567779977504923582531)
(1174271309784305149818259040872044945977588652532393590933096048453044305262157865549624026865868803871341229, 161, 1532495540865888858358347027150309183618739122183602129, 766247782437800590443204041353588899917374617521487901)
(1174271677690892149474098755336051706583598886588597014854673663755660072062492500763666618329828430442395299, 161, 1532495540865888858358347027150309183618739122183602129, 766248022508050185937416942239486784142855567499591731)
(1174271291521918973277453922517136581765829329949432229236269808776760547454928870924297156770651226805102673, 162, 1532495540865888858358347027150309183618739122183602129, 766247770521037579033583365342711668617824295094059137)
(1174271291794659382370234953548265170038642713985192609472821476751982155074380662917484232367962676273346869, 163, 1532495540865888858358347027150309183618739122183602129, 766247770699009000039270312057154685425320819135873061)
(1174271292253410574605565023558899875871407448270572434662680793987276761187180676633515796051349778322161617, 163, 1532495540865888858358347027150309183618739122183602129, 766247770998358120478555245873593034579906768899407873)
(1174271355008696392191049732799466442719394638877395991230365298211539330892265225409627321667196267784043463, 163, 1532495540865888858358347027150309183618739122183602129, 766247811948092814080055505587737396677971074166554647)
(1174271291401116286550845869949496454007212324089065822905356471593553715348001807648269860545034913040037539, 165, 1532495540865888858358347027150309183618739122183602129, 766247770442210147889247207466030550682432893605642291)
(1174271291408532270837425767967499286937738984397114607802133211888807000294057233060183298345201742360061403, 165, 1532495540865888858358347027150309183618739122183602129, 766247770447049303429229873354943200974720069340758507)
(1174271293215446672183425319749947427472073756748290011007790347183782314055733105653168582701241136930880361, 165, 1532495540865888858358347027150309183618739122183602129, 766247771626115965068622876878546729301840526032502809)


(1174271291389665602142947592706032126218132483920011532325532389151052311372887014660714937659279257595018277, 166, 1532495540865888858358347027150309183618739122183602129, 766247770434738227676397240685301771052446127218491413)
(1174271291784696223113695171424437512029066938124464579952680988332857080674158147487312920146410732645251663, 166, 1532495540865888858358347027150309183618739122183602129, 766247770692507735278062322243455181863033171571900447)
(1174271292864087755879844385393166135971203322713138908319267753254135732649493894722316682582013886246944251, 166, 1532495540865888858358347027150309183618739122183602129, 766247771396843574425935247412365356677930626431582219)
(1174271291422370296224436820200515472483372586670819305574556904753002999018284869607943723746561299608238953, 167, 1532495540865888858358347027150309183618739122183602129, 766247770456079036317843896421407309557529470599954457)
(1174271291596444895952631925860700385982651359197992161541780423370564764946315617180525489014111383886753517, 167, 1532495540865888858358347027150309183618739122183602129, 766247770569668012654988523033189460515113153729658973)
(1174271291387552560280264114274912832284197175041014985102947951114502371537634830636554558771128275371553621, 168, 1532495540865888858358347027150309183618739122183602129, 766247770433359403525633598031348177143132602425671749)
(1174271291386922610978654627121706487991947951663466165125072201534407251773808523534908841032786499011080293, 169, 1532495540865888858358347027150309183618739122183602129, 766247770432948342426393104367484420617355026426232917)
(1174271291388138444419633533825101017559314726750184221695711438486525099667340206526458374111255641714578557, 169, 1532495540865888858358347027150309183618739122183602129, 766247770433741710764869272395049278514582194011242733)
(1174271291387396637398491567371925500377423567599055440051285613572471649888561016997067706622181101507966439, 170, 1532495540865888858358347027150309183618739122183602129, 766247770433257659097924237430772628135510503730446391)
(1174271291388272986571798473962126875860142789358965027256112704403220596237580163329659702549092362855906059, 170, 1532495540865888858358347027150309183618739122183602129, 766247770433829503615534874518622829163299590209798171)


(1174271291386922350238049656307487445630899835263061921401038701839678889703434218602816296363830322520900599, 171, 1532495540865888858358347027150309183618739122183602129, 766247770432948172285209643898252688930051310542127431)
(1174271291386929390234383868291401589379198978073986089242046850598042555422542304103567721257595468370671361, 171, 1532495540865888858358347027150309183618739122183602129, 766247770432952766097163076567509444487251639412981809)
(1174271291386917135425950240023106598409937507254969154568333248617491102808758295868669766478227547166342369, 172, 1532495540865888858358347027150309183618739122183602129, 766247770432944769461540434513618055183976992860012561)
(1174271291386916874685345269208887556048889390854564552240343186304769884885179637764228255024316779713264489, 173, 1532495540865888858358347027150309183618739122183602129, 766247770432944599320356974044386323496673276975906841)
(1174271291386918178388370123279982767854129972856588026693946839366811198723875127679809265153085516426496847, 173, 1532495540865888858358347027150309183618739122183602129, 766247770432945450026274276390544981933191856396435743)
(1174271291386920525053814860607954149103563020460229177926642207784863088967006272165366551340196919190223063, 173, 1532495540865888858358347027150309183618739122183602129, 766247770432946981296925420613630567118925299353387047)
(1174271291386921307275629773050611276186707369661443251564836505387688097090124970632489035362536481496227149, 173, 1532495540865888858358347027150309183618739122183602129, 766247770432947491720475802021325762180836447005704381)
(1174271291386926000606519247706554038685573464868726139443523852993335770464951631021711750095103961159692859, 173, 1532495540865888858358347027150309183618739122183602129, 766247770432950554261778090467496932552303332919607371)
(1174271291386916613944740298394668513687841274454160372881122402977373573865380473145121422342403734934374213, 174, 766247770432944429179173513575154591809369561091801397, 1532495540865888858358347027150309183618739122183602129)
(1174271291386916613944740298394668513687841274454160455635881609735371925216119939261817337754316332848889179, 175, 1532495540865888858358347027150309183618739122183602129, 766247770432944429179173513575154591809369561091801451)