(485667223056432483409438813910998083996843666222097279721410759749721931248213953409, 3, 696898287454081973172991196020261297062043, 696898287454082282658001017365330021842963)
(485667223056432483409438813910998083996925900220016861430764403869771040190791423043, 3, 696898287454081973172991196020261297062161, 696898287454082282658001017365330021842963)
(485667223056432591249225482513557262665152110090953627531201969777327388674865828369, 3, 696898287454081973172991196020261297062161, 696898287454082437400505928037864384233729)
(485667223056446718261279069528619162519963193195636437130352009756227636764554041401, 3, 696898287454087079675653248213895255949429, 696898287454097602165987173946231898505269)
(485667223056432267729865476705879726660899982230065227397471142666622743136444654923, 4, 696898287454081973172991196020261297062043, 696898287454081973172991196020261297062161)
(485667223056432806928798819718819291458051971163456774802590610606235559405125899027, 4, 696898287454082437400505928037864384233729, 696898287454082282658001017365330021842963)
(485667223056433993166452174346826585349819556199456371148246180022792081740623019349, 4, 696898287454081973172991196020261297062043, 696898287454084449053069766780811095310543)
(485667223056434532365385517360915521802678107436187913805495973378122471506117141283, 5, 696898287454082437400505928037864384233729, 696898287454084758538079588125879820091427)
(485667223056455776803359232346741610772987377172901390559757553866524645006994571423, 5, 696898287454100078046065744706781696753667, 696898287454097602165987173946231898505269)
(1942668892225717424222501697763410375614065994120364537930970066770436494983772005881, 5, 1393796574908160851495884178589835346313331, 1393796574908158685100815429174354272846051)


(485667223056435826442825540590332622706864986686390893779629571096990340954485456069, 6, 696898287454081973172991196020261297062161, 696898287454087079675653248213895255949429)
(1942668892225706208884688163122158846674885576240675790040049560675481728166530149903, 6, 1393796574908150638490560074202567428538613, 1393796574908160851495884178589835346313331)
(1942668892199392438219344939198968545612861451500408903428011831383727524756643122349, 7, 1393796574899050231776763422456715241586743, 1393796574898382053640559138453338439286843)
(485667223056433993166452174346826585349901790197375953113234442255272217449869663423, 8, 696898287454081973172991196020261297062161, 696898287454084449053069766780811095310543)
(485667223056435826442825540590332622706782752688471311504227844013701101314283423447, 8, 696898287454081973172991196020261297062043, 696898287454087079675653248213895255949429)
(485667223056437551879412238243922569607928143737238400073282040536880596583058529947, 8, 696898287454087079675653248213895255949429, 696898287454084449053069766780811095310543)
(485667223056444884984905703205303630823772544879607890254559510586664839737786761681, 8, 696898287454081973172991196020261297062043, 696898287454100078046065744706781696753667)
(485667223056444884984905703205303630823854778877527474063768946344540239978003694387, 8, 696898287454081973172991196020261297062161, 696898287454100078046065744706781696753667)
(485667223056448443697865767182209109421037500619083208817279289648089314717222306143, 8, 696898287454087079675653248213895255949429, 696898287454100078046065744706781696753667)
(1942668892213022093176727158275958521392393434069105847570352332718829189779693770933, 10, 1393796574899050231776763422456715241586743, 1393796574908160851495884178589835346313331)


(485667224197848470551422345999798584567152475825327407297898294167835202323101002803, 12, 696898287454081973172991196020261297062043, 696898289091933899874366248549516729909321)
(485667224197848470551422345999798584567234709823440255498083469385164045297230302681, 12, 696898287454081973172991196020261297062161, 696898289091933899874366248549516729909321)
(485667224197852029264390773579475228499146222424376522477642413189447461532931727709, 12, 696898287454087079675653248213895255949429, 696898289091933899874366248549516729909321)
(485667233313504274870540724152016565800478125205239204740766108295558550914005478907, 12, 696898297354027271365082127651880780693583, 696898292272313120659538948317573420155029)
(1942668891835022288627986458650779634771784625657045363240343198394600028230956090939, 12, 1393796574636959292131944405538844069330973, 1393796574899050231776763422456715241586743)
(1942668892213007858324886995816562355009667326940591257641266648575285934823764407459, 12, 1393796574908150638490560074202567428538613, 1393796574899050231776763422456715241586743)
(485667271716359127431317936738728263708614823921385667625621784750695776597785444373, 13, 696898287454100078046065744706781696753667, 696898357277634589739447960602635101274119)
(1942668879269848907177164197896548130322055473364360836149795259845298900179728993369, 13, 1393796574636959292131944405538844069330973, 1393796565883980450360734633837096331116653)
(1942668889898349990534843621497766998222016778249036604934856117999406954607733114097, 13, 1393796573247465062507071093175332011769879, 1393796574899050231776763422456715241586743)
(485667278615602125623524055636780269086092485100875162059575349303722148979827278377, 15, 696898297354027271365082127651880780693583, 696898357277634589739447960602635101274119)


(485667229955687191929024539215930820739568578305130443395906092247398190433722970069, 16, 696898287454081973172991196020261297062043, 696898297354027271365082127651880780693583)
(485667229955690750642035157197403105795784412532578759313372196898034530381792814107, 16, 696898297354027271365082127651880780693583, 696898287454087079675653248213895255949429)
(485667229955699809184244002968423467757049044140947448450416884590176681399758618861, 16, 696898297354027271365082127651880780693583, 696898287454100078046065744706781696753667)
(485667271716346510175013563681567352014124226064930886874796828245533293060693165117, 17, 696898287454081973172991196020261297062043, 696898357277634589739447960602635101274119)
(485667271716346510175013563681567352014206460071089647756386083104884404002643511159, 17, 696898287454081973172991196020261297062161, 696898357277634589739447960602635101274119)
(485667271716350068888330181723330686081804456503620254537133367134489749972930528051, 17, 696898287454087079675653248213895255949429, 696898357277634589739447960602635101274119)
(1942668889533048536978686687750667000599023491812225320988124554146551653929163162267, 17, 1393796574636959292131944405538844069330973, 1393796573247465062507071093175332011769879)
(1942668889911034106227691619236279701220473218874990412570999154589781217756621837827, 17, 1393796573247465062507071093175332011769879, 1393796574908150638490560074202567428538613)
(485667229955687191929024539215930820739650812304218218613927171938461112365844812863, 18, 696898287454081973172991196020261297062161, 696898297354027271365082127651880780693583)
(1942668891847706404333479419005352241337730712179767889718292814689924302062007360449, 20, 1393796574636959292131944405538844069330973, 1393796574908150638490560074202567428538613)


(1762614709060106024798126200105997492112049299187096769423267996194716398829078315491, 22, 1393796573247465062507071093175332011769879, 1264614035427936321575123086750512482091029)
(1767149403935622033760702401585405138316876295129045110178282138296137759488091366553, 23, 1343263918633577594465446042384997589975067, 1315563813947476460954170178473937717952859)
(486228460644051335096538792413876870484732241062913288723699510870047980315748607471, 24, 697703623896600471974199538086606343766099, 696898287454087079675653248213895255949429)
(882325795348575068006141245950773471980726796213545845931686586830839876814402225871, 24, 697703623896600471974199538086606343766099, 1264614035427936321575123086750512482091029)
(937200103880195360542944888757026354720513276793298503878552089875704282732289853633, 24, 697703623896600471974199538086606343766099, 1343263918633577594465446042384997589975067)
(485670624323963451429633813750999017582569944356856948308905372857662311250901607217, 25, 696898287454081973172991196020261297062161, 696903168033633415687263569710209159921697)
(917873640458387395012427994503830744770351566355213944084852429699509776170604327041, 25, 697703623896600471974199538086606343766099, 1315563813947476460954170178473937717952859)
(1762614710817279929727868825493361567743344330985692445687211324319042062492115141217, 25, 1393796574636959292131944405538844069330973, 1264614035427936321575123086750512482091029)
(1872236648624899647288325406481727664352315717445680164459948819073783518174440850191, 25, 1393796574636959292131944405538844069330973, 1343263918633577594465446042384997589975067)
(1872236648976956949913981474619088417322770616020620713971062533936256549830887736781, 25, 1343263918633577594465446042384997589975067, 1393796574899050231776763422456715241586743)


(486228460644047772271126040961066426329996579850715283683742415059040347756683080257, 26, 696898287454081973172991196020261297062043, 697703623896600471974199538086606343766099)
(486228460644047772271126040961066426330078908878335082539435370604534567305247479939, 26, 697703623896600471974199538086606343766099, 696898287454081973172991196020261297062161)
(486228467551275483197858860783678955774255349047263825396467502564488441405542242717, 26, 697703623896600471974199538086606343766099, 696898297354027271365082127651880780693583)
(1872236646758442183483673999133333271774786286138975797832993063784032496542151606893, 26, 1393796573247465062507071093175332011769879, 1343263918633577594465446042384997589975067)
(885058268529241174312810512122038867593933893847031743420522019023304362615942166607, 28, 696898287454081973172991196020261297062043, 1269996331548679404575327702322302425235549)
(885058268529241174312810512122038867594083753414154487590261907692178394302119961389, 28, 696898287454081973172991196020261297062161, 1269996331548679404575327702322302425235549)
(1705940248966347325438315172946380458011638895550588806102040391111897580958512056783, 28, 1343263918633577594465446042384997589975067, 1269996331548679404575327702322302425235549)
(1872236648989181197897515283492887843724031430736448622937261762489516613246916762071, 29, 1343263918633577594465446042384997589975067, 1393796574908150638490560074202567428538613)
(936118324494599536929769237627783377317513260929792882909752143832593460556722081881, 30, 696898287454081973172991196020261297062043, 1343263918633577594465446042384997589975067)
(1770116534949400858343217204887196075423799856601831585277005984387974823696958228571, 30, 1393796573247465062507071093175332011769879, 1269996331548679404575327702322302425235549)


(916814182000566660445013857492783917616014307736752740967850793598111872380917803797, 31, 696898297354027271365082127651880780693583, 1315563813947476460954170178473937717952859)
(972456921098875074479493340310380607958992683454728835270575572121370930832128084327, 31, 697703623896600471974199538086606343766099, 1393796574636959292131944405538844069330973)
(1770116536714053432674864684500102481923943716939505400697349621536555907196366359177, 31, 1393796574636959292131944405538844069330973, 1269996331548679404575327702322302425235549)
(886081042856902131709736867459182327989242217078449412594811574787457378157835853351, 32, 697703623896600471974199538086606343766099, 1269996331548679404575327702322302425235549)
(936118324494599536929769237627783377317671766072191645065899066465594890272339139787, 32, 696898287454081973172991196020261297062161, 1343263918633577594465446042384997589975067)
(972456920129419915086804117271259350539421312662745029818368104876652856627389532021, 32, 697703623896600471974199538086606343766099, 1393796573247465062507071093175332011769879)
(1833628337596326702909952782905691062764483164147805086416913175678242482067282601807, 32, 1393796574636959292131944405538844069330973, 1315563813947476460954170178473937717952859)
(1833628337953096224835044294463741339582480012304707866756062630447849088956395244567, 32, 1393796574908150638490560074202567428538613, 1315563813947476460954170178473937717952859)
(972456921288086259603297638742081392135416082914606908828360388243949810658261880687, 33, 697703623896600471974199538086606343766099, 1393796574908150638490560074202567428538613)
(1833628335768358374726643813249593047231608257608661302679539929615649268029278134061, 35, 1393796573247465062507071093175332011769879, 1315563813947476460954170178473937717952859)


(971341248647917628572664080634190844806166132731678753237211382465281728938220986261, 36, 1393796574908150638490560074202567428538613, 696903168033633415687263569710209159921697)
(936118418286058437576618162433982895954616593199236022684449651225234243393142390973, 37, 1343263918633577594465446042384997589975067, 696898357277634589739447960602635101274119)
(971334542275354696269888537219872139196079679438487674089936454608443055657126461601, 37, 1393796573247465062507071093175332011769879, 696898357277634589739447960602635101274119)
(971341247490580589562011365760323173414751519721221644430545141229438855374023164663, 37, 1393796573247465062507071093175332011769879, 696903168033633415687263569710209159921697)
(916820589690405835862006847158735624895149016131243618336413251168343164859577281723, 38, 1315563813947476460954170178473937717952859, 696903168033633415687263569710209159921697)
(936118337792838852437339146431590578749406076987287298950101088994089639959936895061, 38, 1343263918633577594465446042384997589975067, 696898297354027271365082127651880780693583)
(971334458754036159292978277514125039406729881511113357341775458461977205745007986457, 38, 1393796573247465062507071093175332011769879, 696898297354027271365082127651880780693583)
(936124880401013010509894317423561626046268437835686040214613880955467288725902328699, 39, 1343263918633577594465446042384997589975067, 696903168033633415687263569710209159921697)
(971334459722372322101798288432626399468266741442277859631418478660267843537724246259, 39, 1393796574636959292131944405538844069330973, 696898297354027271365082127651880780693583)
(971334543426341687638041182281518847917326988753074359375574144736558593374559404417, 40, 1393796574899050231776763422456715241586743, 696898357277634589739447960602635101274119)


(971334445923887710898466947619607452364847564656956141617275002979442675470674427991, 41, 1393796574636959292131944405538844069330973, 696898287454100078046065744706781696753667)
(971334459905023051692189786407870712010854462684053782513135942203611391904997970169, 41, 696898297354027271365082127651880780693583, 1393796574899050231776763422456715241586743)
(971334444955526327335488259267906149644951559919798807596490731783238138079301602797, 42, 696898287454081973172991196020261297062043, 1393796573247465062507071093175332011769879)
(971334444955526327335488259267906149645116027915442008473866566172232827256690448519, 42, 696898287454081973172991196020261297062161, 1393796573247465062507071093175332011769879)
(971334444955533444761399906673540751229645072838183100133026376206535566626809449091, 42, 1393796573247465062507071093175332011769879, 696898287454087079675653248213895255949429)
(971334445923862476388391404746601416062250635679077624010654130591957937845482557839, 43, 696898287454081973172991196020261297062043, 1393796574636959292131944405538844069330973)
(971334445923862476388391404746601416062415103674884785207125700031811521445663612653, 43, 696898287454081973172991196020261297062161, 1393796574636959292131944405538844069330973)
(971334445923869593814310147608218503224528354656150565444970404071429335133951364417, 43, 1393796574636959292131944405538844069330973, 696898287454087079675653248213895255949429)
(971334446106520320810017018316070702430598040800150524209517134172503693708924819747, 45, 696898287454087079675653248213895255949429, 1393796574899050231776763422456715241586743)
(971334459911365109636263831571055080423430064063468992291145996933835627346236820379, 45, 696898297354027271365082127651880780693583, 1393796574908150638490560074202567428538613)


(971334448986704264757160090098889354811657761617756701599335405368995684969816793471, 46, 1393796574908150638490560074202567428538613, 696898289515967513183351392853660461432867)
(971334543432683746127444425799751469791149296719703305416405717816490908598489056947, 46, 1393796574908150638490560074202567428538613, 696898357277634589739447960602635101274119)
(971334446106513203384096937086372619239197354728370954888716319488325734919437295949, 47, 696898287454081973172991196020261297062043, 1393796574899050231776763422456715241586743)
(971334446106513203384096937086372619239361822724209042816065977572175627317944531623, 47, 696898287454081973172991196020261297062161, 1393796574899050231776763422456715241586743)
(971334447829375327430427320150993178413242196288971604733170920206626774993011213093, 47, 1393796573247465062507071093175332011769879, 696898289515967513183351392853660461432867)
(971334448395687666881169395882864097068994814742864555697068885900456682643037111773, 47, 1393796574908150638490560074202567428538613, 696898289091933899874366248549516729909321)
(971334446174355213177314219869173851980307968650220117186284824002751787286025763701, 48, 1393796574908150638490560074202567428538613, 696898287498206024735744915831025144168577)
(971334446112862378663997581292619280820058513172478423628379809337054296091301801977, 49, 1393796574908150638490560074202567428538613, 696898287454087079675653248213895255949429)
(971334448395694784307106251042217384932944675433351821625963908166259527159283458251, 49, 1393796574908160851495884178589835346313331, 696898289091933899874366248549516729909321)
(971334447238358730258623131289359953980314726980147749109897004758051489080389142159, 50, 1393796573247465062507071093175332011769879, 696898289091933899874366248549516729909321)


(971334446112869496089917709113677811787043169788614730976780107451160027159324537999, 51, 696898287454087079675653248213895255949429, 1393796574908160851495884178589835346313331)
(971334446112887613174078034303391820073293171638981276832878505286612867539305234777, 51, 696898287454100078046065744706781696753667, 1393796574908160851495884178589835346313331)
(971334446112853427961704087348164050511232178737128602424523747164506028534885521619, 52, 696898287454081973172991196020261297062043, 1393796574908148007867976592769483267899433)
(971334446112853427961704087348164050511396646732967763889452168402452827560497654713, 52, 696898287454081973172991196020261297062161, 1393796574908148007867976592769483267899433)
(971334446112855261238077453591670087868400263322655042880618270567045004929882166359, 53, 696898287454081973172991196020261297062043, 1393796574908150638490560074202567428538613)
(971334446112855261238077453591670087868564731318494204655960156655800907886449722693, 53, 696898287454081973172991196020261297062161, 1393796574908150638490560074202567428538613)
(971334446112858712111250848840615151117787268802572031791164836686214563271901496859, 53, 1393796574908150638490560074202567428538613, 696898287454084449053069766780811095310543)
(971334446112862378663997581360575879960292639727783854013249157658877408841624995233, 53, 696898287454081973172991196020261297062043, 1393796574908160851495884178589835346313331)
(971334446112862378663997581360575879960457107723623016993725671991951009412489968291, 53, 696898287454081973172991196020261297062161, 1393796574908160851495884178589835346313331)
(971334446112865829537170976634807119633966811370613569080987691946985429157625748733, 55, 1393796574908160851495884178589835346313331, 696898287454084449053069766780811095310543)


(971334446112860868906984220924747378607690287232500149903207530965255910542530376211, 56, 696898287454081973172991196020261297062161, 1393796574908158685100815429174354272846051)
(971334446112863025702717592974494237399235124644849703427000628153372574961572541299, 56, 1393796574908160851495884178589835346313331, 696898287454082437400505928037864384233729)
(971334446112864427619944284809200274653571663894331326448585200452101077004923718037, 56, 696898287454081973172991196020261297062161, 1393796574908163791603477481367988231733317)
(971334446112864858979090959219221482140388547163739819216151767497725775374343762803, 56, 696898287454082437400505928037864384233729, 1393796574908163482118467660022919506952307)
(971334446112867662813544342882958534098987389534189922407711285452912912169871346871, 56, 1393796574908162863148448017332782057390173, 696898287454084758538079588125879820091427)
(971334446112867770653331011462482389168458916183785316147066982366399070652914992239, 56, 1393796574908158685100815429174354272846051, 696898287454086924933148337541360893558789)
(971334446112867986332904348666786608248650714101217547193906600879971657301958354879, 56, 696898287454087079675653248213895255949429, 1393796574908158685100815429174354272846051)
(971334446112889662130024737665957012049856969517715528336544076809043809754345914043, 56, 696898287454103327638668868830003306954853, 1393796574908157292418271233121545011331231)
(971334446112880495748157906349580862878800892667553161111653434713978083792058843871, 57, 1393796574908150638490560074202567428538613, 696898287454100078046065744706781696753667)
(971334446112864427619944284809200274653407195898492163121175990109299654393579186631, 58, 696898287454081973172991196020261297062043, 1393796574908163791603477481367988231733317)


(1942668892225728855239888569618400549306344682351240275044581608307378296753064245433, 81, 1393796574908163946345982392040522594123749, 1393796574908163791603477481367988231733317)
(1942668892225727992521595220797927119962394328014673637300176442813171014779629719663, 82, 1393796574908163946345982392040522594123749, 1393796574908163172633457838677850782171587)
(1942668892225721737813968441849494757214581929027577924879852294689594916086719965199, 83, 1393796574908163946345982392040522594123749, 1393796574908158685100815429174354272846051)
(1942668892225613250988579827674961017145891275185795925407502794371263211651020613269, 84, 1393796574908163946345982392040522594123749, 1393796574908080849620845360889569990410481)
(1942668892225710522476154907183340175736330817199566038996065222389083744636346820137, 84, 1393796574908163946345982392040522594123749, 1393796574908150638490560074202567428538613)
(1942668892225717639902075034952245967828205074249221042276502214598230367110221000291, 84, 1393796574908163946345982392040522594123749, 1393796574908155744993222126396201387425959)
(1942668892225728423880741895208163834634167404679595272400158858113428779990199038943, 84, 1393796574908163946345982392040522594123749, 1393796574908163482118467660022919506952307)
(1942668892225669111998074163800615567201369012126237374064261934850269347059943331361, 85, 1393796574908163946345982392040522594123749, 1393796574908120927929617225075969849557389)
(1942668892225687229082234489030557583435028023296281649476814863034709400979750517353, 85, 1393796574908163946345982392040522594123749, 1393796574908133926300029721568856290361397)
(1942668892225727561162448546387690405289653956526765736421429915732837126888738518577, 85, 1393796574908163946345982392040522594123749, 1393796574908162863148448017332782057390173)


(1942668892225476294459510702424804108709056871534636524742300789386438214836151121187, 86, 1393796574908163946345982392040522594123749, 1393796574907982588130227083830249872425063)
(1942668892225724757327995162721151759920115570009823657819544202349570043171542397919, 86, 1393796574908163946345982392040522594123749, 1393796574908160851495884178589835346313331)
(1942668892225706855923408174696328101021994648028513158970395986217248741208488934317, 87, 1393796574908163946345982392040522594123749, 1393796574908148007867976592769483267899433)
(1942668892225719796697808407003429541189400885447075667894704773659010946940442505019, 87, 1393796574908163946345982392040522594123749, 1393796574908157292418271233121545011331231)
(1942668892225199577566919068257951646466426709497387624683798302743825913843183248451, 88, 1393796574908163946345982392040522594123749, 1393796574907784053496426690968662925377799)
(1942668892225692836751141256363634874174160548193162133238440129096925189317907708629, 88, 1393796574908163946345982392040522594123749, 1393796574908137949605157399054749712515121)
(1942668892225634171907193536571441678749269866427520340734966413649935617225260007289, 89, 1393796574908163946345982392040522594123749, 1393796574908095859643821696125403142291461)
(1942668892163334264430448489313451710941841498896190094255143599321400550882002597101, 90, 1393796574908163946345982392040522594123749, 1393796574863397868130354291884689188716649)
(1942668892203275533257618830771810072461639215436784505921197047863947788467935632609, 90, 1393796574908163946345982392040522594123749, 1393796574892054323129751917178191565816141)
(1942668892224551029089894092467051136751228543912670070951153161270325178450269173837, 90, 1393796574908163946345982392040522594123749, 1393796574907318742784160298657835217059913)


(1942668892194736347590052205725806420770593738384918740627703084128272542032784785003, 91, 1393796574908163946345982392040522594123749, 1393796574885927757875328570197715800031247)
(1942668892213026406768193874172745238477925000011000929849323869703283556802459859507, 92, 1393796574908163946345982392040522594123749, 1393796574899050231776763422456715241586743)
(1942668892223009782858826424691269612832689204175922551288850672861160275484883286957, 92, 1393796574908163946345982392040522594123749, 1393796574906212952844068632727281574346793)
(1942668891963688094895557862249681600122057532648130756878640066340806478666873698651, 94, 1393796574908163946345982392040522594123749, 1393796574720158766292236243054264410177599)
(1942668892183755453472735081534879366857584719546724217216978352825770988867963322071, 94, 1393796574908163946345982392040522594123749, 1393796574878049352722811499455723411079179)
(1942668892223203463115683234887554500669021388932835446552534282938800715811816210351, 94, 1393796574908163946345982392040522594123749, 1393796574906351911613478416663139001040899)
(1942668630928479194317515044976867672550561130195924508249799850374260811331201399239, 95, 1393796574908163946345982392040522594123749, 1393796387436581234343266220643895006462011)
(1942668696689412744693119790425766651802834329106597305471293383398561450328347106907, 95, 1393796574908163946345982392040522594123749, 1393796434617737175057596010038672201089343)
(1942668891158768260648361628053091122970025657194459008073414272602325115432058483571, 95, 1393796574908163946345982392040522594123749, 1393796574142657107343022863380738799042679)
(1942668892000757158844596643146875316522229527789349372313679863609411486731800148261, 95, 1393796574908163946345982392040522594123749, 1393796574746754515353738442207662832615489)


(1942668891847724952776782809493202832124031561912502592739859795919249285239600577777, 96, 1393796574908163946345982392040522594123749, 1393796574636959292131944405538844069330973)
(1942668879647853022872442730634156632170159024613528801627311502941412530037236692097, 97, 1393796574908163946345982392040522594123749, 1393796565883980450360734633837096331116653)
(1942668886985872559736331636200238282013353394577190819169713823845417429522737789707, 97, 1393796574908163946345982392040522594123749, 1393796571148751270555485565181286988906543)
(1942668889911052654670976518535812299289433410394413219466916580608076189270636756371, 97, 1393796574908163946345982392040522594123749, 1393796573247465062507071093175332011769879)
(1942668892212095102370523822471678261108764569075310459028986689612732566954049534407, 97, 1393796574908163946345982392040522594123749, 1393796574898382053640559138453338439286843)
(1942664422621895774272215906936749516198333857578919789124504881853833877991597271811, 98, 1393796574908163946345982392040522594123749, 1393793368124682224025359036975096780554439)
(1942663636965484129445470216867576485418341559370032368366323102308920123565866481741, 99, 1393796574908163946345982392040522594123749, 1393792804443851184106231144734136190632009)
(1942668252277365251861896463407337901971965743885738308727911921556368628739739746223, 99, 1393796574908163946345982392040522594123749, 1393796115767730299331739339712536745345027)
(1942668874904508575236572293289169058945400078285604324627220412634639075042899525173, 99, 1393796574908163946345982392040522594123749, 1393796562480797709760008656227901437378577)
(1942668889710242678158358332653386002762456608523928826221506600583843144089317931949, 100, 1393796574908163946345982392040522594123749, 1393796573103390970112455055349487773941801)


(1942666220257624261422156732546019851055443021555279081694216476770224743370222206463, 101, 1393796574908163946345982392040522594123749, 1393794657865065325192477235584013873184787)
(1942668843553404302305131031529872624899923060946372238767720064684638207425615232997, 101, 1393796574908163946345982392040522594123749, 1393796539987483522216436546113322197450753)
(1942668873232403507997168730456935310613054876978353672067650415625550964739496997963, 101, 1393796574908163946345982392040522594123749, 1393796561281121159148900200245634244018287)
(1648967105689981007709842306470588630527863873498707123702775450968214634206207145197, 102, 1393796574908163946345982392040522594123749, 1183075877337860460345740205269604733288553)
(1942668881386734427133205032955886859495226641126344162265801229467569113438026200679, 102, 1393796574908163946345982392040522594123749, 1393796567131566673174731502510768893460571)
(1822067027450758906752512421055403169158485942253912686582643678687255622554337931553, 103, 1393796574908163946345982392040522594123749, 1307268980461379976473537114689022833197197)
(1942667527896545301467623297379790822215927735332042228312512987204236956796884876961, 103, 1393796574908163946345982392040522594123749, 1393795596049980240918013975710015240011789)
(1942668721316491501982147631097225616368961644305977306571652198740699660325539020287, 103, 1393796574908163946345982392040522594123749, 1393796452286799648476060831561501789650963)
(1942345401912607481319842817457146510234495097098791843253328696860714938701734472937, 104, 1393796574908163946345982392040522594123749, 1393564481990915312629673932636334306885813)
(1902388840578274471751615467879159738446070199909716582272162758458891721288091431957, 105, 1393796574908163946345982392040522594123749, 1364897055155714693115174510177598234951793)


(1820692990706299541031608119038290585604447546145835903081701221638326395002956017197, 106, 1393796574908163946345982392040522594123749, 1306283157444452344967210423153929574416553)
(983837210148809135794477529776275268041167174411857570202540118763913072166846857189, 107, 1393796574908163946345982392040522594123749, 705868580724294950033550728085440624066561)
(1762614711160249141920321479364933401624843204928268888823163078627364208355508747721, 107, 1393796574908163946345982392040522594123749, 1264614035427936321575123086750512482091029)
(1942288365978416767148002539664651269156509456498331889520774947632875336402219301427, 107, 1393796574908163946345982392040522594123749, 1393523560715015009731936184308816064544823)
(1670108189183111085446093824256447552151871299746450082114889388490226665611748961621, 109, 1393796574908163946345982392040522594123749, 1198243860868400450003546218819971765502129)
(1872236648989199073859538475255566754634573841919006250170169432348903176925622566183, 109, 1393796574908163946345982392040522594123749, 1343263918633577594465446042384997589975067)
(971653455774629683222210423570650127859375005911901315441892258241273922077702750181, 110, 1393796574908163946345982392040522594123749, 697127165661639748979571135016198962413569)
(1488889526518910548684090614599465261511163750706261276073237728121032156495671721849, 110, 1393796574908163946345982392040522594123749, 1068225846814849717123739916998010413776901)
(1634874194335113273721144397179821421813499853267535052837054526194164309223356232563, 110, 1393796574908163946345982392040522594123749, 1172964709317666190778457578518073015533687)
(1833628337953113732168079140523697980811591936886838308053790023200589535055194348391, 110, 1393796574908163946345982392040522594123749, 1315563813947476460954170178473937717952859)


(1770116537058482348625621024244077735187439798930331581881702152610926109314579953201, 111, 1393796574908163946345982392040522594123749, 1269996331548679404575327702322302425235549)
(971341248647926902859267627501998035164740563198430624670621943689880672653168082053, 112, 1393796574908163946345982392040522594123749, 696903168033633415687263569710209159921697)
(971395047549662202064575554418776594535504094494321081960870221791100979788715653953, 112, 1393796574908163946345982392040522594123749, 696941766852646042381744973653135958474797)
(1735112149592702794835766762730058281584436579557557720842256175433193717476012064309, 112, 1393796574908163946345982392040522594123749, 1244881915215660389461373406709650422759441)
(971578046849811157756214226788440539970531322234038369697009968168677470651230974943, 113, 1393796574908163946345982392040522594123749, 697073062411440921295564010045172395016307)
(971750116531006341696397866553875369827368574571423323922410072468536517931021890689, 113, 1393796574908163946345982392040522594123749, 697196516353208945415585719808603772158061)
(972456921288095544542252081922132852659758033580177413008429524873745509175516985151, 113, 1393796574908163946345982392040522594123749, 697703623896600471974199538086606343766099)
(1141351600722500285141661549669469928600041358751943518891120287792339937363364937107, 114, 1393796574908163946345982392040522594123749, 818879613617721048908474888282235333509143)
(1491275421217869970219566962579670088702983366117393209614886214793352514072865666717, 114, 1393796574908163946345982392040522594123749, 1069937642310628307395043587168164531667033)
(1884351370315521495027233788039963024362710472034421225708861084244289336188684205621, 114, 1393796574908163946345982392040522594123749, 1351955804913410539027276860907216135258129)


(973962057689308439395605798798139279412877219278726459097235051016911751217135218491, 116, 1393796574908163946345982392040522594123749, 698783506304341405755796069122873858457759)
(1078272393946671229572102298769165369540787407557853737190245988514353506179025468711, 116, 1393796574908163946345982392040522594123749, 773622502277793061156891608418502167232539)
(971342679801196563051822893185099041296334184484969542443125088823398359598635155213, 117, 1393796574908163946345982392040522594123749, 696904194835747457680808648483506411798537)
(973033840854015118236623265756966536463376164340844760220004251454446371690361387031, 117, 1393796574908163946345982392040522594123749, 698117543385502635782976616259732734214219)
(971334446491846113428774264338470975138664974071066543249616240642126694571768281057, 118, 1393796574908163946345982392040522594123749, 696898287725987920419284350447670175727693)
(971520737283235624018805492722681231424370795830167525169622646696694973140138196263, 118, 1393796574908163946345982392040522594123749, 697031944813932612154181860038974331944987)
(972698065277336216017132306348691128345030870390122731288551833364938736301558986397, 118, 1393796574908163946345982392040522594123749, 697876636223924177906146695254175607947353)
(971334452104152778061577263289247911842175184894729191667437119257316759638084939903, 119, 1393796574908163946345982392040522594123749, 696898291752620476179864435376218387251347)
(971337057047212470040798249503044472601470190416258034248251287448981519291408969207, 119, 1393796574908163946345982392040522594123749, 696900160707607586559778706170314198352043)
(971334461241047149305705446899336404343207737694741447897980780011694104616026242667, 120, 1393796574908163946345982392040522594123749, 696898298308020694354564907552324156653583)


(971334446999079177207479889640070490430928247637015169593317524645478304564216063259, 121, 1393796574908163946345982392040522594123749, 696898288089909796043154910035796595572991)
(971334452828498605942313734959668046352376159219197481323649240334853050395990683721, 121, 1393796574908163946345982392040522594123749, 696898292272313120659538948317573420155029)
(971334504022930267500907032736544021535897323632076016150632837420778575587149078539, 121, 1393796574908163946345982392040522594123749, 696898329002516496953350135050596576657711)
(971334447448697325201471237264638093128805877978922814514502202849500831193636011573, 122, 1393796574908163946345982392040522594123749, 696898288412494996845227694174628908892177)
(971334448986713538978841029193642545880023564755982521056419007884608356138853858383, 122, 1393796574908163946345982392040522594123749, 696898289515967513183351392853660461432867)
(971334543432693020350027127363134704028013597383459210892851462528343498092256952131, 122, 1393796574908163946345982392040522594123749, 696898357277634589739447960602635101274119)
(971334446356631196914346945512298027671168178934363285549571782491156284604304849999, 123, 1393796574908163946345982392040522594123749, 696898287628975975528160971842528493961251)
(971334459911374383858049078431861641478902301884052579601362151817777697044352202667, 123, 1393796574908163946345982392040522594123749, 696898297354027271365082127651880780693583)
(971334446174364487398968306885762061457270103737944570583239623806292243894455235173, 124, 1393796574908163946345982392040522594123749, 696898287498206024735744915831025144168577)
(971334449341171271061577432137533164093645651558805450937707714789799440228175313891, 124, 1393796574908163946345982392040522594123749, 696898289770278463908776526761393725112359)


(971334446119275610777179375554931269508940592292370156541430372767798591686004702017, 126, 1393796574908163946345982392040522594123749, 696898287458681694131460937104183355506733)
(971334446113388852502513699054486137430668044674969701801789953440953027267783555743, 127, 1393796574908163946345982392040522594123749, 696898287454458152202429040951296268435507)
(971334446116601399747371369292418658948367614037294833501843101537579525484587253733, 127, 1393796574908163946345982392040522594123749, 696898287456763041813073508350624075350017)
(971334448395696941102844691999597169134070096927230832871538926909909217508222564429, 127, 1393796574908163946345982392040522594123749, 696898289091933899874366248549516729909321)
(971334446112874456720104464847203890782922001440859184494451853596918743503084712441, 129, 1393796574908163946345982392040522594123749, 696898287454089091328217086956841967026309)
(971334446112894299240851487718092765705981446398637919802083389823608963681038103897, 129, 1393796574908163946345982392040522594123749, 696898287454103327638668868830003306954853)
(971334446112918023993918580281112072679124219202439536290740771633059017632721665913, 129, 1393796574908163946345982392040522594123749, 696898287454120349314209042808783169912837)
(971334446145005105478441260149369682027338470345365309370265408550391531792851009293, 129, 1393796574908163946345982392040522594123749, 696898287477141701254779617090944733544457)
(971334446112886319096638011128713544269448786352362931492497473065098473755914533481, 130, 1393796574908163946345982392040522594123749, 696898287454097602165987173946231898505269)
(971334446269327125141473034472905368719131605767688752807976096956719855237393806951, 130, 1393796574908163946345982392040522594123749, 696898287566338375935389479348113881694299)


(971334446112864751139304290616877810657635629217607124360891864626064889803488356097, 131, 1393796574908163946345982392040522594123749, 696898287454082127915496106692795659452653)
(971334446112871652885651081180665245413330650654070595662604992882754119927311889321, 131, 1393796574908163946345982392040522594123749, 696898287454087079675653248213895255949429)
(971334446112889769969811406410607261647310235036343748782817497017363494043767537583, 131, 1393796574908163946345982392040522594123749, 696898287454100078046065744706781696753667)
(971334446112865182498450965027114525329904897463196065825773449657889081057565730021, 132, 1393796574908163946345982392040522594123749, 696898287454082437400505928037864384233729)
(971334446112867986332904348693653170699404257676040715837161475534179030142126385707, 133, 1393796574908163946345982392040522594123749, 696898287454084449053069766780811095310543)
(971334446112868417692051023103889885371405916979247289824344631946731441058131999823, 133, 1393796574908163946345982392040522594123749, 696898287454084758538079588125879820091427)
(971334446112871437206077743975546888077053849280635492207636910162853890995672579961, 133, 1393796574908163946345982392040522594123749, 696898287454086924933148337541360893558789)
(971334446112936356757652242716172446249414056075945588800633662064977593223075593511, 133, 1393796574908163946345982392040522594123749, 696898287454133502427126449974203973107739)
(971334446112864535459730953411759453321565109737258429169982987300186658215779361589, 135, 1393796574908163946345982392040522594123749, 696898287454081973172991196020261297062161)
(971334446112866476575890988257824669346286200448040992052836334141397254905995984599, 135, 1393796574908163946345982392040522594123749, 696898287454083365855535392073070558576651)