(1315033975387106224643026694836550509140965140140864817220446399312429389282764291343522022941940464098270791968173601467734432469804766551790429090098281170818207012099058479765003510243128010347974081571221707, 3, 1146749307995037283582392698515608171732548801617761350470089669145649415149579419820984099057592480825509, 1146749307995045431726298036459953245515302439130405556343664332890651959711376837346183152404417214415023)
(1315033975387093376810247470720032166387584950705793464874570225767183038574270205528416634069397112807734240117536275249759121868421150437265273202994499376819706707557874909142052891749258675708287483839171133, 4, 1146749307995035755805410447651043470398282494584140561868794419693461438044242404035009276555062843277689, 1146749307995035755805410447651043470398282494584140561868794419693461438044242404035009276555062843277797)
(1315033975387095128787444637642996124597481539617662223874317009214196380984197078850080842201513531078010675134858843409147087505440850406150569481222158989197097259897420541938716909091775329816030857970923673, 4, 1146749307995035755805410447651043470398282494584140561868794419693461438044242404035009276555062843277797, 1146749307995037283582392698515608171732548801617761350470089669145649415149579419820984099057592480825509)
(1315033975387119656468204974692607832725234441977895442662236578009892452143658544640745676105342292417164754141157145163021884935437723915569919293173041481679147793795762929995024402430640490904030315752201923, 4, 1146749307995048996539256621810604215295257155542187396413353248279090572957163207513457738243653035360301, 1146749307995045431726298036459953245515302439130405556343664332890651959711376837346183152404417214415023)
(5260135901548226341156427862305544756761654714684051912168518158252474025278983950092874239008659463128984277989340650814952638392393149169678240335502308812510708050147181351876873595410069943254350325828572201, 4, 2293498615990030770891294205580361571882796801605060094369715520661910153279497720444023286376002018607259, 2293498615990048085697093048712094853671148281319429031851061681120040560473317232685071274738004577484939)
(5260135901548370003286595549034524930034365452574320123363138208139628316839121015853150280742237696938881311329343807804504169894757267844174802923466593315927136841438447884407058159014210652255190694506973187, 4, 2293498615990071256981323853491326157240853937996010992304039631144891546570928638772356082693037413630527, 2293498615990070238463335686248283023018009733306930466569842798176766228500703961581706201024684321931581)
(1315033975387110312589820084328912650814880150859939456874283543032831023919078527525316142162097755210980096865058064374315311256172805002735652912290256269039614452344730623988115740880663459506201703726718209, 5, 1146749307995037283582392698515608171732548801617761350470089669145649415149579419820984099057592480825509, 1146749307995048996539256621810604215295257155542187396413353248279090572957163207513457738243653035360301)
(1315033975387484067725215699748961067043989268560482372614861050936701264814115206136897157022009747707097190800118547273238747728514532259583968669488257471401799206650519204118796838324177002217517964001834849, 5, 1146749307995360408414138756371042503929872739228558139644034928283406572928358258554659058342610822234279, 1146749307995051797463724081728972834408078718437158842182394538941435197650281069787744912831624037531831)
(5260135901548361243400609714421844732950086770009209288669120045873052397377986655771389500892277348440429890788323107937836565773045782521541684410681896787656529783245241471898614399461936669487699770902319241, 5, 2293498615990071002351826811680565373685142886823740860870490422902860217053372469474693612275949140705363, 2293498615990066673650377100897632053238055016895148626500153882788327615254917591414431615185448500985907)
(5260135901548361827393008770061600831585540754861940503917835660222016691539431973423924692833230908645009933624966979390318109636974593312262623156871635904462852556846329436698369954216335132410223719731982989, 5, 2293498615990071256981323853491326157240853937996010992304039631144891546570928638772356082693037413630527, 2293498615990066673650377100897632053238055016895148626500153882788327615254917591414431615185448500985907)


(1315033975388563869671069576684537026011231819399479185217233645901355111031383364166110819158025980911835893299640920995717629331091539839214857488257218592481829953886922720843603343885089946146191658161574809, 6, 1146749307995037283582392698515608171732548801617761350470089669145649415149579419820984099057592480825509, 1146749307996316542175530755777784755624869891102901672621311877111048911351773971277235474509075654377701)
(1315033975387095128787444637642996124597481539617662223874317009214196380984197078850080842201513531077886826209595379382520189094001164723603454210647440763346327575629690405102562331751109047117810870041768701, 8, 1146749307995035755805410447651043470398282494584140561868794419693461438044242404035009276555062843277689, 1146749307995037283582392698515608171732548801617761350470089669145649415149579419820984099057592480825509)
(1315033975387105348654428111360285880821878308270229984706173245988440878375437173226455389638859304322416751722563611680782257486809476858641488167637376711540521570867830112600327161638142175532442088556731387, 8, 1146749307995035755805410447651043470398282494584140561868794419693461438044242404035009276555062843277689, 1146749307995046195614789161892235596182435592647215950644311957616745948264045345239170563655682033188883)
(1315033975388562117693872407804817132350891988489103092995623682180035092229632340190244451493661096259783809420970371671587360983211722434805127462108043209110141075482254622991227882557287687645802423105204697, 8, 1146749307995035755805410447651043470398282494584140561868794419693461438044242404035009276555062843277797, 1146749307996316542175530755777784755624869891102901672621311877111048911351773971277235474509075654377701)
(1315033975403488963413735904434554986021632112626651481794265349888019905955098110159266000832400474772491673551290469229401853265139174346130018629265652101064013676696237631301619027932871230821117181156131531, 8, 1146749308009240771556881944562875692850694242017962845278474617895241233950259012731246434658544491954187, 1146749307995128186312836624957207901121394070118198272247157011550834052917131859086486037958105914933313)
(1315033975414128428936062892986763965610482720297316132947910691057231235799894110880307607271024599418838848683744694261529785882612221561620364035685772122402506969868175102693806344074437894283185647683372537, 9, 1146749308004406121296549083647878320564965634124977316479657726446387684111272558013920625403506471207051, 1146749308009240771556881944562875692850694242017962845278474617895241233950259012731246434658544491954187)
(1315033975387199371430676069559351638086328579873853384359250624311490254374846041489101226062440418173685130580538052496758162894522778090068694613421075503475235534896872051310825144284281843937342600775753657, 10, 1146749307995035755805410447651043470398282494584140561868794419693461438044242404035009276555062843277689, 1146749307995128186312836624957207901121394070118198272247157011550834052917131859086486037958105914933313)
(1315033975387199371430676069559351638086328579873853384359250624311490254374846041489101226062440418173808979505801526340879949250018156543389805172993840916877928492144362129025875385065622336036818039588551461, 10, 1146749307995035755805410447651043470398282494584140561868794419693461438044242404035009276555062843277797, 1146749307995128186312836624957207901121394070118198272247157011550834052917131859086486037958105914933313)
(1315033975387201123407873236623528797999706460405097523470237235678895907625773345563742647695591864932357095955025630928693347635960688353821129370544779135074976191439260948568635877251076842423586016924281317, 10, 1146749307995037283582392698515608171732548801617761350470089669145649415149579419820984099057592480825509, 1146749307995128186312836624957207901121394070118198272247157011550834052917131859086486037958105914933313)
(1315033975388668112314301125027870698801451758566856672403026487319896229735569290730159695187736617730654315973988841090273148544371918673128829781622111582544965171447940924062542308880164214121244037929253413, 10, 1146749307995128186312836624957207901121394070118198272247157011550834052917131859086486037958105914933313, 1146749307996316542175530755777784755624869891102901672621311877111048911351773971277235474509075654377701)


(1315033976406643658877002253280915821458248308154556807577207600402614586044747896757638054338909624663734808859120871206729539662909441751041486133606853427187446074629049543861371053618837202468386995294966529, 11, 1146749308004406121296549083647878320564965634124977316479657726446387684111272558013920625403506471207051, 1146749308874744001437292605408675620057691319081344547952184651084433144081077449006904576477306283884579)
(5260135901217854249114655932388570555120672153830737269969859956974787599243334270702845957229159487681928409892889752928375606854357303831917878252984264133419009875405521209583601681625593014783819173538572113, 11, 2293498615917667359497484963662522090803453102984137862586676009536343229474188848448892983642631283147423, 2293498615918364280430888399714786682784600161487487596210858967976092119025424216151074515213234277974031)
(1315033975388562117693872407804817132350891988489103092995623682180035092229632340190244451493661096259659960495706769485032403661587721681197641513868929828467039392754261340565236293659346256398822252432412989, 12, 1146749307995035755805410447651043470398282494584140561868794419693461438044242404035009276555062843277689, 1146749307996316542175530755777784755624869891102901672621311877111048911351773971277235474509075654377701)
(1315033975397838836952871264898975853753330276834181996654842034115683152792426578402226511050095838660552137977732183873548338667402830172380090435048766866841609063845961544203068684013630229833678189007785139, 13, 1146749307995035755805410447651043470398282494584140561868794419693461438044242404035009276555062843277689, 1146749308004406121296549083647878320564965634124977316479657726446387684111272558013920625403506471207051)
(1315033975397838836952871264898975853753330276834181996654842034115683152792426578402226511050095838660675986902996659734648365968436801031001106723534264417021412098302171414087086120279133657377256887898146647, 13, 1146749307995035755805410447651043470398282494584140561868794419693461438044242404035009276555062843277797, 1146749308004406121296549083647878320564965634124977316479657726446387684111272558013920625403506471207051)
(1315033975397840588930068446137768524602652572613857885389094788555635996438760756708908506614964456305361678074042083854349437349074770575356116424723407504556073251053147950448250421611747611134884116141463959, 13, 1146749308004406121296549083647878320564965634124977316479657726446387684111272558013920625403506471207051, 1146749307995037283582392698515608171732548801617761350470089669145649415149579419820984099057592480825509)
(1315033975397944831573300729845932440137329171504573265077133677732830193395644365956487242724647206185879734644848270913919824141324773855979642755804491586993129178630834601005028599685934504856116761280389963, 13, 1146749308004406121296549083647878320564965634124977316479657726446387684111272558013920625403506471207051, 1146749307995128186312836624957207901121394070118198272247157011550834052917131859086486037958105914933313)
(1315033976412187790721690062699122720105867978478871553636342237437827916206734384244212131166455644562523568873708080870377813213551608166460592693195363295332337377145676157890542229707558228309031405263782273, 14, 1146749308874744001437292605408675620057691319081344547952184651084433144081077449006904576477306283884579, 1146749308009240771556881944562875692850694242017962845278474617895241233950259012731246434658544491954187)
(1315034011350575225463886706732882851193818097383745694055806754362757091802213266765298942989218200661857123239000575986641652102542495576218027647892282207252313431216186850305118322965125571922110154232825663, 14, 1146749338476568865284481694920553030456197997076086094381757882281831877764692550674007965102027564908597, 1146749308874744001437292605408675620057691319081344547952184651084433144081077449006904576477306283884579)
(5260135687790674610125578181447030747208431089101862326894545625434407518619167541281466703110501262821163472035329774274117025529154693002538662490740299301329781625099283908412020032853174516561282380102469259, 15, 2293498615917667359497484963662522090803453102984137862586676009536343229474188848448892983642631283147423, 2293498522860893847385401438680188820339050874612366188479712404267926649787182554185912174039039930794133)


(1315033976395898198726135271314833034802515234581333936403448994888533870293912970781658382602790515153246265953503186693638071838934519276895467861404118601222440777310535727209653503448454206950208263721857931, 16, 1146749307995035755805410447651043470398282494584140561868794419693461438044242404035009276555062843277689, 1146749308874744001437292605408675620057691319081344547952184651084433144081077449006904576477306283884579)
(1315033976395898198726135271314833034802515234581333936403448994888533870293912970781658382602790515153370114878861659045793299440318656243861698523864903812401276719627654506770409867941199901209757342381392463, 16, 1146749307995035755805410447651043470398282494584140561868794419693461438044242404035009276555062843277797, 1146749308874744001437292605408675620057691319081344547952184651084433144081077449006904576477306283884579)
(1315033976395899950703333782235805765691643886712894787958531672922041600845394085171763161897095317181727735774354533879504903884326585836846235086890310094256856591918289695594618836538832941022571469194925711, 16, 1146749307995037283582392698515608171732548801617761350470089669145649415149579419820984099057592480825509, 1146749308874744001437292605408675620057691319081344547952184651084433144081077449006904576477306283884579)
(1315034010341772128710386626135750776592618219762583145831720489481600700371836684059826003025643873953598396902685448591911234730487116793233314846309111931878851103768764362374643879120387153959747630691000873, 16, 1146749338476568865284481694920553030456197997076086094381757882281831877764692550674007965102027564908597, 1146749307995037283582392698515608171732548801617761350470089669145649415149579419820984099057592480825509)
(5260135687792272997256889797406302212866557501612722605988744516627589542513081073307514196650559349878025657246527158775507188732374375144851530731888265043247247972860616324211153988056278028932088928181160123, 16, 2293498615918364280430888399714786682784600161487487596210858967976092119025424216151074515213234277974031, 2293498522860893847385401438680188820339050874612366188479712404267926649787182554185912174039039930794133)
(1315034010352515837161389790373124577930701363255699505384047516712895045500073590433204057457245753565392294962061756266206670605892439862552798103556132562736316598104018427952019585696058956456322373076917447, 17, 1146749308004406121296549083647878320564965634124977316479657726446387684111272558013920625403506471207051, 1146749338476568865284481694920553030456197997076086094381757882281831877764692550674007965102027564908597)
(5260135731013591329481479907737146075135776389296643955817557793258036135101274159220682930596289291860110240327278641355566338349130126632688590565847971801573360201572952896799250350528471173528299057224614023, 17, 2293498541706040747514608771024401844136084169098672365730149719907714048105834404457853806314374010241033, 2293498615918364280430888399714786682784600161487487596210858967976092119025424216151074515213234277974031)
(1315034010341770376733142890228118438635124375688523280142822463657733010909675206062374237294095534244169524768442017523612545094567657317075888797053947679533381743307494307399759744971790209521818433174392333, 18, 1146749307995035755805410447651043470398282494584140561868794419693461438044242404035009276555062843277689, 1146749338476568865284481694920553030456197997076086094381757882281831877764692550674007965102027564908597)
(1315034010341770376733142890228118438635124375688523280142822463657733010909675206062374237294095534244293373696997486961063269117619077044365158180738164977726611594593932150198346540444583069752837410184520809, 18, 1146749307995035755805410447651043470398282494584140561868794419693461438044242404035009276555062843277797, 1146749338476568865284481694920553030456197997076086094381757882281831877764692550674007965102027564908597)
(5260134560530765682453581675102702320493302481466648975544583030004899432903436656956123607665894946667745904559016163472277455569409591356721218943447720734174914232096327937670351508863677922108222015482627533, 18, 2293498541706040747514608771024401844136084169098672365730149719907714048105834404457853806314374010241033, 2293498105570175972295713585652254095297452186935623629807842484196932015274777519751628297165717253390501)


(5195532122352804553414044902368826880139396164355605121246883610843829034079359890323844785432359843941372160484472239081077289321956896828559535692072979683924790019518533077176851732954031189886670174160945437, 21, 2293498615918364280430888399714786682784600161487487596210858967976092119025424216151074515213234277974031, 2265330393614563415179557536355113256535574819504799635483285108700048208739983582298926965493674811588627)
(5260135517586418596438651389603732433958413318939327438152881517340355422918267784103666162011158495186669463690948248996522166802439481038792589186377720282752180217369894693312605895366245159223987322432259389, 21, 2293498541706040747514608771024401844136084169098672365730149719907714048105834404457853806314374010241033, 2293498522860893847385401438680188820339050874612366188479712404267926649787182554185912174039039930794133)
(5260135731011992942337034714410111692813307766318725360647202230688074911274895642889166892248144203239958327081858588003747726649311982676846091899090934394862363222725349403454162221383705602773135747102807959, 22, 2293498541706040747514608771024401844136084169098672365730149719907714048105834404457853806314374010241033, 2293498615917667359497484963662522090803453102984137862586676009536343229474188848448892983642631283147423)
(4227456279830763373617717884640283729467331166561182391331514471841202226510364141918401475145241260449021473766527682444908284395840028397234149244477744807488468544152078451133081772087899991684719494509363587, 23, 2293498541706040747514608771024401844136084169098672365730149719907714048105834404457853806314374010241033, 1843234779947202291130155889483329497917791354047890867836483745304907641144620057952871025760478844420139)
(5195531911546888428547514900748812170300823676636428374934086445240908837808604204094492347923129806217004669710576260135511217055061330191497204722322439328496835153367169080287996654619287220669646027421125391, 23, 2293498522860893847385401438680188820339050874612366188479712404267926649787182554185912174039039930794133, 2265330393614563415179557536355113256535574819504799635483285108700048208739983582298926965493674811588627)
(5213015662231492441114977493336746389449667964249822811620295793790760900939835778956111123102786177987219305603202349824263660216243590284965165101646232792689302034713537103008110739776381308353927660622721819, 23, 2289477482056595812008419897465301394858273057900952961963011831801074873308633526063156200533237447001347, 2276945592646203128893745000858634031913179697303261051011387320491966558471815734742377903054228455162377)
(5260134517309456967815570446382420864408928910974710862708047998245619551708444713794570528089109623439595819744039981309651236922630581645007394344593203655682219135586704115827351566979546344433961291688730633, 23, 2293498522860893847385401438680188820339050874612366188479712404267926649787182554185912174039039930794133, 2293498105570175972295713585652254095297452186935623629807842484196932015274777519751628297165717253390501)
(4227456416621499210183238672002292242502085259431389829287361053086924516673292626770382981936931313816446642154959977644009154999234653831593313519286327462903660469048669371839829194733955313813793213895410309, 24, 2293498615918364280430888399714786682784600161487487596210858967976092119025424216151074515213234277974031, 1843234779947202291130155889483329497917791354047890867836483745304907641144620057952871025760478844420139)
(5260134728233532258721855723235720451653987978766658906926875412612329540599218914483273662288488105079946156651672140470450913239290841056758195620731672842131236455184241427293191798038424870309462167196322897, 24, 2293498105570175972295713585652254095297452186935623629807842484196932015274777519751628297165717253390501, 2293498614826993482976521754380498363423927029237638552313273090348239637799967304167007717744504293294397)
(5260134730736589115158057853858809603070574433249703070249841323529301546833347736446014594090931935656616198996597193253867812547484377155302327687373840393139552817586632791530940315389173811785021439980079531, 25, 2293498615918364280430888399714786682784600161487487596210858967976092119025424216151074515213234277974031, 2293498105570175972295713585652254095297452186935623629807842484196932015274777519751628297165717253390501)


(2611085782709380012946646703661751788209469178939312179390418702541749375360840430686178911759895350465428307945452988824904263842929362798025326787262260120035037504105662797760686802675888224204649743396306753, 26, 1146749307995035755805410447651043470398282494584140561868794419693461438044242404035009276555062843277689, 2276945592646203128893745000858634031913179697303261051011387320491966558471815734742377903054228455162377)
(2611085782709383491611712986084326756263526093254482804190046384913283039382145207766225248293072985345603777566333969927704956977007193421210494596235503765372201984210577716741838626147211635086171917598674893, 26, 2276945592646203128893745000858634031913179697303261051011387320491966558471815734742377903054228455162377, 1146749307995037283582392698515608171732548801617761350470089669145649415149579419820984099057592480825509)
(5250913436273064186827739223747644464274098803022397714480265271993386975921181559697410087599378965095343677393510984088724923044512655346236061561536958224311699722937343192664777888112701013952849311288019757, 26, 2289477482056595812008419897465301394858273057900952961963011831801074873308633526063156200533237447001347, 2293498615918364280430888399714786682784600161487487596210858967976092119025424216151074515213234277974031)
(2611085782730715825353178895454889186425210311985810950440203914614888706030139854970376315249389285168403192229190344720718941326539373996436339468718677986243025223661128270195184642946697101258531111392320227, 27, 1146749308004406121296549083647878320564965634124977316479657726446387684111272558013920625403506471207051, 2276945592646203128893745000858634031913179697303261051011387320491966558471815734742377903054228455162377)
(5250913266365620567117124511268721497860398459559361176165681868665104094381735186681501064748271255583212217140088565058297975187776433060328315369458656648508962730612646150280934259056734055785753354545671451, 27, 2293498541706040747514608771024401844136084169098672365730149719907714048105834404457853806314374010241033, 2289477482056595812008419897465301394858273057900952961963011831801074873308633526063156200533237447001347)
(2611085782709380012946646703661751788209469178939312179390418702541749375360840430686178911759895350465674218069458778762824788303022095273471950194571012313544267334718795186075642902028065037734506416553843469, 28, 1146749307995035755805410447651043470398282494584140561868794419693461438044242404035009276555062843277797, 2276945592646203128893745000858634031913179697303261051011387320491966558471815734742377903054228455162377)
(2611085852114172483674333465209663742609471888360125689206496843817134502884836415252269906310756471770308624581218004423677365819568261582907644075543185723446947656999986251306884056208891093868361434798255069, 28, 1146749338476568865284481694920553030456197997076086094381757882281831877764692550674007965102027564908597, 2276945592646203128893745000858634031913179697303261051011387320491966558471815734742377903054228455162377)
(5260134730734990728317564874501635539995842806452668066302205095156839189359090102411234824651735328204166476912792401397102562302081620075896613431088142790836707022414662714024286782931298369118292289370828923, 28, 2293498615917667359497484963662522090803453102984137862586676009536343229474188848448892983642631283147423, 2293498105570175972295713585652254095297452186935623629807842484196932015274777519751628297165717253390501)
(5250912267842379046973008950493043323810434183139400712292117581750213745979907322844000991599160536218730078605937845122229573084422169237527302150164311944809161203504952825701723127817006694285068431264004847, 29, 2289477482056595812008419897465301394858273057900952961963011831801074873308633526063156200533237447001347, 2293498105570175972295713585652254095297452186935623629807842484196932015274777519751628297165717253390501)
(5222171396278063573589458240454288804914031837208429421720263983811355663459061724383540700603332874602294793942642319985447902418873489911711503025379188257290397062113284607919235918611277469233505854923215441, 30, 2293498541706040747514608771024401844136084169098672365730149719907714048105834404457853806314374010241033, 2276945592646203128893745000858634031913179697303261051011387320491966558471815734742377903054228455162377)


(5250913436271468602043938192478426072437576175952995468408227345968790579480885951605031790793619053994991856954963323043755764053927912519092041038768542671485006768752580164362625100883401109432589487480578781, 31, 2289477482056595812008419897465301394858273057900952961963011831801074873308633526063156200533237447001347, 2293498615917667359497484963662522090803453102984137862586676009536343229474188848448892983642631283147423)
(2625456718240071379748012746923902947851069944410477161265138089942799510091238228318939665933631949141664258161833354246522214961311194621438956074362954124194965433356412271081870475126641003045406855512897697, 32, 1146749308004406121296549083647878320564965634124977316479657726446387684111272558013920625403506471207051, 2289477482056595812008419897465301394858273057900952961963011831801074873308633526063156200533237447001347)
(5222170403220428478714363572485438317122456395396414574367445022663263993646288244431873779180201712852350328351999457826757582034538212296868217210514748962685677211059323704942571619981646126491051359744380877, 32, 2276945592646203128893745000858634031913179697303261051011387320491966558471815734742377903054228455162377, 2293498105570175972295713585652254095297452186935623629807842484196932015274777519751628297165717253390501)
(5222171565253899710849547883721046719895997952364902292292319067088682397049236279996384565920848042591545215304975540433154724706496458581885460956102446924582091896371676499570101946531189218660826385094104471, 32, 2276945592646203128893745000858634031913179697303261051011387320491966558471815734742377903054228455162377, 2293498615917667359497484963662522090803453102984137862586676009536343229474188848448892983642631283147423)
(5250913223220081093222645042126585908357955642476756152873044771404957110812580780585697968267663348396549083634362502361711379756829516535408087251368771606778789943361959776240967531464177300750750285230697151, 32, 2289477482056595812008419897465301394858273057900952961963011831801074873308633526063156200533237447001347, 2293498522860893847385401438680188820339050874612366188479712404267926649787182554185912174039039930794133)
(2625456718218618138957410645825168267696143866166413348531855050956629473919196438841584414763750791470226395257664835509992891927872903853636433146157623673687658506854235886658852913802204991275664069878047083, 33, 1146749307995035755805410447651043470398282494584140561868794419693461438044242404035009276555062843277689, 2289477482056595812008419897465301394858273057900952961963011831801074873308633526063156200533237447001347)
(2625456718218618138957410645825168267696143866166413348531855050956629473919196438841584414763750791470473658825726947857689801276799156404281126636410926593579663784688751972976185334617025860933253714154192559, 33, 1146749307995035755805410447651043470398282494584140561868794419693461438044242404035009276555062843277797, 2289477482056595812008419897465301394858273057900952961963011831801074873308633526063156200533237447001347)
(5222171565255486561897283715485661313888293699135235638389146842236622134767765424677521747805379153983625600797974425628486975027473138135489637314971718103597056220577742604768055829684939241344573606694231687, 33, 2276945592646203128893745000858634031913179697303261051011387320491966558471815734742377903054228455162377, 2293498615918364280430888399714786682784600161487487596210858967976092119025424216151074515213234277974031)
(2625456788005401811672312134314868708244542078190593924779473604144345143805822075302826283370272026456312553282698438502806740636955069777499165736840818794069531553056447336367010552330495815879483761790880159, 35, 2289477482056595812008419897465301394858273057900952961963011831801074873308633526063156200533237447001347, 1146749338476568865284481694920553030456197997076086094381757882281831877764692550674007965102027564908597)
(5222171353368689396570002483293300718911956873874535391595888155064426788785223620221863361590007548985564193406847233547826748800058863918658065692904886887397314018492654441379709809709687457308942497073934141, 35, 2276945592646203128893745000858634031913179697303261051011387320491966558471815734742377903054228455162377, 2293498522860893847385401438680188820339050874612366188479712404267926649787182554185912174039039930794133)


(2630067365450524757012457843387427563451157210928873384176734475590484594709255043062333199648665348819150063630325197038253337284827804245757496656859575661988002918716682532710355224808932156103630094464006297, 36, 1146749307995035755805410447651043470398282494584140561868794419693461438044242404035009276555062843277797, 2293498105570175972295713585652254095297452186935623629807842484196932015274777519751628297165717253390501)
(2630067435359863198477303063921249477774473508116681944275609424949983127836017332856926328880318873722704358947284299629630807018280969808284082686151435305924302786540083148473259497727380936547757048413037097, 36, 1146749338476568865284481694920553030456197997076086094381757882281831877764692550674007965102027564908597, 2293498105570175972295713585652254095297452186935623629807842484196932015274777519751628297165717253390501)
(2630067365472015672514884456593129251850910176267159151539910655388297804447172811597187242528619734753875932997513241121132981494654453954611037237698729932552344408161451343182022847209404638997766463727622551, 37, 1146749308004406121296549083647878320564965634124977316479657726446387684111272558013920625403506471207051, 2293498105570175972295713585652254095297452186935623629807842484196932015274777519751628297165717253390501)
(2630067843978366713023254803115696690987098906603476143482813351568592446970929540669712313120661138011881001987669877152300668208826728261197728499943153282140086420636136163636770603528842566345886354936765001, 37, 1146749307995035755805410447651043470398282494584140561868794419693461438044242404035009276555062843277797, 2293498522860893847385401438680188820339050874612366188479712404267926649787182554185912174039039930794133)
(2630067367468133951823642604077582791114660765732368305080903057969662707271853687878955459650504750330207128274611029864716388623660438863859973730519192905049913360523769771219910644658516555918182104698984079, 38, 2293498105570175972295713585652254095297452186935623629807842484196932015274777519751628297165717253390501, 1146749308874744001437292605408675620057691319081344547952184651084433144081077449006904576477306283884579)
(2630067867606635458294717730216555589542494077970101176310749366849874460399615949953035288829899775126716592314983966330328126012238241237639959443349922390512691795449936347289428121190641102722042915341730107, 38, 2293498541706040747514608771024401844136084169098672365730149719907714048105834404457853806314374010241033, 1146749308874744001437292605408675620057691319081344547952184651084433144081077449006904576477306283884579)
(2630067843978366713023254803115696690987098906603476143482813351568592446970929540669712313120661138011633304147200900616783044853449267868601111005485017733784277480975200085459754887676764051549670042410998637, 39, 1146749307995035755805410447651043470398282494584140561868794419693461438044242404035009276555062843277689, 2293498522860893847385401438680188820339050874612366188479712404267926649787182554185912174039039930794133)
(2630067845995976274928524904169689660578616999997959296667908138602598417753001006282550947329986100422472467683747540569672495800773598947066799131801518918909944312935332600074613330163082907812763379582375007, 39, 2293498522860893847385401438680188820339050874612366188479712404267926649787182554185912174039039930794133, 1146749308874744001437292605408675620057691319081344547952184651084433144081077449006904576477306283884579)
(2630067865610516799400395580918114704044572418703560535607478349081741151266972172811499310712468633809982879352385258280216802006010376510608475837665367042139239172359638495871348075959241903299538418959123683, 39, 1146749308004406121296549083647878320564965634124977316479657726446387684111272558013920625403506471207051, 2293498541706040747514608771024401844136084169098672365730149719907714048105834404457853806314374010241033)
(2630067365450524757012457843387427563451157210928873384176734475590484594709255043062333199648665348818902365834923618033245400217577360803465371820670528309968755930423413875060679252675756300009732631097832189, 40, 1146749307995035755805410447651043470398282494584140561868794419693461438044242404035009276555062843277689, 2293498105570175972295713585652254095297452186935623629807842484196932015274777519751628297165717253390501)


(2630067913887717874148933211485949928264778214395590263618948042796824495564732435635250162778609383905845280126500168230326064192442940615837109814108144796876048741365448944780552538248945902348539481768861401, 41, 1146749338476568865284481694920553030456197997076086094381757882281831877764692550674007965102027564908597, 2293498522860893847385401438680188820339050874612366188479712404267926649787182554185912174039039930794133)
(2630067843999857632435847958870607153617369999186471492648512728955913776636993836818250041390349703501732429545067649767155558598356135984221399954721263980054276482858153516719994828003197942907091045499031783, 42, 1146749308004406121296549083647878320564965634124977316479657726446387684111272558013920625403506471207051, 2293498522860893847385401438680188820339050874612366188479712404267926649787182554185912174039039930794133)
(2630067935498377615365864108630366224335526590369561253804629085358129967787714913135819411750325484428755532535127085274788818243542030325942085406307140176855907407529648056380403209173805133469932416583860701, 42, 2293498541706040747514608771024401844136084169098672365730149719907714048105834404457853806314374010241033, 1146749338476568865284481694920553030456197997076086094381757882281831877764692550674007965102027564908597)
(2630067844010945895666470411270565983888048184916725098480282676739964594201384130051192591571234942440864845379936107433234680837797659919909454847954024497093182379641000105129338007648489335008936715964384871, 43, 2293498522860893847385401438680188820339050874612366188479712404267926649787182554185912174039039930794133, 1146749308009240771556881944562875692850694242017962845278474617895241233950259012731246434658544491954187)
(2630067950712648262573128791142160261565972679231924414392187775726192359123197209582432877774142345926617400487420492023402851963897990977270403366318151045294943007213524986415159370488710672583877281190079573, 43, 1146749308004406121296549083647878320564965634124977316479657726446387684111272558013920625403506471207051, 2293498615917667359497484963662522090803453102984137862586676009536343229474188848448892983642631283147423)
(2630067950724535719851765742293083315152848423465684399856054765266746322644348240419558783181360069323491254390594995383315625897924116137520355151327537560349227334001490511111177353163375855385132110427717797, 43, 2293498615918364280430888399714786682784600161487487596210858967976092119025424216151074515213234277974031, 1146749308009240771556881944562875692850694242017962845278474617895241233950259012731246434658544491954187)
(2630067952709566179655361459493893301092323572933059567298016035069395819787401299068764067480161277431634747241890648986293280391156570576598591503945625728281680262097041117556925016152972286637071512763367949, 43, 2293498615918364280430888399714786682784600161487487596210858967976092119025424216151074515213234277974031, 1146749308874744001437292605408675620057691319081344547952184651084433144081077449006904576477306283884579)
(2630068020601310533546711798460699950325014572661210541397537533536215988962272949727822687212501235226521789701320629547333679400878259977573164333630909525223027702566152230438131226476042399103263454854644507, 43, 1146749338476568865284481694920553030456197997076086094381757882281831877764692550674007965102027564908597, 2293498615918364280430888399714786682784600161487487596210858967976092119025424216151074515213234277974031)
(2630067865589025879811216510974795277860120345050873541720344734695707889735832457429771064014719543099181528122565533528536101702117188309569739410270293369317802098375806756597639205811906333439096766641212737, 44, 1146749307995035755805410447651043470398282494584140561868794419693461438044242404035009276555062843277689, 2293498541706040747514608771024401844136084169098672365730149719907714048105834404457853806314374010241033)
(2630067950713447456171242966238083613998493270727408992000485926084681202459304880480536521281710095010716074453687080424199302136405047996193294768116293167002787240369189544392106232144350740324648943402092581, 44, 1146749308004406121296549083647878320564965634124977316479657726446387684111272558013920625403506471207051, 2293498615918364280430888399714786682784600161487487596210858967976092119025424216151074515213234277974031)


(2630067865589025879811216510974795277860120345050873541720344734695707889735832457429771064014719543099429225965069785929267679449387823708736436500532949984816658268125839873793069321493354544521049159747244301, 46, 1146749307995035755805410447651043470398282494584140561868794419693461438044242404035009276555062843277797, 2293498541706040747514608771024401844136084169098672365730149719907714048105834404457853806314374010241033)
(2630067865589029383765497355388372992983954766584621262425869810828488221245864708470322432750594176102615634780182996220897176791115134194021575945409359701320379685914173856825733219261147028366063051904910797, 46, 2293498541706040747514608771024401844136084169098672365730149719907714048105834404457853806314374010241033, 1146749307995037283582392698515608171732548801617761350470089669145649415149579419820984099057592480825509)
(2630067950723736526253648197828187852377793284096509957662473315125951761901553645530476507559807410511585510628742763224411394337830605325742887411729380457932224918891106974756090665785158683589973669283110101, 46, 2293498615917667359497484963662522090803453102984137862586676009536343229474188848448892983642631283147423, 1146749308009240771556881944562875692850694242017962845278474617895241233950259012731246434658544491954187)
(2630068020600511339927360935262415118714906034210901809645221420215238312639612069890242219337866937665237814837483082289353244376239149624402222315245978933471067501803801184259412950051705852664677541471095531, 46, 1146749338476568865284481694920553030456197997076086094381757882281831877764692550674007965102027564908597, 2293498615917667359497484963662522090803453102984137862586676009536343229474188848448892983642631283147423)
(2630067950691157342288559656152650842391010954946005206916203794585878142962481096300292172232852285531227626198453508403533785194721617720355475820121485596255592541868543173525750723190340255033236889513745447, 48, 1146749307995035755805410447651043470398282494584140561868794419693461438044242404035009276555062843277689, 2293498615917667359497484963662522090803453102984137862586676009536343229474188848448892983642631283147423)
(2630067950691157342288559656152650842391010954946005206916203794585878142962481096300292172232852285531475324048972616478359513570797170106162248755243772485414953550898468242308963118822820697266641068093667131, 48, 1146749307995035755805410447651043470398282494584140561868794419693461438044242404035009276555062843277797, 2293498615917667359497484963662522090803453102984137862586676009536343229474188848448892983642631283147423)
(2630067950691160846242953879381181740665876437835834432873944444148020585497724691318762086478320974127545089648448455649698268839195357828439033895340702753668793583176558185752467948013723182764204098786013307, 48, 2293498615917667359497484963662522090803453102984137862586676009536343229474188848448892983642631283147423, 1146749307995037283582392698515608171732548801617761350470089669145649415149579419820984099057592480825509)
(2630067950691369331529410161478770188020372669780673377359513093095495916344718594917721984083707945637135006602741506133236572520655695703725151501627624832163919124341250586882142074494454180060640927792802399, 48, 2293498615917667359497484963662522090803453102984137862586676009536343229474188848448892983642631283147423, 1146749307995128186312836624957207901121394070118198272247157011550834052917131859086486037958105914933313)
(2630067952708766986056640727710165893834803425586051116254467738784286066553432951449300579394787418662524130513703446703319524545165036605022280691806020698877727515665356472768975157713345983880150973973289917, 48, 2293498615917667359497484963662522090803453102984137862586676009536343229474188848448892983642631283147423, 1146749308874744001437292605408675620057691319081344547952184651084433144081077449006904576477306283884579)
(2630067950691960039841061525137980437916261033414926485199106041486540156897157864859512394019071386690606563106010081990476532396694817712156466913125987732242898269582596251059345892999648801764636462944356779, 49, 2293498615918364280430888399714786682784600161487487596210858967976092119025424216151074515213234277974031, 1146749307995037283582392698515608171732548801617761350470089669145649415149579419820984099057592480825509)


(2630067950691956535886667300844709779138838263576804103967361510331797838957456476532781781833291753265808199965765452903000716421594035673979728837453330159424033478696345526932661778657872723921740446463694359, 51, 1146749307995035755805410447651043470398282494584140561868794419693461438044242404035009276555062843277689, 2293498615918364280430888399714786682784600161487487596210858967976092119025424216151074515213234277974031)
(2630067950691956535886667300844709779138838263576804103967361510331797838957456476532781781833291753266055897816284636245287252368763232635720465654893978819814806247237763475787407594002188771564769748484889707, 51, 1146749307995035755805410447651043470398282494584140561868794419693461438044242404035009276555062843277797, 2293498615918364280430888399714786682784600161487487596210858967976092119025424216151074515213234277974031)
(2630067950771033778657992432318417976735105654761427350901237288233541280536172130104520707941306161547326790371528844805515146521206631811833656334544461183819525987455066277126593334271976262732629764193944351, 51, 2293498615986672717084306805267148039165453941706566748722757224752736475748737022871363425815858688032969, 1146749307995360408414138756371042503929872739228558139644034928283406572928358258554659058342610822234279)
(2630067950777123943391545287463014282425060671826476837287645703739850181325639509717844508376594711743711478922410636539410980952936435136770149918680089604433112512992277634417681191103981094469971055321678427, 51, 1146749307996316542175530755777784755624869891102901672621311877111048911351773971277235474509075654377701, 2293498615990071256981323853491326157240853937996010992304039631144891546570928638772356082693037413630527)
(2630067950694094824055716796071053896153240777586172968155448344181959135008361586784236948017436225851310911327389095914509957012446197852494459636017758681980942377205577322644180989216178847441020415706814523, 52, 2293498615917667359497484963662522090803453102984137862586676009536343229474188848448892983642631283147423, 1146749307996316542175530755777784755624869891102901672621311877111048911351773971277235474509075654377701)
(2630067950770313132037558839283985756469385966970254113394402550308499999005630412688153533261515573302558770954329240677965740212336626151157104906484590588970231199439114130024091336390204460093721517708283627, 52, 2293498615986672717084306805267148039165453941706566748722757224752736475748737022871363425815858688032969, 1146749307995046195614789161892235596182435592647215950644311957616745948264045345239170563655682033188883)
(2630067950774210405312656694897419485197459465607768164958044877956678851315022889760240359945532797808896916725939211926371956191587894435491295118120624853590463735587341027882293222217836858335840020165831341, 53, 1146749307995046195614789161892235596182435592647215950644311957616745948264045345239170563655682033188883, 2293498615990071256981323853491326157240853937996010992304039631144891546570928638772356082693037413630527)
(2630067950774241940902205699507269579214354728212660982818497562781752263185252053415824770451701838369320911725022698790348778297093027082510573668201189811922366013161190269799021963664974626770297127912528379, 53, 1146749307995059945607629419673317908190832355949803048055969202686437742212078487312943966178448771121477, 2293498615990071256981323853491326157240853937996010992304039631144891546570928638772356082693037413630527)
(2630067950774398450865152611274673749520427512992499412200003480061746233207870865632428881852688928554012480330314552780260743682190076242704964638292866571998873640894283854403443237943227680657957264426045951, 53, 1146749307995128186312836624957207901121394070118198272247157011550834052917131859086486037958105914933313, 2293498615990071256981323853491326157240853937996010992304039631144891546570928638772356082693037413630527)
(2630067950774189965578689747465109239075397721326819116344788508162649788065800283687176390173015827076078499842565088680318659192312673619233178245347996239688329164965551952879595836267528841787475925682713243, 55, 1146749307995037283582392698515608171732548801617761350470089669145649415149579419820984099057592480825509, 2293498615990071256981323853491326157240853937996010992304039631144891546570928638772356082693037413630527)


(2630067950774181205692703912850678465110497369857335859583275637285490492850438645538229942387092234424683753547929907187727783461058166896909735283211272802249330201908474811409199251301766864329879581983006879, 56, 1146749307995035755805410447651043470398282494584140561868794419693461438044242404035009276555062843277797, 2293498615990066673650377100897632053238055016895148626500153882788327615254917591414431615185448500985907)
(2630067950774184125654699191055618395460325018043783791249520276363846063533650101074336955940619598208600896335858988205330711368778938325824129209748849810938974887266070179378119228129713538105105085330628333, 56, 1146749307995035755805410447651043470398282494584140561868794419693461438044242404035009276555062843277689, 2293498615990069219945347519005239888795165528617849940835645965208640910430479284391056319356331230232597)
(2630067950774192885540685025534930568713538036301706766949589712261162578311617387667174811928491308689039403205070783941439851317778155903166698415526602201007130907653766621964674581179133174792598903926711949, 56, 2293498615990057506988483595710243845232457174693423894892382386075199752622895496698582680170270675698563, 1146749307995045431726298036459953245515302439130405556343664332890651959711376837346183152404417214415023)
(2630067950774186169628095885799076346705204371774297343415891523718694963011898119949611865428088752857859162825868709594166575775827876977690054796429874632794260703063250707469071328058379919935655567536725311, 57, 1146749307995035755805410447651043470398282494584140561868794419693461438044242404035009276555062843277797, 2293498615990071002351826811680565373685142886823740860870490422902860217053372469474693612275949140705363)
(2630067950774186461624295413619570339740187136592942136582515987626530520080219265503222566783441489236595589946644925446871973515215414004245619586308285503980467105607878690900852199022513130526134561908412103, 57, 1146749307995035755805410447651043470398282494584140561868794419693461438044242404035009276555062843277689, 2293498615990071256981323853491326157240853937996010992304039631144891546570928638772356082693037413630527)
(2630067950774195513506480775069374176215417018324233857121223595403976809040596013916185692997846274256446662204182254016915799459769922170324522971041912692795881837223849619682249199651648722276097443043001543, 57, 1146749307995059945607629419673317908190832355949803048055969202686437742212078487312943966178448771121477, 2293498615990030770891294205580361571882796801605060094369715520661910153279497720444023286376002018607259)
(2630067950774215369248048667281807430328170252741925961193013719817113481253404886155025046877482616140973583442806605589527515531898552697445804718258064705964863333345737699394048310868783013984217619106934903, 57, 1146749307995059945607629419673317908190832355949803048055969202686437742212078487312943966178448771121477, 2293498615990048085697093048712094853671148281319429031851061681120040560473317232685071274738004577484939)
(2630067950774201061434271804458838514504956004691658568505040419082439682492942644215201697630527260647187577978169007564672111574714079355985306357804850176286808552933008352158182941373532983978314813572947463, 58, 2293498615990057506988483595710243845232457174693423894892382386075199752622895496698582680170270675698563, 1146749307995048996539256621810604215295257155542187396413353248279090572957163207513457738243653035360301)
(2630067950774236100978215142146178110529495561615772373107679765148422392549629271096168732658841370235510338623194057183608138066201520670318504751598426912067689753942537200091527865055392116868449233474258327, 58, 2293498615990044266254637421550683100335482513735377060347823557489570617709974693220134218481680483614829, 1146749307995070894676002217536031601086407556357418699698585157093784911466993767112430194113244506882963)
(2630067950774186461624295413619570339740187136592942136582515987626530520080219265503222566783441489236843287797171853142625956491392477229227631811611854691149303385771526977930512492009927587456982602580509019, 59, 1146749307995035755805410447651043470398282494584140561868794419693461438044242404035009276555062843277797, 2293498615990071256981323853491326157240853937996010992304039631144891546570928638772356082693037413630527)


(5260135901548372923248590827239140679480374273185884273165031975253061040160438531006445133566882978471202716593226459113941139249453848230163418808374029477633331851013136410924709268229393537357405686199157297, 291, 2293498615990071511610820895302086940796564989168281123737588839386922876088484808070018553110125686554511, 2293498615990071256981323853491326157240853937996010992304039631144891546570928638772356082693037413630527)
(5260135901548341387659041822625789431702235672772246611169589873206820876781754811216489387188787449602593984473691973861808463484117655219911420552090300981336785983722905397706316912947080970223742241503867693, 293, 2293498615990071511610820895302086940796564989168281123737588839386922876088484808070018553110125686554511, 2293498615990057506988483595710243845232457174693423894892382386075199752622895496698582680170270675698563)
(5260135901548370587278994604675188735200512154636725927832036263990376583613869366577559522724061087443251599456144334114175578441027830600988269092074223941754402474803044084814542303814217744851930728168911891, 293, 2293498615990071511610820895302086940796564989168281123737588839386922876088484808070018553110125686554511, 2293498615990070238463335686248283023018009733306930466569842798176766228500703961581706201024684321931581)
(5260135901548371171271393660316176721270477684274015514165285191806047697750511657684780925434766560199747423287284995024876447561092037359481193330972579024682422012807072209421104053586992713336177507910530633, 293, 2293498615990071511610820895302086940796564989168281123737588839386922876088484808070018553110125686554511, 2293498615990070493092832728059043806573720784479200598003392006418797558018260130879368671441772594856103)
(5260135901548319195947877708268245961043545546555242330506130616211318539589347749142076084181979484841670597388167820173884996624522984580689390440459561730323248065734130203473673700031718251726192895877657957, 294, 2293498615990071511610820895302086940796564989168281123737588839386922876088484808070018553110125686554511, 2293498615990047831067596006901334070115437230147158900417512472878009230955761063387408804320916304560587)
(5260135901548320363932675819550221933183476605829821503172628471842660767862632331356518889603390430355240206701678640016212661730267524006755973295526678739361159529267691017461095371210912864078438128372632213, 294, 2293498615990071511610820895302086940796564989168281123737588839386922876088484808070018553110125686554511, 2293498615990048340326590090522855637226859332491699163284610889362071889990873401982733745155092850409883)
(5260135901548368251309398382111236790920650036087567582499040552727692127067300202148673911881239196415213329371654586396968806438580333668062849906186023723173444722696248689413012916692381247328270994049595067, 294, 2293498615990071511610820895302086940796564989168281123737588839386922876088484808070018553110125686554511, 2293498615990069219945347519005239888795165528617849940835645965208640910430479284391056319356331230232597)
(5260135890353490918068345124452989422502336235124977187182342376364982914469382855036126880678898589528069207942210119061417700242669582042175419130477120790391441141582846831762822204691112322732753745078051433, 295, 2293498615990071511610820895302086940796564989168281123737588839386922876088484808070018553110125686554511, 2293498611108933798632533631519221672457055625997126633275297851115574346389757585804647720683205354848903)
(5260135901548319779940276763909233947113511076192531916839379544026989653725990040249297486892684957597776526454590168927612026192385836559246898631199309022215877501042381439145193032432590066181718308905009829, 295, 2293498615990071511610820895302086940796564989168281123737588839386922876088484808070018553110125686554511, 2293498615990048085697093048712094853671148281319429031851061681120040560473317232685071274738004577484939)
(5260135901548372339256191771598152693410408743548594686831783047437389926023796239899223730856177505713234466650620172292786123114605701655679099846429637913265780278122703799869340271675666657776458215689542493, 295, 2293498615990071511610820895302086940796564989168281123737588839386922876088484808070018553110125686554511, 2293498615990071002351826811680565373685142886823740860870490422902860217053372469474693612275949140705363)


(5260135901537753605464163051513601983227183348712046389366528575089521579457017037292458242098566368094184378887686646101531472543226310173377807911000755974545287566798586467679968929645791360592993856018967361, 296, 2293498615990071511610820895302086940796564989168281123737588839386922876088484808070018553110125686554511, 2293498615985441074207115566617237980191099421435941004645236958047195599329546130077994018359882551394351)
(5260135901548362411385407825701356930220994739714671719166551274570980985700877291076459884774184468846883648094742572167892208521844198280162656983125099641998993748757190815497322751101704289413918437398276477, 296, 2293498615990071511610820895302086940796564989168281123737588839386922876088484808070018553110125686554511, 2293498615990066673650377100897632053238055016895148626500153882788327615254917591414431615185448500985907)
(5260135901383913071773334601689419558277676527153608207934723020663595677914912953065563563666583506529627936631529683974867852600635351293985209334897008572933252232157419186670280761912763843153606773923903841, 297, 2293498615990071511610820895302086940796564989168281123737588839386922876088484808070018553110125686554511, 2293498615918364280430888399714786682784600161487487596210858967976092119025424216151074515213234277974031)
(5260135901548280068457140980322050894355855060856840046178452452561353892434314244958242102564712810132703516031782338725708326030263323576655832536421388418966944176452046395813864762498823264379417294603795349, 297, 2293498615990071511610820895302086940796564989168281123737588839386922876088484808070018553110125686554511, 2293498615990030770891294205580361571882796801605060094369715520661910153279497720444023286376002018607259)
(5260135901548311020054290929294414156064028131633188121840645626791922941676355673640976446232102866245109992143022892220626317750133976956836866872420301816173881877179775412565021423441323237826930047436443619, 297, 2293498615990071511610820895302086940796564989168281123737588839386922876088484808070018553110125686554511, 2293498615990044266254637421550683100335482513735377060347823557489570617709974693220134218481680483614829)
(5260135813204002384085588679449340597718818582644933980409406089964364598224942828330452491103766965589864430436795087730664596588444774966716455126684961979811793550138048385492867678071972883818178726496037697, 298, 2293498615990071511610820895302086940796564989168281123737588839386922876088484808070018553110125686554511, 2293498577470592795894063122199941084174152126365673696553674152330747917391901935443957676875239527546927)
(5260135901540578376698395186972490603650450204281775483291592419490700658395779122922383153780938092928885369733522327423654573298100102287482750361722576718238963990730104058536931736203057985125318701583673159, 298, 2293498615990071511610820895302086940796564989168281123737588839386922876088484808070018553110125686554511, 2293498615986672717084306805267148039165453941706566748722757224752736475748737022871363425815858688032969)
(5260135901546816583505107544006157803022237789809136695056639346489541866008732730261406909536798081492689632052327415461096988097781894265263541755732131465284337265520369261165633194280523360737797129874915099, 298, 2293498615990071511610820895302086940796564989168281123737588839386922876088484808070018553110125686554511, 2293498615989392669371707427813837981270902563896110721895399666131398382283737460501872421152790069379509)
(5260135901173986492069601447020042959908668869940588167609138976999539207383813222402373951791702550822959626230435356941247935627096857611604117109266902946048028910846850614830081101955125636182904468158804561, 300, 2293498615990071511610820895302086940796564989168281123737588839386922876088484808070018553110125686554511, 2293498615826833124388262769157443478444457367887881441144070621458133102144359124018158625325942591979551)
(5260135901382314684577119312305301684782021909892010413832407589171756285924962192600584344465704571060466789096906399206383250925947828787984357799955723665648536983469076767097379714775490293248312456538675153, 300, 2293498615990071511610820895302086940796564989168281123737588839386922876088484808070018553110125686554511, 2293498615917667359497484963662522090803453102984137862586676009536343229474188848448892983642631283147423)


(5260135894122767075110746088595192466699446904596997947735117330013061784088291180708956252068644407126214866375006032830825395652751402393538864988419713749610589503387360002899045380026999093443290783526395733, 301, 2293498615990071511610820895302086940796564989168281123737588839386922876088484808070018553110125686554511, 2293498612752395072497421828302784103631702037240921344335235391734431417594603551831360023533261615530203)
(5260135900255103067783104078832373186576095547003682530750418481469329793434228273779057389554887828406371874855762953559716146013167700275294579430072999299555526270993822336544532536835928234140631776721102099, 301, 2293498615990071511610820895302086940796564989168281123737588839386922876088484808070018553110125686554511, 2293498615426186087638328585791796961335279308277307191708812989020672373872221547706418387365820993896509)
(5260135901544228329192492943147403540935010437341690066097391267435164012410098543056150095690142823177810830930849617434580957074961932996354313182311974779421308466140411501441420232437083513436356193107820543, 302, 2293498615990071511610820895302086940796564989168281123737588839386922876088484808070018553110125686554511, 2293498615988264151440818122522045262359523768394888208405308737448545960474795133261803532617564467232913)
(5260134517599251868390538700155462200058117774710697423262676802611421314272072352619246644915659415128800032162351936259266043265699572795826786052131000855751201861256192968452360523144266314651142196977195417, 303, 2293498615990071511610820895302086940796564989168281123737588839386922876088484808070018553110125686554511, 2293498012567373983006109311336364076903167484113180742224607068131151306310971727323539564009543287439447)
(5260135900593881146422074805450008276069596846153741552786186846992338258583795610665319688774572380500460265280163936126686453960073114900442925404645451441640362596581304563420876081223189268970636116467114153, 303, 2293498615990071511610820895302086940796564989168281123737588839386922876088484808070018553110125686554511, 2293498615573898441278762300797663114206041700386442713639358649089144814828924306789144633192562506596423)
(5260135731178051759622433021949590555720240690101747083440689469391415779471664914859542128029439086196374593009471929728977037599756220220273493845932037797547564389591625433487519982958853416803631266403449863, 304, 2293498615990071511610820895302086940796564989168281123737588839386922876088484808070018553110125686554511, 2293498541706040747514608771024401844136084169098672365730149719907714048105834404457853806314374010241033)
(5260135898880855658279764039749481260111546254972860647372976211097570131614648507017526973700629269416217189863994212018570510866529705408984101761889459666478938322329648054465073624396805550754489760311374867, 304, 2293498615990071511610820895302086940796564989168281123737588839386922876088484808070018553110125686554511, 2293498614826993482976521754380498363423927029237638552313273090348239637799967304167007717744504293294397)
(5260135901005163633381000527649077909993499203717812606676090311531180130283730782410392730210816112532169313027005678801863519643256314805727626368635726723373048110356117868506225311321905317263174356153921677, 304, 2293498615990071511610820895302086940796564989168281123737588839386922876088484808070018553110125686554511, 2293498615753223810865427947187090059270940283349206105004755182073270848936713878560560571779652436099107)
(5260133961541673123512474918787536350887949289016532531641655692180365166442335530967292251387168777572213972835469595778144808948382430677996850354639493592385251049868170107632607237681243913176236474876551111, 305, 2293498615990071511610820895302086940796564989168281123737588839386922876088484808070018553110125686554511, 2293497770117880066553176615657868506853391928873782710756901670234599083160294719704463312874281818390601)
(5260135879642553486114725162514098582769294615110341496920901851262780883922048784619471143334194756899909892388681449147108134377299832681731771385123783800331240214430627243471593605725966044758373695613812057, 305, 2293498615990071511610820895302086940796564989168281123737588839386922876088484808070018553110125686554511, 2293498606438803475780842276225516484974275904327569022105089702334495743207628627665912002634645332033687)


(5260134450980400121061761729741860945989952584732984552143705086644568709907294535008797894898983622597950956743946925993576275296040768777057786706025883596520606460697470856249420638423468827047311903947734587, 306, 2293498615990071511610820895302086940796564989168281123737588839386922876088484808070018553110125686554511, 2293497983520549501461635586647995252984526881815446885557737289858790889238648413385793607250931265568917)
(5260135389234991858418115787105703705903106000529506411446340175655291362945777266879189480103658405918858281771797046147494170894132402757718453980495137832604359601050847846217745692100378300557904607465908037, 306, 2293498615990071511610820895302086940796564989168281123737588839386922876088484808070018553110125686554511, 2293498392613707524722474880256882567544911922821908560671018676365104254207752651411096815069537947877867)
(5260135671366317614356042144674518382109495434068012170142899583673384851564433813682834835376674751388256827173235111998461980944584247023621826041316600083782762039287567028445180268892734189972517975719131601, 306, 2293498615990071511610820895302086940796564989168281123737588839386922876088484808070018553110125686554511, 2293498515627222243651463590912295510479341502600200959505660501167692931315174271366221753455419727020191)
(5260115663976447578776999829684533886437567472558815985757186690426869529212140559831163965614276052109115151026513875939109070566002751191362351610882127693506476328898867452983797660372151078141183655382250737, 307, 2293498615990071511610820895302086940796564989168281123737588839386922876088484808070018553110125686554511, 2293489792103375075918772208149388641166561135084403902264948740614238939649977766483541922523382045213567)
(5260125588527092241897106999772071535163913217427084173156225153442169817269240822076724380455795491498933253735576161800662127404926656512118456920502127856923571420375444283943209828461341699541820874053121497, 307, 2293498615990071511610820895302086940796564989168281123737588839386922876088484808070018553110125686554511, 2293494119357193966421733151716331106175742527723628645344618583248742108604077243800078633641690691272727)
(5260135868233968806378452530430252799025134285121949139825060952581222280170839078692373351149742566524174378213964690805480350514241528513909377718025646019002023561326410129720169010212210009727767158108139771, 307, 2293498615990071511610820895302086940796564989168281123737588839386922876088484808070018553110125686554511, 2293498601464488427061554075316842324622677918830408658680379082812642865627201803879754033844748856328661)
(5260135887810655446305498632257367954704120248601346123703126330176689064916101931709466053720372993023053428728507067126288773422648343633199781313848199729182051216229971461029282792608574272959811169390951431, 307, 2293498615990071511610820895302086940796564989168281123737588839386922876088484808070018553110125686554511, 2293498610000219167616661088024922239393842945739545124606941775765743106343385132839070933663853379059721)
(2637364375055991260083847690592938458859451293382607677666480077498340430622364440875619869609533467138682472555783851096417200825314518898569683377164100526546790646278517159577570934412519234470985085508080489, 310, 2293498615990071511610820895302086940796564989168281123737588839386922876088484808070018553110125686554511, 1149930659067556347407345023371964744159681375736762719816985919034953350570782930921470167272202969284999)
(5260121308151278385455785706868775267375462303717593049240735426986805215825992427720221856066304260727706867337203981517122737928529494898870684040723232539659425817666052287307150506500529909311932020387984969, 310, 2293498615990071511610820895302086940796564989168281123737588839386922876088484808070018553110125686554511, 2293492253048758454825617618892657414336683723558916390631629004648709197767822286187358699695491893952679)
(5260134730901049514024915686774855126902314421857746768353468951180969189418510086124666399297330697635816268812317893498510416756394217306307852595267870932894112427048087692878126395726850866376788403506100011, 310, 2293498615990071511610820895302086940796564989168281123737588839386922876088484808070018553110125686554511, 2293498105570175972295713585652254095297452186935623629807842484196932015274777519751628297165717253390501)


(3540955290338228524424812508081821755255486534303218624199387507978302772589596287910723829180000478014341400403241843872650508229289796103716257188879082680204085566752499875379095669205813250351461960861567637, 311, 2293498615990071511610820895302086940796564989168281123737588839386922876088484808070018553110125686554511, 1543909931164116829033357372993568470154595223973476583507470543265337110666079793062766093028971885101467)
(5088330186911102111173884613666161498920935290667027502151279117327877069249854898678803758757520897800672675883361436812327687917673664502137320492661118920152434624330633084007134293230664799505290702283060809, 311, 2293498615990071511610820895302086940796564989168281123737588839386922876088484808070018553110125686554511, 2218588732269428735352934359978468151187105383282574043915027085161266282935137731000626450629180052734119)
(5252292546523870556288418406973112445106784584234269757480494740114430977520565455362645224917019131324517853303768430271438716009750173532085224836082455765712063548061119815976767463865400766054073753948614343, 311, 2293498615990071511610820895302086940796564989168281123737588839386922876088484808070018553110125686554511, 2290078794861852917295813005361874845209274789039994419102119308241037652830194721807774730748507543568713)
(5260135687956733426046509606231393381974197813206952286965626703137184893941859081339424626241322276021278145075081406267882946659562812029968264902681113982156644307450107765554022500874342248207492464823483963, 311, 2293498615990071511610820895302086940796564989168281123737588839386922876088484808070018553110125686554511, 2293498522860893847385401438680188820339050874612366188479712404267926649787182554185912174039039930794133)
(5259976612051635248057651249384293790554722513436993835134818004614948674963860049095491371250561066550082044989987623411394869673515757549017514642713438848934485906010837188375835479999517126709693794167545347, 314, 2293498615990071511610820895302086940796564989168281123737588839386922876088484808070018553110125686554511, 2293429163366194738038393157649723463391138127133581722424677975350538454632297738171080094703490695168077)
(4227456416753672472667804708405299920287661275797619968310687842542299995781972027590979695251868107608826183482975916405274372226016449137214970964819391607250412045095680245880414358623126634590964088609697029, 315, 2293498615990071511610820895302086940796564989168281123737588839386922876088484808070018553110125686554511, 1843234779947202291130155889483329497917791354047890867836483745304907641144620057952871025760478844420139)
(5206186431794578155371167128856179562510836356851104562577122101054586235549619905473610853060305820140173917570318997764042633213290411013743149974680345404521737235229283209763424664308304474297657778881125437, 315, 2293498615990071511610820895302086940796564989168281123737588839386922876088484808070018553110125686554511, 2269975833208488661270199245885097861746829983408950201501639490619692889995344400860453636037020426961267)
(5250913436437236277914821291650336535392287732332826697063710101913258947838392877683168829527501582938467813538386602450974483804643391397930743551115121129353385755536939858159120560507653556689011273205926317, 315, 2293498615990071511610820895302086940796564989168281123737588839386922876088484808070018553110125686554511, 2289477482056595812008419897465301394858273057900952961963011831801074873308633526063156200533237447001347)
(5260114015012638698635348621120439697003172899672647898925128590711449260308287124036800266909958982909200596754759249220327946088291586292591127153045069191959511737201499758107960127671588597083482624551276063, 315, 2293498615990071511610820895302086940796564989168281123737588839386922876088484808070018553110125686554511, 2293489073130275470054450518001470957201011629088668230544841360762451431714969747705146904687328488325233)
(5260118394547210107746806379646255292120072132689627250239255851170212727323096606899670150896125151312568417937937553859197374054254056440089862478031076988689080140758849070370691620934820079183250827964819497, 315, 2293498615990071511610820895302086940796564989168281123737588839386922876088484808070018553110125686554511, 2293490982673425343954498579196955535356578724828897793952250976871479973847322093310335586350727616790727)


(5195532122515245123647891877198085907157760763277570261855647685405318362728807598521163506239842421041585281367963936889882224809553178634699203978505865523823193397674728131679701381648851646712411621943146397, 316, 2293498615990071511610820895302086940796564989168281123737588839386922876088484808070018553110125686554511, 2265330393614563415179557536355113256535574819504799635483285108700048208739983582298926965493674811588627)
(5260134746177366797345177908447451462472158031244098981105323103135081187585770466395319366128591726755084965153208216087443725845360879808715235692925904247102758181046345715721730393068879432305673555618547471, 316, 2293498615990071511610820895302086940796564989168281123737588839386922876088484808070018553110125686554511, 2293498112230880791045162943126511911261235819042577349220606584883547987889744541075711126551778906079361)
(4999378223562032751439212877909763643222636286329050309942717242025456653649596306224117442919251105038537937205291786450912965755374482129142522967015452493061859808563518401561820008101485106135978557862557709, 317, 2293498615990071511610820895302086940796564989168281123737588839386922876088484808070018553110125686554511, 2179804334176094795368196779484658866059499563458153672291924994504176243952800666485375156128251019002019)
(2670014429425611544195157268488906072217697041555476921393331247162445870686019705112300661286907485015754624048829401158403318522789592219964325880671616304384026258914339222561946432731417942160905150203382647, 318, 2293498615990071511610820895302086940796564989168281123737588839386922876088484808070018553110125686554511, 1164166575384220750069085677234428525957293834361238506083957200321366897228844171811524501826842256212377)
(4236495987122716153633891170356896478260306416749969364136324213560331668924468312560214973835585981778582121136962498621193178734592083749547502878191317077422573589871237833908143475205365083500080377490291831, 318, 2293498615990071511610820895302086940796564989168281123737588839386922876088484808070018553110125686554511, 1847176169013679413870948604021056847265830439585372444859706082727322585904073500272070107359042986836121)
(5210862419521541458642143012571092673042362570986876909319184788667776249817306848486460672167770133250977123901452023951121874836003443228524376204118785068611002099848366190503832070542087271390026439019447627, 318, 2293498615990071511610820895302086940796564989168281123737588839386922876088484808070018553110125686554511, 2272014634406955809368536144658390231635415064329549096789330403794393627252287470566948666086391413735557)
(5259936226746088830005269783430577321780685409068900504153706773339508490976690545672830639195835936238368759330893629286578652960547918656985025173526343229059600564364989838623242405981172002514438450833237831, 318, 2293498615990071511610820895302086940796564989168281123737588839386922876088484808070018553110125686554511, 2293411554763658483933591336037317927421989112882460126234884734886637581590793649896260479959389091922121)
(5260107096503282261966781948041854921361855348523705813402654299159397575839362780230434894383476338423560648340744576631317525085157692281558351965493391605421728966771494153808944431348941422028018894724126903, 319, 2293498615990071511610820895302086940796564989168281123737588839386922876088484808070018553110125686554511, 2293486056555812245430210672243283371791117528937587608998212435878955308929522057763390482098105912131673)
(4997048107506586242828596629218893718891494610597407758355403268356113923468178188612629695506877541681989811171712066897446882868145144765757901545630562781751091123377465991313008062851684932487238241497361103, 320, 2293498615990071511610820895302086940796564989168281123737588839386922876088484808070018553110125686554511, 2178788368420021892808909068942431457015631484499001657781073731470555350010661386887402305910774358343873)
(5204331633058870593585194199126598227217191702978607867204601075812771527409300644825039025746653130092712357566323105629843631483533149283716456707752847691665028723133184687807339493944132692276268941677948843, 320, 2293498615990071511610820895302086940796564989168281123737588839386922876088484808070018553110125686554511, 2269167112975227534612768135822985762847125412618198568875623865088918380948152434763617358915304398258213)


(2630111686470065744274078889240550314737267262065085523526383653275599692458483211283855498804493008035185314548504193120488727165859994298994844704599666219995353849220650561614712511033459652005321536075414193, 321, 2293498615990071511610820895302086940796564989168281123737588839386922876088484808070018553110125686554511, 1146768377418306417148652993084286500960505171591961849698303883905145235638807779366612828877826205680063)
(2634022616423785955502235709576881773031065425906515572010977377135980852399591021197036208489734977018942828418824623422798815047124263691719010028442631782615369131508047900735871292701324503796691780748966919, 321, 2293498615990071511610820895302086940796564989168281123737588839386922876088484808070018553110125686554511, 1148473601884741038066459014818574064460950778032475632885689500706521098749678730583182185838339550085129)
(2631658867956316571910486787184684703881679750357147540398902855353694057137786778110973106144420351935342510012959534501006343678601469223314312487574088388841156848731982055101207290273967268848141612628269237, 322, 2293498615990071511610820895302086940796564989168281123737588839386922876088484808070018553110125686554511, 1147442971889593216189731408692688030586652531027300937304952897345979700557968850584161439949360556147067)
(2650207155851668978311537756222305719887569254333170911762820959775127945669095602162242699484073019669127248872989397046321410505273506589556108891059657342592514695188256773697597501439776363218002319821993431, 322, 2293498615990071511610820895302086940796564989168281123737588839386922876088484808070018553110125686554511, 1155530305261427568932385362449361355165216890893524992129303298140452702881502581134045562395015572881721)
(5222171565418760025893293407323503576418938357878624358780837405083498750721680861372357823519790700928882504062081719537057650770114289890381926776962592908843202201344790589326309363330134806461283416166832647, 322, 2293498615990071511610820895302086940796564989168281123737588839386922876088484808070018553110125686554511, 2276945592646203128893745000858634031913179697303261051011387320491966558471815734742377903054228455162377)
(2847581233895453149512299857648093248609438284138518281620118788934177179486291577667449185184705316385006404039808903014874406252020927087394022459474696520504899366084347468981968766116263698924555287773827947, 323, 2293498615990071511610820895302086940796564989168281123737588839386922876088484808070018553110125686554511, 1241588381192980081283429926720029898526559543781510079888762057693124184561901055447073879634681922584677)
(2630382493280522270162182687900622667180771125957235516206212662893104365463504255388690495930829783975153756476970206425900277384039114470262615220156833327374946222670755796102922043500336681738820289709465543, 324, 2293498615990071511610820895302086940796564989168281123737588839386922876088484808070018553110125686554511, 1146886453273494854813208827922763822142281714067523648047567833386122297667419681842386146070049419427913)
(4446629897069226777994463982986245381817267881269300095960313108626169690655488731855386454184840230698708042222069230260221785010593074031173696469569216340705376531806634461953367985751407251673469521726796821, 324, 2293498615990071511610820895302086940796564989168281123737588839386922876088484808070018553110125686554511, 1938797724170275282471701057075284236761904840817221417828045850770415194643524539605949404292099482845211)
(2631702615446478606249040513225404364391951918543621871859611743579488935736743339747734817134759052367757821553493966463936201499537701225028313535444797940882955106668817660938441831884990999452713508413579543, 325, 2293498615990071511610820895302086940796564989168281123737588839386922876088484808070018553110125686554511, 1147462046455349232203023113804865374419930970512858007567305638913127575222529860178172397428961766801913)
(2633765850895019337220485396246583873854051190490021666531265722223148248108177370582228803608907434383508605976431052223725354594943484106741951745718635969718719226972596194767156234972407231911405592183258229, 325, 2293498615990071511610820895302086940796564989168281123737588839386922876088484808070018553110125686554511, 1148361648240218878122757493142933418233447470638057595246758872723510860292936743646358927346715271889339)


(2630070084752541630173261690582025589880452543793253340185099447455398107543855027243895580658983037597374419892564980594631540302951057260271295793516199777117419300846558229946777411327638958815503382281697067, 326, 2293498615990071511610820895302086940796564989168281123737588839386922876088484808070018553110125686554511, 1146750238441795129734196195972304938943337576901062566541848642082816796390491180736809861867068490514597)
(4027819307784889494163763939757811774810797368095348912368630445681858022927744416282585304460153484179648430713548375797886587807768924797924620703884704561242626683069950626835342122431119919256468025642037727, 327, 2293498615990071511610820895302086940796564989168281123737588839386922876088484808070018553110125686554511, 1756189988388606817486160109042096600068667071465950295115601145002209267676350984641758864523886308884657)
(2630068135305603531717911100053624296361509714186245457077084985191341182916719211015481339090743575033174307292444161864089429228593201159710433258731855153713941073207028831088192031125544079270287027392707137, 328, 2293498615990071511610820895302086940796564989168281123737588839386922876088484808070018553110125686554511, 1146749388453517610366183926451147652302253718759670699176379828246810378468048209239299919282309026545967)
(2630069079991169206828903446604048332634098982077083891898985108842981242479469409086342443371381863097946978019661830333467911539033036567757766317054871710291565468511770472419147710194813693178433040482783201, 328, 2293498615990071511610820895302086940796564989168281123737588839386922876088484808070018553110125686554511, 1146749800350677298558691871723217059193587148096439790022505164326434080965732696690146088614865395515791)
(2630073368843575504307746227308327515228613249677822663343324375584270021387194593595493392048802294101180170664314653620392924339028214547280421710292938025814406286021883301240054190742709993770265154921949113, 329, 2293498615990071511610820895302086940796564989168281123737588839386922876088484808070018553110125686554511, 1146751670355035006025980499865645108480728438336437131005305419955344026878838633890047957967915060297783)
(2630073649437756762926949215528379866995512954540163501206263393377039915595516798621200415415105705944316207476877707946538272573336199803047313154003181798496088697125628554425043239980612825899342124329957727, 329, 2293498615990071511610820895302086940796564989168281123737588839386922876088484808070018553110125686554511, 1146751792698331532276810810929076774130324899561409210528907938592538329348810628229251495380895349604657)
(2630093402508340455383935193773446073095359520838148915502487204353327348384786540071385499571422981784360077872477202486258405208893806785099235375158139592741041041659670527722580139143711160949392548607022383, 329, 2293498615990071511610820895302086940796564989168281123737588839386922876088484808070018553110125686554511, 1146760405335132782462283109323608294716927600731551930589566168329564500974313158206388039409609008480353)
(2630067953249204356065807956982839467616360168770136285696867119467517466705839634976440106292179515821062851735230098352161871406630752773391127413808173474615769364179349001165081905893137950645534347654753761, 330, 2293498615990071511610820895302086940796564989168281123737588839386922876088484808070018553110125686554511, 1146749309074180772588811591117070145848544641455898955334695764429058463327786658053221467947456622756751)
(2630068093706929686636851228171278006428288642986792287078168390307570181048519563129987432754784136379658297557161495063568069476297434726524816188791661241020581985376974924291687937507408430950053462870583451, 330, 2293498615990071511610820895302086940796564989168281123737588839386922876088484808070018553110125686554511, 1146749370315868189059038339942193163222211470207547501442363701611246702115368178154923572205562246463541)
(2630071786842137300429376409315940585336054761436288322980802364976815383259805520721187948087873409553956529002545310559851983235448296141889512031400580782982334796209203089843585193551847377587227274237702511, 330, 2293498615990071511610820895302086940796564989168281123737588839386922876088484808070018553110125686554511, 1146750980578539317603551669168003306566895343236497815435085987254722400493839046556059988639814640468001)


(2630067950806765937586611985236843217942171776885739702707076504378810418012034409617226290265002911438022291620829698607046817728886717953217836710488652431603805605829077986739438564290895698331488725290187557, 332, 2293498615990071511610820895302086940796564989168281123737588839386922876088484808070018553110125686554511, 1146749308009240771556881944562875692850694242017962845278474617895241233950259012731246434658544491954187)
(2630067950833789601860512716314910619527090212824057687467962246743945976997413105180415325450049261445471065095304778774419581035904592346253274127541407801596211644238417376699074899918528705858473520351134373, 332, 2293498615990071511610820895302086940796564989168281123737588839386922876088484808070018553110125686554511, 1146749308021023496902994695707373949823876187646024801334536809652983329344437092764402515001285808226443)
(2630067963358315429081425766444541737212420435649051282274734338491099350179780651663189158640399460222232661329703145872853335763271056834316044245289995702617316210987358213073859666573174835444949283315376523, 332, 2293498615990071511610820895302086940796564989168281123737588839386922876088484808070018553110125686554511, 1146749313481905722818029368614411397976071394208749299570940586727878703210319941705018500681413399937093)
(2630068020683540753466285780456236877270248751377046560285644927315466021819350412124748474588191068487344817860424849841023444559639195156746253930642928715237779402676640376777531048509215513300178967573031067, 332, 2293498615990071511610820895302086940796564989168281123737588839386922876088484808070018553110125686554511, 1146749338476568865284481694920553030456197997076086094381757882281831877764692550674007965102027564908597)
(2630067951132769766488639620883271013009677789963387271255797829911868258248126067142525695513176380417537110583309092338334852323092286289427582861095019245635037379599144580887181997429023725487257925248336323, 333, 2293498615990071511610820895302086940796564989168281123737588839386922876088484808070018553110125686554511, 1146749308151383359579023090987362348097923291890243389753639191770411807883314554745094777096404050378893)
(2630068116041274570304159470906666438865498729238732192720044664342008207487131713081170900713504708435145337660357847229122665385229647977081448730445673140404739711408078208292587946453414145647187010441439161, 333, 2293498615990071511610820895302086940796564989168281123737588839386922876088484808070018553110125686554511, 1146749380053979530375842068120325046478184999286653569980632717622803874949912443814885125799390631428151)
(2630067952791796397452270542629666069605030469162667872806897989777067740587825941563316765205581030305498300256211970338030010988979716791200917349164711479370337462130867918501012858607922146094591979315785869, 334, 2293498615990071511610820895302086940796564989168281123737588839386922876088484808070018553110125686554511, 1146749308874744001437292605408675620057691319081344547952184651084433144081077449006904576477306283884579)
(2630067950774931343929290883699746571981220188955809504641523416515036601367461572764121724288271990584551911037599849497720336142410527044343386590465531137189391890201336202192559953913031508480497238346282569, 335, 2293498615990071511610820895302086940796564989168281123737588839386922876088484808070018553110125686554511, 1146749307995360408414138756371042503929872739228558139644034928283406572928358258554659058342610822234279)
(2630067950777639900676110946602025964481346646704910918250050625597663967114407728056987496540254636807696435056566221667627865593213690864590779485756198545624961871505641490150004860497002143431977793977566313, 335, 2293498615990071511610820895302086940796564989168281123737588839386922876088484808070018553110125686554511, 1146749307996541380021418674679556635317728076217427728445262754824712875353871461113196852798020646862983)
(2630067950795677673905742529797951707506660553668363993309684068231366305584853156804453022100191677320110044305424547639932569279282949840830355665311178400295354878862904966281664060229191277442516267479057061, 335, 2293498615990071511610820895302086940796564989168281123737588839386922876088484808070018553110125686554511, 1146749308004406121296549083647878320564965634124977316479657726446387684111272558013920625403506471207051)


(2630067950806577892034116068838711703413271233678492903400921747732711666013216673091934617417840683736201105473069790372652790183271697604274029095509100231170172057420568433392275866622084666312248420529571259, 336, 2293498615990071511610820895302086940796564989168281123737588839386922876088484808070018553110125686554511, 1146749308009158780858834481497903387911735764546980523675629563961153129297172498883930960356120610210069)
(2630067950782885320404428713956116844911733848839975363491920265955611142435466453119626644096810938743111270749070325886559196489236634983971661187704970485057966443075649208003152931126544820765825146508269751, 337, 2293498615990071511610820895302086940796564989168281123737588839386922876088484808070018553110125686554511, 1146749307998828462163848218932914532714389705547748264584251184750114602043384092717506139084888056266841)
(2630067950897984382334304996278291374417970062244545783523103456575496333264620775385886897038436584308757222156376865708753845520438232072737541561550515766202010252625055167622437815318937287402652340731244459, 337, 2293498615990071511610820895302086940796564989168281123737588839386922876088484808070018553110125686554511, 1146749308049013389735818701775745527805465248267952502797703606704849217188790969013800643012598779871269)
(2630067950774223545141635446822307455182998268560830868743822903921646267757004750811781638913239009294692075285979666061605496992997363305156439054692354830915862250206861072170596879109517047002312386879139641, 338, 2293498615990071511610820895302086940796564989168281123737588839386922876088484808070018553110125686554511, 1146749307995051797463724081728972834408078718437158842182394538941435197650281069787744912831624037531831)
(2630067950774242232898405227333923009421895216954097631407788594023121920129558066242866525655814137513892908042703748614413985699634893238346638875909362798123651510585933913209864793320347727968450481563332747, 338, 2293498615990071511610820895302086940796564989168281123737588839386922876088484808070018553110125686554511, 1146749307995059945607629419673317908190832355949803048055969202686437742212078487312943966178448771121477)
(2630067950777124235387744815609634264701783976978206185991247364360070184459264680380488902987322192518325689341380732527998622157916103979268520832151643906771401388053243274988484554221329356398275912519359211, 338, 2293498615990071511610820895302086940796564989168281123737588839386922876088484808070018553110125686554511, 1146749307996316542175530755777784755624869891102901672621311877111048911351773971277235474509075654377701)
(2630067950774208945331659055797607803433860027628591210412599708529868414340947473131246571145602190373677511708572454553450304066846951619319841852939077294709514941690101788666027226063013112308290563266818753, 339, 2293498615990071511610820895302086940796564989168281123737588839386922876088484808070018553110125686554511, 1146749307995045431726298036459953245515302439130405556343664332890651959711376837346183152404417214415023)
(2630067950774267344571564619896406410430412991357549843737492490096979828005176583853386842216149466059359563038322271216291536965322475916750198672283330475141117074043080318954953082362601986686346843796696093, 339, 2293498615990071511610820895302086940796564989168281123737588839386922876088484808070018553110125686554511, 1146749307995070894676002217536031601086407556357418699698585157093784911466993767112430194113244506882963)
(2630067950776452644128830828473450284241424894095181902754980376338288927320629907075875785676028522152183269462326719600530236360916646427168259499009581899739070629341308495278632019938252627688600934260135893, 339, 2293498615990071511610820895302086940796564989168281123737588839386922876088484808070018553110125686554511, 1146749307996023718253932673402883666557161042992250524039722398775019966162179278965394494857561791004763)
(2630067950774398742861352139118703276172657159747706768718501248622980508749692082978202452124880836346376029511044328855983096435207656929865140568049673104912185940779170978742496966740580292965007373304324943, 340, 2293498615990071511610820895302086940796564989168281123737588839386922876088484808070018553110125686554511, 1146749307995128186312836624957207901121394070118198272247157011550834052917131859086486037958105914933313)


(2630067950774217121225245834771439608413377442550645419078084697949264012253939548632346209095478808969137237618042148181135788911490957511590014226177562269464838487338733599052206794779799220714693082161867811, 341, 2293498615990071511610820895302086940796564989168281123737588839386922876088484808070018553110125686554511, 1146749307995048996539256621810604215295257155542187396413353248279090572957163207513457738243653035360301)
(2630067950774187337612893997081052318845135431048876516082389379350037191285182702164054670849499698370217804870136771954127472745133968427606886405635707760841259051926636172749286351925973191707461037108231401, 342, 2293498615990071511610820895302086940796564989168281123737588839386922876088484808070018553110125686554511, 1146749307995036010434907489461804253953993545756410693302343627935492767561798573332671746972151116201991)
(2630067950774190257574889275285992249194963079235324447748634018428392761968394157700161684403027062154779420769159061440174443718389297162314788610292282435835087408110102767270439306517424880352689059207821099, 342, 2293498615990071511610820895302086940796564989168281123737588839386922876088484808070018553110125686554511, 1146749307995037283582392698515608171732548801617761350470089669145649415149579419820984099057592480825509)
(2630067950774210697308856222720571761643756616540459969412346491976881756750874346452910779277718608643839271795095518309966492770258385455392804676449617193872424674481941488055727008953923472375407854338701213, 342, 2293498615990071511610820895302086940796564989168281123737588839386922876088484808070018553110125686554511, 1146749307995046195614789161892235596182435592647215950644311957616745948264045345239170563655682033188883)
(2630067950774277272442348565793202173619826995191472811402724262963388768328095532676150688298142502923802190745696131843525248573192642957523899464599858851458229689038673470421351242622308918861262050874608957, 342, 2293498615990071511610820895302086940796564989168281123737588839386922876088484808070018553110125686554511, 1146749307995075223377451928318964921533495426286010934068921697208317513265448645172692191203745146601587)
(2630067950779270991446673351881471057895070923654725547014306014767085750756326790526365267540640046662815609743386449381707440974439785085342951234197656250163680858327424636722542897795173448348667919994892989, 342, 2293498615990071511610820895302086940796564989168281123737588839386922876088484808070018553110125686554511, 1146749307997252560206656452134425106418694000367904822348201374818216217888252309484476727725566925472499)
(2630067950774280192404343843998142103969654643377920743068968902041744339011306988212257701851669866707822540971344764452832065815156679174203812331812719181249987079126826266185621782509236228972500410947334059, 343, 2293498615990071511610820895302086940796564989168281123737588839386922876088484808070018553110125686554511, 1146749307995076496524937137372768839312050682147361591236667738418474160853229491661004543289186511224869)
(2630067950774280776396742899639130090039620173015210329402217829857415453147949279319479104562375339465277047223969275255386258069457158273949700736183415773900318751994588152997170182055278952656779727668738399, 343, 2293498615990071511610820895302086940796564989168281123737588839386922876088484808070018553110125686554511, 1146749307995076751154434179183529622867761733319631722670216946660505490370785660958667013706274784149809)
(2630067950774186753620494941440064332775169901411586929749140451534366077148540411056833268138794225614474248585040854499234952878728846185695235483184548886499168653241518751499747619200164308643335482556492267, 344, 2293498615990071511610820895302086940796564989168281123737588839386922876088484808070018553110125686554511, 1146749307995035755805410447651043470398282494584140561868794419693461438044242404035009276555062843277797)
(2630067950774191425559687386567968221334894138509903620415131874059734990241678739914604489824438007669183863578890267312728447630023796234831321121416653773913481209180503508154069447834106246037020041608637359, 344, 2293498615990071511610820895302086940796564989168281123737588839386922876088484808070018553110125686554511, 1146749307995037792841386782137129738843970903962301613337188085629712074184691758416309039891769026675169)