(1037378892220249161005647088369409487351397932149693921512884160655189661887968307504264145423709779399597226466043712786462175490991291557144552548724884523604314615615037336893793, 3, 1018517988167243043134222844204689080525734196832968125318070224677190649881668353091699131, 1018517988167243947759920010737465827174054577207248228989825424994097208144043414913024403)
(1037378892220248469972488246534445087652683151582880399127406789480794817611912354326011713542453371704925553651610705855973007248367547959065428761326159912066404893877455384900649, 4, 1018517988167243043134222844204689080525734196832968125318070224677190649881668353091699131, 1018517988167243269290647135837883267187814291926538151236009024756417289447262118547030379)
(1037378892220248930661260807757754687451826338627422747384391703597058047129282989778179664673342889533007072478212226792443158900675624256324739444371016395383450503367087697716761, 4, 1018517988167243043134222844204689080525734196832968125318070224677190649881668353091699131, 1018517988167243721603495719104271640511974482113678203071886624914870568578449649457692731)
(1037378892220249161005647088369409487351397932149693921512884160655189661887968307504264157645925637406524599585083841636052101579646218044123300426629984452770812344136016293186629, 4, 1018517988167243043134222844204689080525734196832968125318070224677190649881668353091699143, 1018517988167243947759920010737465827174054577207248228989825424994097208144043414913024403)
(4149515568880972688206415169878785762466475701412783203742670298894197435928680714324244935431197789599118477143984639131319957554489719881594485540627585099036662496803761946705507, 4, 2037035976334484503173475646977018854416907728010946069210568848799794822804180347996078349, 2037035976334477718480746897981193254554504875203845291672404846422995635836367384336138543)
(4149515568880984205425729200452575080001589364600524594590030185368935793268297595344708271086889715936795071378642050340825152866237716805199094468771280504832292351018434633507113, 4, 2037035976334484503173475646977018854416907728010946069210568848799794822804180347996078349, 2037035976334483372391354188811047921106507252543095939620874848403661624976211520719421837)
(1037378892220248239628101965922790287753111558060609224998914332422663202853227036599927676865929322756302206184939293106393099878161699832348254335590251038968889189031453726544733, 5, 1018517988167243043134222844204689080525734196832968125318070224677190649881668353091699131, 1018517988167243043134222844204689080525734196832968125318070224677190649881668353091699143)
(1037378892220248469972488246534445087652683151582880399127406789480794817611912354326011725764669229711844785139376335910572213502139051077523243593434456989073878261022877949265197, 5, 1018517988167243043134222844204689080525734196832968125318070224677190649881668353091699143, 1018517988167243269290647135837883267187814291926538151236009024756417289447262118547030379)
(1037378892220250543071964772039338286748827493283320966283838903003979350440080213860768683260466381271166769143599581146934743741295792203502698341050437045672171925217211897158161, 5, 1018517988167243043134222844204689080525734196832968125318070224677190649881668353091699131, 1018517988167245304698465760536630947146535147768668384497458225469457045537606007645012131)
(1037378892220251234105123613875837088294993590351703171339704211280975745675218853659090976118890868770794432179463334796237958111439518848560185096375098336707248618744499765519761, 5, 1018517988167245304698465760536630947146535147768668384497458225469457045537606007645012131, 1018517988167243721603495719104271640511974482113678203071886624914870568578449649457692731)


(1037378892220250543071964772039338286748827493283320966283838903003979350440080213860768695482682239278110425525188707586506109499717565427523312310549142679156718376489303637303733, 6, 1018517988167243043134222844204689080525734196832968125318070224677190649881668353091699143, 1018517988167245304698465760536630947146535147768668384497458225469457045537606007645012131)
(1037378892220251464449509894488003355477048956041163906358325980706641210753598400258532221145522779543787470867256892635812749399410507875056830148432407017444434599955870834032793, 6, 1018517988167245304698465760536630947146535147768668384497458225469457045537606007645012131, 1018517988167243947759920010737465827174054577207248228989825424994097208144043414913024403)
(4149515568880987890935909690236187661612825736820601839661185349040852067616974997271255849815588253202330748645085691937332514097832389880105490616660860800053200267075079379115397, 6, 2037035976334484503173475646977018854416907728010946069210568848799794822804180347996078349, 2037035976334485181642748521876601414403148013291656146964385249037474741500961644362072153)
(1037378898638954891820179713617808940731317081975986273697904631428336778331448298729107524220922418304820660807968253680942898111453812441304102075735127475675923991669933481163769, 7, 1018517990251082712333823423686109859158100805274419952948697830976597244806826125158252693, 1018517992385409541692288197437761080550896102288457701237055123831020462884184145390469333)
(4149515568880975913027823098444049976918661476610056841191094878414928828861021500870185498360461772669781847497171806746135970667881295650421961510182782674743640637395550645326461, 8, 2037035976334480432357838397579523494499466016326685602687670447373715310623492569800114353, 2037035976334483372391354188811047921106507252543095939620874848403661624976211520719421837)
(4149515568880979598538003588220297429662131529622604409444387943994357658606102007020395671510944008894494367103122263032559518826983683570725960948052405064419337793906515436912009, 8, 2037035976334480432357838397579523494499466016326685602687670447373715310623492569800114353, 2037035976334485181642748521876601414403148013291656146964385249037474741500961644362072153)
(1037378892235618890180220935160518406300770928414100673709673213978143914845049781957818826546679885161186483950204770736907149162280456603243468771961637954839084003808987230242561, 9, 1018517988182331973606536319287628987847598744731527344276872710599355826732105767342571531, 1018517988167245304698465760536630947146535147768668384497458225469457045537606007645012131)
(4149515568878514913604801050354813407466533577481418140054650337751327766583513519066922933085097477086650510477147419383582796879305950361662521338594157622901691645643839317764907, 10, 2037035976334480432357838397579523494499466016326685602687670447373715310623492569800114353, 2037035976333275244772788284287702772274639262692017485991804825174953065574316458339467419)
(4149515568878524588069024830293683759370496520837698541371422861062762901998203948863012766035311842809206837068722046418825335525362088431643301687844397877403528880982609270683107, 10, 2037035976333275244772788284287702772274639262692017485991804825174953065574316458339467419, 2037035976334485181642748521876601414403148013291656146964385249037474741500961644362072153)
(4149515568880978216471685904554204634883330259742899071349403044402071847451696817214066987968333643884215059331467485804416083482878341171833334513595152272928486575485655747443197, 10, 2037035976334480432357838397579523494499466016326685602687670447373715310623492569800114353, 2037035976334484503173475646977018854416907728010946069210568848799794822804180347996078349)


(1037378892235616586736358094919384787270259770471075903887156793905868287578940403207022059803997166252238927122693029316532053524981362070145985899976446992660516186860431698039561, 12, 1018517988167243043134222844204689080525734196832968125318070224677190649881668353091699131, 1018517988182331973606536319287628987847598744731527344276872710599355826732105767342571531)
(1037378892235616586736358094919384787270259770471075903887156793905868287578940403207022072026213024440222610401128860768079907696166298848474117222448974184930436972129639808897933, 13, 1018517988167243043134222844204689080525734196832968125318070224677190649881668353091699143, 1018517988182331973606536319287628987847598744731527344276872710599355826732105767342571531)
(1037378894342676427164372406220594525150707980044247622029101429957055172690923470142038164149369333782308563780197253572308407568589215984199346276870614209263429422147140325542099, 13, 1018517990251082712333823423686109859158100805274419952948697830976597244806826125158252693, 1018517988167243043134222844204689080525734196832968125318070224677190649881668353091699143)
(4149515560341238353846587190281439560799281085748792645555413762271043743440546792783125301475163162860701112497138544637386061116033028895928553912754511122593215802080346800916329, 13, 2037035972940758358454374480059354827639844011751448861864761165844582926634787335099646223, 2037035975535968460251061373711227955410110114747024673962044714350870309984391713223868423)
(1037378894342676427164372406220594525150707980044247622029101429957055172690923470142038151927153450769316015774316169338990097671379552691159910892496642490096491740233638426509783, 14, 1018517988167243043134222844204689080525734196832968125318070224677190649881668353091699131, 1018517990251082712333823423686109859158100805274419952948697830976597244806826125158252693)
(1037378896516526695493926592335928342910842313844798463715402184793125871438949074705415087213354290962592864571889427489165152343830515546921702984382596505937750109611987203881619, 14, 1018517988167243043134222844204689080525734196832968125318070224677190649881668353091699143, 1018517992385409541692288197437761080550896102288457701237055123831020462884184145390469333)
(1037379407372406836393447771778185961505929337139328643796957176490922032644462068481481070235920577690048818253738589847389817058613620436113433871502437032692652255892606327718037, 14, 1018517990251082712333823423686109859158100805274419952948697830976597244806826125158252693, 1018518491869421423663531128017073201332104385187956669591158104981958025706107655168196609)
(4149515531492076842268924079760562437941967606949417587196245875017376596688731679134171016730107079524474965997545534782125209037000343970445194291674159747574312656688196362439589, 14, 2037035972940758358454374480059354827639844011751448861864761165844582926634787335099646223, 2037035961373645411075992939093329948124939306017286616257426999335641691626019749502124043)
(4149515536778613146948934338101203170236645072721701457252067251056545135672488150123953974998729845830983999940681736142217226407333366318758299441219050905335417915151203656794189, 15, 2037035975535968460251061373711227955410110114747024673962044714350870309984391713223868423, 2037035961373645411075992939093329948124939306017286616257426999335641691626019749502124043)
(4149515567209121615380164524949320778066512457241650734036490899536948644298455155620638195458828535950239676583762850363027124130302836933819554114297559771468768055744466912281969, 15, 2037035976312266443738217018713732798344205545504459839066971465416270619741474485335752903, 2037035975535968460251061373711227955410110114747024673962044714350870309984391713223868423)


(1037386323348027231453428892566634782269153069141820361068597208303714700098141395779494395093378397899535473938714608183829029732670882849444940984386578824211757309406854128886531, 16, 1018525279969210273998268296293191490496595500780775975067478846028425033378257988944396407, 1018517992385409541692288197437761080550896102288457701237055123831020462884184145390469333)
(4144683697805795475056808052768638311012168100554877486029906974026395090913432152528664943784391881316687656917641806715621520194747963761874764270299714187521468833287459286550517, 16, 2034663966460032578376485083787571635242057065445855775223600273715235836803450933228863779, 2037035975535968460251061373711227955410110114747024673962044714350870309984391713223868423)
(4148739337721256269088364307731431380301130473352425516556329944654388388390723672952202569783865733596789742007453047664619000168144899291810138473170372269923502398522869812369413, 16, 2036654917203109353341411348489673272145556952522415831526116616809534210006796361705456021, 2037035976334480432357838397579523494499466016326685602687670447373715310623492569800114353)
(4149515561922585271931294055731221607261332831292367135792416157010751373570471744903605275170281161975970191441535393189218006330243532993453106851621741748620512428460168645235369, 16, 2037035972940758358454374480059354827639844011751448861864761165844582926634787335099646223, 2037035976312266443738217018713732798344205545504459839066971465416270619741474485335752903)
(4149515568835719230077726329791423081885211752405624028847234462621185370426811166087883298363432398919191501055271053319849450898683239481951227854734276525345220141101728751716759, 16, 2037035976312266443738217018713732798344205545504459839066971465416270619741474485335752903, 2037035976334480432357838397579523494499466016326685602687670447373715310623492569800114353)
(1037378896516526695493926592335928342910842313844798463715402184793125871438949074705415074991138382337678364264431058236032185733077288085429288139721110533692195499402242518249623, 17, 1018517988167243043134222844204689080525734196832968125318070224677190649881668353091699131, 1018517992385409541692288197437761080550896102288457701237055123831020462884184145390469333)
(4149515567254372309358479861854534193667294335728260682043308331921492007834551599183147822952101612950290807040447237075752729540409816783584749920395320340988140898925714425775319, 17, 2037035976334480432357838397579523494499466016326685602687670447373715310623492569800114353, 2037035975535968460251061373711227955410110114747024673962044714350870309984391713223868423)
(1037379405249977599222596559879985214362149156061601729628983738768461210582920149874221073331741697225336960234055237009372297382248809845436255117777601816870816608586264882446779, 18, 1018517988167243043134222844204689080525734196832968125318070224677190649881668353091699131, 1018518491869421423663531128017073201332104385187956669591158104981958025706107655168196609)
(1037386321174161400035301676785189479384120488998247602774598089050499667697930166685153520931466131554487244154513679245468342685868555772155281142882978870726715922947833667274051, 19, 1018517990251082712333823423686109859158100805274419952948697830976597244806826125158252693, 1018525279969210273998268296293191490496595500780775975067478846028425033378257988944396407)
(4149515561967835965851959424969596980045082554358334907683817477834388537160644169158509786304879168413841943727015835399126978416964329861104376803436097347955760485264515244538719, 20, 2037035972940758358454374480059354827639844011751448861864761165844582926634787335099646223, 2037035976334480432357838397579523494499466016326685602687670447373715310623492569800114353)


(1037386319051718017552831973126908060060993006490891627948060357793257222198106582268815234636851278797486256835102048803648565665274718299029021455990072091828984157912296174179201, 22, 1018517988167243043134222844204689080525734196832968125318070224677190649881668353091699143, 1018525279969210273998268296293191490496595500780775975067478846028425033378257988944396407)
(4128917595016705359075159330261165626779212296229519705617636296469699575345882576637855119692595660519312331594290109450807897662210227223081208335077861978685111281989484256698577, 22, 2037035972940758358454374480059354827639844011751448861864761165844582926634787335099646223, 2026924241821812774854372167713616893318112608920467160608725507878742135584226029829357599)
(4148737428399711979871107906057612368350641113024067099670362383615226560138977755445796919266434663177052791658625669758698414166371858487844909865783509134961342334137900139164873, 22, 2036654917203109353341411348489673272145556952522415831526116616809534210006796361705456021, 2037035038855318812163507698429623266379860435548813441537672733026546306002771613115744613)
(4148739337676014039935518514922434106707308427204127363281546998878925380353072777838046814073772267372638316129217690571602984468728348283374318778529726421967252033569074989578963, 22, 2036654917203109353341411348489673272145556952522415831526116616809534210006796361705456021, 2037035976312266443738217018713732798344205545504459839066971465416270619741474485335752903)
(4149486256909546112795259580169402610231933352259208921838026456343791118501383042121383956990214173023702391928505173229178238243393887665204836094455488949736155723491938723185749, 22, 2037035038855318812163507698429623266379860435548813441537672733026546306002771613115744613, 2037022524286714025079050863267295771952342312288591055609158364863418805178117602383233073)
(4149513659202190639851044751961607870152296691995031873637305777538008838705908274661479082256140631808827469347208949787196094229979611273148686452707598561882358542151112143730389, 22, 2037035038855318812163507698429623266379860435548813441537672733026546306002771613115744613, 2037035976334480432357838397579523494499466016326685602687670447373715310623492569800114353)
(1037386319051718017552831973126908060060993006490891627948060357793257222198106582268815222414547919166962968855882493285350679706128708929717320646243919750728583618816428841422317, 23, 1018517988167243043134222844204689080525734196832968125318070224677190649881668353091699131, 1018525279969210273998268296293191490496595500780775975067478846028425033378257988944396407)
(2485108597171858051242712977997870342993334592303461720560568331722711218672547116703915478909821312202565727620015327304361991408776940080169944334452409337646590619676368946869211, 24, 1219963037493160251874421937780682709872324816546424030159176150067315629604102585043648587, 2037035976334480432357838397579523494499466016326685602687670447373715310623492569800114353)
(4128917601850496828635223552497769741734969606224555587409960826187383907492743429359232195659925470283043848786876205110749517251808578446100639317442900710224835122732923489359897, 24, 2037035976312266443738217018713732798344205545504459839066971465416270619741474485335752903, 2026924241821812774854372167713616893318112608920467160608725507878742135584226029829357599)
(4148739330809415519652140440930891447875227315965306311595071074204220791442356093671004505384964785953130526763497607579434810524819853447574438115725850131665990304384565985258683, 24, 2036654917203109353341411348489673272145556952522415831526116616809534210006796361705456021, 2037035972940758358454374480059354827639844011751448861864761165844582926634787335099646223)


(4149513652289059863172948989340095578057517369105857732341057154825674541222673528742177757641834039802192003793704492587689641183354049671896811393166299947450626205477567518046699, 26, 2037035972940758358454374480059354827639844011751448861864761165844582926634787335099646223, 2037035038855318812163507698429623266379860435548813441537672733026546306002771613115744613)
(4149513659156939966680142706558571286696193083597592898999175179118867992687930548583116274345321854847408933729783596694715709399925993082904410955451962411398324465303433821361539, 26, 2037035038855318812163507698429623266379860435548813441537672733026546306002771613115744613, 2037035976312266443738217018713732798344205545504459839066971465416270619741474485335752903)
(1249669068562033792688370562123378711734746439591966489584731229364520761476317585809039600700602758928781704864586846865456646576110003333324117095365442193114715657470347338359449, 28, 1219963037493160251874421937780682709872324816546424030159176150067315629604102585043648587, 1024349943527727649121131943473884806858539059453702442110996610132236566207084690797494827)
(2485108593031642561555855859602030019933594986642924918307938072178996873805095365152157290196915992910327365735960672744503264373910707482423069091176999589609915122381516833836901, 28, 2037035972940758358454374480059354827639844011751448861864761165844582926634787335099646223, 1219963037493160251874421937780682709872324816546424030159176150067315629604102585043648587)
(2485108597144757806211481186623844688204392010616661736389851539431650200430127653820468845645094047333501211519327609818305514186264084395280752098807280518223575205012089797098061, 28, 1219963037493160251874421937780682709872324816546424030159176150067315629604102585043648587, 2037035976312266443738217018713732798344205545504459839066971465416270619741474485335752903)
(1043318843661090189184771765145009511856155041362612249347829968445872832822176686989748538689191601759292932019020865865450060553067699941654763649098801944827875836643903612895337, 29, 1018517988167243043134222844204689080525734196832968125318070224677190649881668353091699131, 1024349943527727649121131943473884806858539059453702442110996610132236566207084690797494827)
(1043318845795671236650221284131632330574128053541450090245711736978025834464075858369577443955548921133816181272843144864454129472104125171125042882016631490766646973731249026319111, 29, 1018517990251082712333823423686109859158100805274419952948697830976597244806826125158252693, 1024349943527727649121131943473884806858539059453702442110996610132236566207084690797494827)
(1043326313018023537493734588330342848896035252832173455012348833554592371114591481609287727652242989164145085374329602303622182839847701426097074058227883261455199635288155219886589, 30, 1018525279969210273998268296293191490496595500780775975067478846028425033378257988944396407, 1024349943527727649121131943473884806858539059453702442110996610132236566207084690797494827)
(2074384519744965724121916623108592404269663239012342990931027510121099555333552447631153233570111229344790808784376314912995841205430162075773605078849459055401665701250806528916547, 30, 2036654917203109353341411348489673272145556952522415831526116616809534210006796361705456021, 1018525279969210273998268296293191490496595500780775975067478846028425033378257988944396407)
(2484643719116486084494659652535324060548369981522513533378190362124006013413511120800363426262754069278361659247231063501441456472890255315131257612208600855271121475098350507292327, 30, 2036654917203109353341411348489673272145556952522415831526116616809534210006796361705456021, 1219963037493160251874421937780682709872324816546424030159176150067315629604102585043648587)


(2064458800947767180362179502230547432798419627487451394432966037747112433774694256901106230981318689666038354652817565521964150079313800170311010075129771425428040601296617116546469, 31, 1018517988167243043134222844204689080525734196832968125318070224677190649881668353091699131, 2026924241821812774854372167713616893318112608920467160608725507878742135584226029829357599)
(1043318843661090189184771765145009511856155041362612249347829968445872832822176686989748550981390924092024721472604187552067742855536413386084068981058123531666670321660193182833261, 32, 1018517988167243043134222844204689080525734196832968125318070224677190649881668353091699143, 1024349943527727649121131943473884806858539059453702442110996610132236566207084690797494827)
(1242563194314809215968611383472711723523773859920435785692037532057844877926130663650165148425303202130447139119324677073149187771196614412406453014208388623145091472296619733426909, 32, 1018525279969210273998268296293191490496595500780775975067478846028425033378257988944396407, 1219963037493160251874421937780682709872324816546424030159176150067315629604102585043648587)
(2064458800947767180362179502230547432798419627487451394432966037747112433774694256901106255304409591527791652905283578085366869896665107215916937379835865970333667612008975068837657, 32, 1018517988167243043134222844204689080525734196832968125318070224677190649881668353091699143, 2026924241821812774854372167713616893318112608920467160608725507878742135584226029829357599)
(2086636727015448322719007878635911523267197016734300934055650502888708901004113941455782478575062265562546834451354127027528263330635003426931874026320389512162274424526651120616951, 32, 2037035038855318812163507698429623266379860435548813441537672733026546306002771613115744613, 1024349943527727649121131943473884806858539059453702442110996610132236566207084690797494827)
(2074771683257204721945821923328343156678005663079408314775926351736800353105483970252712942445977286514080985804843741039016773849069659443403707619816151252913240903321931646805491, 34, 1018525279969210273998268296293191490496595500780775975067478846028425033378257988944396407, 2037035038855318812163507698429623266379860435548813441537672733026546306002771613115744613)
(2086247349422473897044632097200179841379307763264202452895974710349118678401974194070864849632686879748139724715758282961236694243107387232597004596309316897917850719940564423503367, 34, 2036654917203109353341411348489673272145556952522415831526116616809534210006796361705456021, 1024349943527727649121131943473884806858539059453702442110996610132236566207084690797494827)
(2485107453481932454529137296443676813139620176753421146294128916426779171549669624153462934140788664092801736872793406635835642237161098032585187904323276822388400909337524810311831, 34, 1219963037493160251874421937780682709872324816546424030159176150067315629604102585043648587, 2037035038855318812163507698429623266379860435548813441537672733026546306002771613115744613)
(1242554301128139846887822559917991720257965234709135697655880833500304355296057409648197562947593757134654926374561376471669917578747026671032692411307242227783931242354286438394791, 35, 1018517990251082712333823423686109859158100805274419952948697830976597244806826125158252693, 1219963037493160251874421937780682709872324816546424030159176150067315629604102585043648587)
(2074756833845955500048792246175948497326893345362071351249579203288915071320057140893771262581512152122204022276242708072276044848424169556815092076961685347962647835935330707492809, 35, 1018517990251082712333823423686109859158100805274419952948697830976597244806826125158252693, 2037035038855318812163507698429623266379860435548813441537672733026546306002771613115744613)


(2485092186170804441937039723791933196804710941136507544582392149795612574752802059228563453428951388046419122569121461543129447708349802020074157584439091231564293720649661128117851, 36, 1219963037493160251874421937780682709872324816546424030159176150067315629604102585043648587, 2037022524286714025079050863267295771952342312288591055609158364863418805178117602383233073)
(2074369673104696201014869339024311949160405163140321115910350224095562614578746153486993090266982449924167133891436646370284233118604914882535370550787508859920669323839113116314553, 37, 1018517990251082712333823423686109859158100805274419952948697830976597244806826125158252693, 2036654917203109353341411348489673272145556952522415831526116616809534210006796361705456021)
(2074744083287862949849562841148446073141661073523247540517289735639053499187397069772855554453764333705990630163475087849685829584335330722678715049419538041585701778795999363356439, 38, 1018517988167243043134222844204689080525734196832968125318070224677190649881668353091699143, 2037022524286714025079050863267295771952342312288591055609158364863418805178117602383233073)
(2074756829601101078532529179568191314507786248089723218004340466473844776705283758620608136044577371071676929871534868087104854465872718301005335193031072676905500859773729818966659, 38, 1018517988167243043134222844204689080525734196832968125318070224677190649881668353091699143, 2037035038855318812163507698429623266379860435548813441537672733026546306002771613115744613)
(2086637683845815572034716217862210954890966071703813526204601531319047340810715260473638708875362432364488265115477419390423761383314764943734169179174162813189993186709262372588421, 38, 2037035972940758358454374480059354827639844011751448861864761165844582926634787335099646223, 1024349943527727649121131943473884806858539059453702442110996610132236566207084690797494827)
(1242554298585932474402335581658490629640144061323899423969424640286176816604640049670638377596483001902683061187552940796077412925729331462481190304078971702140682143654404021060941, 40, 1018517988167243043134222844204689080525734196832968125318070224677190649881668353091699143, 1219963037493160251874421937780682709872324816546424030159176150067315629604102585043648587)
(2074757780983923741535627133859569215020095814476959486310028979556043179890642140322283680805181406118079555783090189795426869949951105095157696609115765231174775930972097252286889, 40, 1018517988167243043134222844204689080525734196832968125318070224677190649881668353091699143, 2037035972940758358454374480059354827639844011751448861864761165844582926634787335099646223)
(2074772638080804767476747018693393577584476543631932589533037872416758528384852361357334819328125660118593772374952859866605234321920841163304008547490681947569969387198394233019521, 40, 1018525279969210273998268296293191490496595500780775975067478846028425033378257988944396407, 2037035976312266443738217018713732798344205545504459839066971465416270619741474485335752903)
(2074772638103430276454779734473655400281952651454095989189496962967360621986821882997059260164322386770074847341184027438705103348009616439340320261356342467054779046126467162329671, 40, 1018525279969210273998268296293191490496595500780775975067478846028425033378257988944396407, 2037035976334480432357838397579523494499466016326685602687670447373715310623492569800114353)
(2086637687299419688798497496993529373301048999722300448926307750616056323829901544696791156750785457881172365980188814582196072671354192794493176219432495731825013242105368292732781, 40, 1024349943527727649121131943473884806858539059453702442110996610132236566207084690797494827, 2037035976312266443738217018713732798344205545504459839066971465416270619741474485335752903)


(1242554298585932474402335581658490629640144061323899423969424640286176816604640049670638362956926551984760038694489687427884894457831532905392828393965170894353126894423383497277897, 41, 1018517988167243043134222844204689080525734196832968125318070224677190649881668353091699131, 1219963037493160251874421937780682709872324816546424030159176150067315629604102585043648587)
(2074756829601101078532529179568191314507786248089723218004340466473844776705283758620608111600156904807851183909442486931625657907547491715244036740958276358349828826514372430031303, 41, 1018517988167243043134222844204689080525734196832968125318070224677190649881668353091699131, 2037035038855318812163507698429623266379860435548813441537672733026546306002771613115744613)
(2074757780983923741535627133859569215020095814476959486310028979556043179890642140322283656360749730828979254330596429083168938271822964077771354231981775096179656313524076056532213, 41, 1018517988167243043134222844204689080525734196832968125318070224677190649881668353091699131, 2037035972940758358454374480059354827639844011751448861864761165844582926634787335099646223)
(2074369668860633892076602036709115597158220420496631940218586201220562345437425595192799854134097098934571023475426676870278381946621095503546183729117162019994560692911748549890003, 42, 1018517988167243043134222844204689080525734196832968125318070224677190649881668353091699143, 2036654917203109353341411348489673272145556952522415831526116616809534210006796361705456021)
(2074757784417865373648520117373145242496731146500631499742415160472307979632672803160128931807326822574202543856144829999847607697776305390524814701201012650072052864633367464862129, 42, 1018517988167243043134222844204689080525734196832968125318070224677190649881668353091699143, 2037035976312266443738217018713732798344205545504459839066971465416270619741474485335752903)
(2074758936852712837291423512914863306797185698770795544371413253986148736553266258849006901419033831284943776707002305293790602388923243991170204359744547998029414842217075184768711, 42, 1018525279969210273998268296293191490496595500780775975067478846028425033378257988944396407, 2037022524286714025079050863267295771952342312288591055609158364863418805178117602383233073)
(2074772634646838550994565227693045028788118512177206279882233983381406918564810916267936203048911784009137583253363893386597912643131926188888279549269664687212079300990203972320761, 42, 1018525279969210273998268296293191490496595500780775975067478846028425033378257988944396407, 2037035972940758358454374480059354827639844011751448861864761165844582926634787335099646223)
(2074369668860633892076602036709115597158220420496631940218586201220562345437425595192799829694238092497258783378490494994199116199937665234556205415717760305584040611355408084417751, 43, 1018517988167243043134222844204689080525734196832968125318070224677190649881668353091699131, 2036654917203109353341411348489673272145556952522415831526116616809534210006796361705456021)
(2074757788662721748674758825428828630214136362021134633548541662656588290024254243192411182046307356025116581308835122800274405808255151731288209201158742115481471780162781082317779, 45, 1018517990251082712333823423686109859158100805274419952948697830976597244806826125158252693, 2037035976312266443738217018713732798344205545504459839066971465416270619741474485335752903)
(2074757788685347095719076015306609471776421486964578623886366591555842698368809252191298132483307332599295205741069684321775445345421650451972878881152367404260628224230693070202629, 45, 1018517990251082712333823423686109859158100805274419952948697830976597244806826125158252693, 2037035976334480432357838397579523494499466016326685602687670447373715310623492569800114353)


(2074757793033047632378172320244177172067739011004610259130210938681143396469821495967235205365837745347777108019774213869880360851617477652896604080207110096500973969839779739636549, 46, 2037035976334480432357838397579523494499466016326685602687670447373715310623492569800114353, 1018517992385409541692288197437761080550896102288457701237055123831020462884184145390469333)
(2074757784417865373648520117373145242496731146500631499742415160472307979632672803160128907362895106827005218997540605435054027567309759337006745897543427654824615966939543435827293, 47, 1018517988167243043134222844204689080525734196832968125318070224677190649881668353091699131, 2037035976312266443738217018713732798344205545504459839066971465416270619741474485335752903)
(2074757784439263215412057537045781913199911397881352166049213575608660987705262967745420529272623945743433971594963135130689942903028298886458346923675969790867120355617772325112889, 47, 1018517988167243043134222844204689080525734196832968125318070224677190649881668353091699131, 2037035976333275244772788284287702772274639262692017485991804825174953065574316458339467419)
(2074757784469999909628551524735829945604845578246690044799022281115365736882919423237301772970372877618455919344853255870621577022324919646175741203338834075109418570354444451448489, 47, 1018517988182331973606536319287628987847598744731527344276872710599355826732105767342571531, 2037035976333275244772788284287702772274639262692017485991804825174953065574316458339467419)
(2074757785228780109536183548773591428390891936481083501914150814033951004543623318987144232034178302065863288201838838814129734448876867064896658746844680136109986235788313137028539, 47, 1018517990251082712333823423686109859158100805274419952948697830976597244806826125158252693, 2037035972940758358454374480059354827639844011751448861864761165844582926634787335099646223)
(2074757788684119590482075218099626513388599595870511868057747628307511061069695658334857029705657993807229149417802948863656936239017518870213480627692634204690839401964402242509367, 47, 1018517990251082712333823423686109859158100805274419952948697830976597244806826125158252693, 2037035976333275244772788284287702772274639262692017485991804825174953065574316458339467419)
(2074757783627191913288894688844999170132382810614182086260598672577304144412920460830625490533385364700989932753804170114233315654377076467002988208086225686182263461347261847440413, 48, 1018517988167243043134222844204689080525734196832968125318070224677190649881668353091699131, 2037035975535968460251061373711227955410110114747024673962044714350870309984391713223868423)
(2074757789576480638951967779992945518087680567212673772171274265842335702464544023538396776074459735508621069675076759338509777185166069017593438635821093442197556818940684230779259, 48, 2037035972940758358454374480059354827639844011751448861864761165844582926634787335099646223, 1018517992385409541692288197437761080550896102288457701237055123831020462884184145390469333)
(2074757784471231561062012201669976041219161730382034468898552093761143636071604241288485554832992037032320022352100258796434420006073891235392836692049543035508901699868025012882319, 49, 1018517988182331973606536319287628987847598744731527344276872710599355826732105767342571531, 2037035976334484503173475646977018854416907728010946069210568848799794822804180347996078349)
(2074757784439263215412057537045781913199911397881352166049213575608660987705262967745420553717055661742736908868422546583123210198699451190668178825333871890303907247415272398721917, 50, 1018517988167243043134222844204689080525734196832968125318070224677190649881668353091699143, 2037035976333275244772788284287702772274639262692017485991804825174953065574316458339467419)


(2074757784471227414863059089235935526964241646084589883218022537631047506992607359537050767659442186326358150566932828812882490690083661085520178506340682087514747294323288882284443, 51, 2037035976334480432357838397579523494499466016326685602687670447373715310623492569800114353, 1018517988182331973606536319287628987847598744731527344276872710599355826732105767342571531)
(2074757787162069303748019087812082838583583010164394860509925690293581413587479068698216002297417225881997769409784326686768551450238513343542165117796517695374153288079932448084573, 51, 1018517989503289032251536643212503531475030777895911433014255465478394503356753812096287141, 2037035976334485181642748521876601414403148013291656146964385249037474741500961644362072153)
(2074757784440492563401637161442334304388668304570712880912163771181750451611861383122856666451041730791996448201759346860197427968035257306753764434157146129642054313206378479556259, 52, 2037035976334480432357838397579523494499466016326685602687670447373715310623492569800114353, 1018517988167243947759920010737465827174054577207248228989825424994097208144043414913024403)
(2074757784440495327534272528774519893946270844330123557102133570366322073920671762735514277980579620950206946685676610859303638592167901306811339823525336558461031569156473872216243, 52, 2037035976334480432357838397579523494499466016326685602687670447373715310623492569800114353, 1018517988167245304698465760536630947146535147768668384497458225469457045537606007645012131)
(2074757784440490720646546916554210578016933278064439096785517238392036036739321130047751347653699310548870899605206794651307280949358202104443058320791334331258794656797938870727243, 53, 1018517988167243043134222844204689080525734196832968125318070224677190649881668353091699131, 2037035976334480432357838397579523494499466016326685602687670447373715310623492569800114353)
(2074757784440493715123568564505722976711363993853964360455919180147747028602230260486845266669983191697123494731482554235584101201656943234631776242796292583486731262183938275323647, 53, 1018517988167243043134222844204689080525734196832968125318070224677190649881668353091699131, 2037035976334483372391354188811047921106507252543095939620874848403661624976211520719421837)
(2074757784440494866845499967563996976209221961465320231098381465438405102395656849117265812645007223978744590708531657664484625599332268544988084497616615373807944150471348964154907, 54, 1018517988167243043134222844204689080525734196832968125318070224677190649881668353091699143, 2037035976334484503173475646977018854416907728010946069210568848799794822804180347996078349)
(2074757784440497400633749054291381427452535454742799849087591593289798704229684577906820134725843114716769841404312393276747220203004215198484042306255440415310378302029585335749659, 54, 1018517988167243947759920010737465827174054577207248228989825424994097208144043414913024403, 2037035976334485181642748521876601414403148013291656146964385249037474741500961644362072153)
(2074757784440494866845499967563996976209221961465320231098381465438405102395656849117265788200575507964930552626823893940258372596439532413635253970790429776270070500307173011214719, 55, 1018517988167243043134222844204689080525734196832968125318070224677190649881668353091699131, 2037035976334484503173475646977018854416907728010946069210568848799794822804180347996078349)
(2074757784440495557878658809398961375907936742032133753483858836612799946671712802295517996007874518866132735912231175839149825177539972758726807782739725405865006255007074789399043, 55, 1018517988167243043134222844204689080525734196832968125318070224677190649881668353091699131, 2037035976334485181642748521876601414403148013291656146964385249037474741500961644362072153)


(2074757784440489799269001794100021662637887075900948899097633587120008592973105271817734761696088615497739125337101276173153032726470984203130943451168870376620200082880246547864829, 56, 1018517988167243947759920010737465827174054577207248228989825424994097208144043414913024403, 2037035976334477718480746897981193254554504875203845291672404846422995635836367384336138543)
(2074757784440490720646546916554210578016933278064439096785517238392036036739321130047751372098131026562636087899267565605589214942950398024670290572836702815842522138708776472099479, 56, 1018517988167243043134222844204689080525734196832968125318070224677190649881668353091699143, 2037035976334480432357838397579523494499466016326685602687670447373715310623492569800114353)
(2074757784440495557878658809398961375907936742032133753483858836612799946671712802295518020452306234879954915625213438358366798015316132258600571355362713855561904266546807134264879, 56, 1018517988167243043134222844204689080525734196832968125318070224677190649881668353091699143, 2037035976334485181642748521876601414403148013291656146964385249037474741500961644362072153)
(2074757784440496479256203931845171401680236098387466801285725214951299325450698690101169533885133373723043066490431816176273835414315151059519226853104861529778237499696533339169541, 56, 2037035976334485181642748521876601414403148013291656146964385249037474741500961644362072153, 1018517988167243495447071427471077453849894387020108177153947824835643929012855884002361997)
(2074757784440496709600590212455803267014840147575358853633959047274363239569995550080539809787026078728931753036269470118661456739717862198940342049583983100490324134895166936950647, 56, 2037035976334484503173475646977018854416907728010946069210568848799794822804180347996078349, 1018517988167243947759920010737465827174054577207248228989825424994097208144043414913024403)
(2074757784440498322011294176732681367312990598293113112344216572899973119939605868528246132588308773872080871750579061018988658268342446273296842307895653276686823424159791171304647, 56, 1018517988167245304698465760536630947146535147768668384497458225469457045537606007645012131, 2037035976334483372391354188811047921106507252543095939620874848403661624976211520719421837)
(2074757784440499473733225579793512703223267426740416787437325420028300445331503601525450475500226194667722982424821378522872287911244314906605516265381529123752599834314518531451719, 56, 2037035976334484503173475646977018854416907728010946069210568848799794822804180347996078349, 1018517988167245304698465760536630947146535147768668384497458225469457045537606007645012131)
(2074757784440500164766384421630011504769433523808798992493190728305296840566642241323772976136320268285392803947700281644888720174558186360013440502184186184024966199467365982288043, 56, 1018517988167245304698465760536630947146535147768668384497458225469457045537606007645012131, 2037035976334485181642748521876601414403148013291656146964385249037474741500961644362072153)
(2074757784440505001998496314406788300818343666757001006893346712880812043011670896302425947545090766736235267685458506890870919002807064988629893256253428631897830123780653671561683, 56, 2037035976334477718480746897981193254554504875203845291672404846422995635836367384336138543, 1018517988167251410921921634632873987022697715295059084281805827608576313808637674938957981)
(2074757784440516519217810344987942747221223649152272074558568697448037844954884673099226071557098164766123921760257415754776635142487064752550087929729963344184189653565027808970651, 56, 2037035976334480432357838397579523494499466016326685602687670447373715310623492569800114353, 1018517988167255707893983175663563533602219522072889576722643029113882465554919218590253067)


(4149515568880975913027823098428705958444148311594370014487215507388913319270194634669481706369257179681039587974389416481063794547121707086762760649925953630800409868280865329466089, 242, 2037035976334486086268445688409378161051468393665936250636140449354381299763336706183397223, 2037035976334477718480746897981193254554504875203845291672404846422995635836367384336138543)
(4149515568880992497823635302467851551213303045197894551738672415574389581895537510947538584483148240169857604661224795971388356354287297413949332582089152216135104484984227083837523, 242, 2037035976334486086268445688409378161051468393665936250636140449354381299763336706183397223, 2037035976334485860112021396776183974389388298572366224718201649275154660197742940728066101)
(4149515568880983744736956639224969155029582491351589934855959047365388221065495437356342302258219937825364626243666077875558401427440092466974948386819794538838107675910649702980377, 243, 2037035976334486086268445688409378161051468393665936250636140449354381299763336706183397223, 2037035976334481563139959855745494427809866491794535732277364447769848508451461397076771199)
(4149515568880986969558364567788136353623584800663386372654853446179230827687089885521519487951428813484855123690269983243150658286360260465179599104577829492682688881411556816967363, 243, 2037035976334486086268445688409378161051468393665936250636140449354381299763336706183397223, 2037035976334483146234929897177853734444427157449525913702936048324434985410617755264090181)
(4149515568880992037134862741244541951414159858153352203481687501458126352378166875495371342240778486743169083778561848387278192514199019081762172014333953373988885168590654682346879, 243, 2037035976334486086268445688409378161051468393665936250636140449354381299763336706183397223, 2037035976334485633955597105142989787727308203478796198800262849195928020632149175272735273)
(4149515568880724376958004670501664468111968185274247866173452399909190002785827677785611954546841252360298298511864928588664568736779398892642118971891142164806999777634358793245703, 244, 2037035976334486086268445688409378161051468393665936250636140449354381299763336706183397223, 2037035976334354237073083666257167337058772954114611140477820003165250433022171445725233761)
(4149515568880972227517642608642229160051002815238031228431336194458807483131229551052135078434824109349887399723779081400947438262248101545220262332727417103005864942743707744987619, 244, 2037035976334486086268445688409378161051468393665936250636140449354381299763336706183397223, 2037035976334475909229352564915639761257864114455285084328894445789182519311617260693487653)
(4149515568880989733690999935127993952418443922930640462196762930876810204791313698234529459920771604400462308012450578757927006025749661454304598160546956565719247457232778097024827, 244, 2037035976334486086268445688409378161051468393665936250636140449354381299763336706183397223, 2037035976334484503173475646977018854416907728010946069210568848799794822804180347996078349)
(4149515568880400973439666691738325409113450880005519389770042690292402881591641590363492367072155142573321812113073669551722292103912125597984448441220436294043570491259140471468189, 245, 2037035976334486086268445688409378161051468393665936250636140449354381299763336706183397223, 2037035976334195475263230939754848300278546198428452946084782347548149457975348096082641243)
(4149515568880953339277967598486535568286132146411794949894954715692015072919033497513236423926796935911639093230008229568936064642989624219261149626080588137229120308191190941949729, 245, 2037035976334486086268445688409378161051468393665936250636140449354381299763336706183397223, 2037035976334466636815956607954678108112580215618914021693403642540890297122272877024903223)


(4149515568879744491938766948522145695334409341532673123566540074617300819338486071023720693932535229488325490953771390242350562483019201351507361329717317966822477640447725756435177, 246, 2037035976334486086268445688409378161051468393665936250636140449354381299763336706183397223, 2037035976333873202358615362453132306814410690091166013021992234650188077004232322235498799)
(4149515568880981441293093833108421156033866556128878193571034476784072073478642260095500578827019209572572579416318504177703776953525440782544924151987847372309851504815855422641719, 246, 2037035976334486086268445688409378161051468393665936250636140449354381299763336706183397223, 2037035976334480432357838397579523494499466016326685602687670447373715310623492569800114353)
(4149515568880987430247137129011445953422727987707928720911838360295494057204460520973688416859586971866023074845962933792378172742278494192582286396625093762545112240597849071358651, 246, 2037035976334486086268445688409378161051468393665936250636140449354381299763336706183397223, 2037035976334483372391354188811047921106507252543095939620874848403661624976211520719421837)
(4149515568880991115757317618797922751815873484064267506967717673225599893343425604591033875535369626202161745008748121889430085484294135486716919569205700875473593010865657385831119, 246, 2037035976334486086268445688409378161051468393665936250636140449354381299763336706183397223, 2037035976334485181642748521876601414403148013291656146964385249037474741500961644362072153)
(4149515568880319892215695916435835844464249960166066096540697805830074486534409750781878420286225720003912270564226970826328739691554301428645691617110571308016003329091898085163047, 247, 2037035976334486086268445688409378161051468393665936250636140449354381299763336706183397223, 2037035976334155671732555612312671447752449461960128384527553533604260894430845375944327489)
(4149515559565422334036496085536077869195516462066399293555754193228321551936143363729098819565796880017364567341755323633617407439876370315600405585121388581586602586445522615017799, 249, 2037035976334486086268445688409378161051468393665936250636140449354381299763336706183397223, 2037035971761385398455029659189069145945544832633940569123474010407111092159033773247169313)
(4149515565978620521785076605134135363395756148241368820533811054973740851158873733800802300412078930799433929000969724662533730628330118969171727467938284794157374258276504117924373, 249, 2037035976334486086268445688409378161051468393665936250636140449354381299763336706183397223, 2037035974909684329968607567443425616782612055765611370104047715820800010318217006033142051)
(4149515568875719454132899540466172250220384133366176402289345440825464526071244125429626487722389675408465249654261254837884261395116793167596519111473001349964567282271256299125293, 249, 2037035976334486086268445688409378161051468393665936250636140449354381299763336706183397223, 2037035976331897273679579363235523440220619857569849567990695942447038192411503539005686091)
(4149515568880760771371037007143122852244279961793093378475260615093985134658107878506904257207864440434130456653859450401517531590917716390635338495795743016029212125461719925320521, 249, 2037035976334486086268445688409378161051468393665936250636140449354381299763336706183397223, 2037035976334372103430602705279508083363100466506643187994985209424154958704078916696408527)
(4149515568863909236759520019701271799385641059478536486224087156301312618757633673644093867408836688299168799475714057990476694889400376273626728379382250988587895337174890987845131, 250, 2037035976334486086268445688409378161051468393665936250636140449354381299763336706183397223, 2037035976326099527586439054669354171135302038808665135711617111392906288849732326131761597)


(4149515567254383826577789377689998340264765621228364172521197345154608288825840921661248864586392147530749664654841054262620960204344930775369729851714240818112453139704484095589329, 251, 2037035976334486086268445688409378161051468393665936250636140449354381299763336706183397223, 2037035975535968460251061373711227955410110114747024673962044714350870309984391713223868423)
(4149515556645244276249673546063019844694647106503571081626977324937588745307048724826913898753622862390319210721565853678334859786930105539430343037703407681361141899798431605447257, 252, 2037035976334486086268445688409378161051468393665936250636140449354381299763336706183397223, 2037035970327842696356319915267802112281013128252113960256758214763910592514879224541085759)
(4149515557747666520034637630032314396952383264763899519185653659334401829511867502596727499816819664357540768635584143743014150340998383875231760791592339352916358887691557680328607, 252, 2037035976334486086268445688409378161051468393665936250636140449354381299763336706183397223, 2037035970869032079652682357724960043341530805107725250872143403082444744042894881489683209)
(4149515568835730747297040234746290484993462293001262999484830320944615959265345606320255698245410825209175393987598767301730575505057739540240701211734287804475320541888823024388369, 252, 2037035976334486086268445688409378161051468393665936250636140449354381299763336706183397223, 2037035976312266443738217018713732798344205545504459839066971465416270619741474485335752903)
(4149515568878526430824115074091563826399822795762704332098427151217321975410525935490838942064868481213888624262898895338199492455862660766748748362138582805499108996435329943577437, 252, 2037035976334486086268445688409378161051468393665936250636140449354381299763336706183397223, 2037035976333275244772788284287702772274639262692017485991804825174953065574316458339467419)
(4149515568870769353271729196004522408426839339758644380986443261577063361923766191881664271380416102279196475344143049809637406951968948100850945873828638711038526412125449524060103, 253, 2037035976334486086268445688409378161051468393665936250636140449354381299763336706183397223, 2037035976329467222900565764563987756169998077159921079738289091156796060106493721470566561)
(4149515568295656546136839485659563553251569422160096719187298457351651384839362955876969461763720212113409384223071925859602303319335802484918829999342269196179573377519315081719799, 254, 2037035976334486086268445688409378161051468393665936250636140449354381299763336706183397223, 2037035976047138970569073884138019295269205546585245746970801386521401722423949656768643313)
(4149515568792450419181230988479318154888469019381271300523103840362992490846256781468661930825822991198152365874205606930840121259476363791380063292455470863823319800181064458021513, 254, 2037035976334486086268445688409378161051468393665936250636140449354381299763336706183397223, 2037035976291019726145290955019478455905511789881234926470520422311163350903991253323481231)
(4144683699430510515297588129834415855730490766553536436029735547418387457210085591053743413157064926046666449001165445507225111696024569532533123473417731359449840155504014513885717, 255, 2037035976334486086268445688409378161051468393665936250636140449354381299763336706183397223, 2034663966460032578376485083787571635242057065445855775223600273715235836803450933228863779)
(4149515370580235783623533882333902778081074346903207683780078820241903216629831018130673151363889215348330619924194450927718919048165519641619509599033288316408731524319601202554751, 255, 2037035976334486086268445688409378161051468393665936250636140449354381299763336706183397223, 2037035878986790965184622261104299890322203654476262798750039810978944493910212004330602537)


(4148739337721267784153204073418231194316440840993263880437172402441124690874851190385597543304017210963899445030589909217868473166201659679063455196270655505123884161291004200029683, 256, 2037035976334486086268445688409378161051468393665936250636140449354381299763336706183397223, 2036654917203109353341411348489673272145556952522415831526116616809534210006796361705456021)
(4149325328219125901999702601113314958504623089003193272750083354918919481813000016124084285529388071628443782167489417109736208619661994534332421342455964497743867528064184721863539, 256, 2037035976334486086268445688409378161051468393665936250636140449354381299763336706183397223, 2036942585415485538116263345310187898354558217119986108735453104135249317066800883849756693)
(4149513659202202157065058359136382629015572496179446436008680932947689553410567517241214106720908438939456529934386305484677547140102448213322315839946938135087720773322717601409699, 256, 2037035976334486086268445688409378161051468393665936250636140449354381299763336706183397223, 2037035038855318812163507698429623266379860435548813441537672733026546306002771613115744613)
(4149513739984082541338164533929131941470193269012879446777558280519050365262868833955569201062658913682651900007074314285444936063339657427854572260457607666579740455030097256110681, 256, 2037035976334486086268445688409378161051468393665936250636140449354381299763336706183397223, 2037035078511898923053278208162705196684619430740349867585733942179593714599554954385424447)
(4149515561967847483071254267719138430040191628953918972620057959112086359781284280644565196241123576210024074566108076496671958745717718400175230977112237670698539083006983580638729, 256, 2037035976334486086268445688409378161051468393665936250636140449354381299763336706183397223, 2037035972940758358454374480059354827639844011751448861864761165844582926634787335099646223)
(4149513400928923905437108903610191020700130081465414088064302839979991418667738964169700810760107146133487697314129679577623537436638208781360379500167392353284720591297838097324353, 257, 2037035976334486086268445688409378161051468393665936250636140449354381299763336706183397223, 2037034912066552559554687181021990449435463053876029528750785960967583837194638727978156311)
(4149515534836377832588220681494646745159487333277959285916127314996258192705416256821669911493436655484463277481846210677740597362319682065024408370092027114772524244427142242222399, 257, 2037035976334486086268445688409378161051468393665936250636140449354381299763336706183397223, 2037035959621666321943389158962251985851632431670446616514402849731773811598728537894289513)
(2485108597171864948804671163316981259280288122647798847938849280572353633209280099341275458372257148576018379864586020726434231570178674076218321403910421847767095126260906643673901, 258, 2037035976334486086268445688409378161051468393665936250636140449354381299763336706183397223, 1219963037493160251874421937780682709872324816546424030159176150067315629604102585043648587)
(4149515081281969349191011059927563429453329694144244169018357858613899184607680273945756795745063502336130124925134652706117894359863523954703381097028361015708248997057148106036319, 258, 2037035976334486086268445688409378161051468393665936250636140449354381299763336706183397223, 2037035736967568037661289815799882675072629864151310766156904337595258061307774341983764553)
(4149515538405222266937057844923367556036870138070657869855436790099627719814570424913061108816866489099812996623881058356178568304537263563405448281385859260602740588867540087732589, 258, 2037035976334486086268445688409378161051468393665936250636140449354381299763336706183397223, 2037035961373645411075992939093329948124939306017286616257426999335641691626019749502124043)


(4149514872245681737844304509508002466420187249797892861583401703898585496637233375575712063279361074182037768030669399036737770131364581631324922146684121484450890441704975179426441, 261, 2037035976334486086268445688409378161051468393665936250636140449354381299763336706183397223, 2037035634349700685365466779959879446216019027342975962219837863645843438204396950387687567)
(4149243242701688850551266465810191977721552072663834638437433927073967145275444007718559318905683797419970886486870803286304376523987526448784585046981960587107338356393291800347721, 262, 2037035976334486086268445688409378161051468393665936250636140449354381299763336706183397223, 2036902288867760956931008122060275461025194280694974041286402652090904830036416440010014927)
(4149504083844213069600018494672187733946971736837754340994994376290233807576227625467215787997093148894261741297269606578364953236893369263879141178650932226394146234108508175832937, 262, 2037035976334486086268445688409378161051468393665936250636140449354381299763336706183397223, 2037030338222585600598080762061723164271690252346696870044231829721352499824379498011295919)
(2135189126913275704147352697545493699618238950202238095616940494730948359418964341417088058298106290702502056852368204229526805180825069319963627582184683321278512161740984877536071, 264, 2037035976334486086268445688409378161051468393665936250636140449354381299763336706183397223, 1048184299010471987993650286685506721545703912900484086830542503784614816759104606293721377)
(4148466288023758488806875241183613674438589775187176308140812098532347148629097725294690877026761058286220009071118118743803461175695080343079444760240475093234698563584827536149059, 264, 2037035976334486086268445688409378161051468393665936250636140449354381299763336706183397223, 2036520874554534913070743241714043020700851911100655734319831866359527729375279337476980933)
(4149488166575725899699125682296892146283322147046495081034579471278106998374794139545708943552585350634972601295882522563966073828792698673065317563497226268981499218580665349956279, 264, 2037035976334486086268445688409378161051468393665936250636140449354381299763336706183397223, 2037022524286714025079050863267295771952342312288591055609158364863418805178117602383233073)
(2087321234551053783483471100390964315681486892496962076247499291587302476300658481286670433846922516079312618740241987824275315218771297149042248578844723288511896246409933453429979, 265, 2037035976334486086268445688409378161051468393665936250636140449354381299763336706183397223, 1024685503251176129372872949523710487666066923706619896010486223578138855517345667824484973)
(3812177360040679793879952112206134170452326759034348240039559603815379778440407258570707820940446487945249398360078278912022681010076121548163240964001303478335307382650681530735219, 265, 2037035976334486086268445688409378161051468393665936250636140449354381299763336706183397223, 1871433496673163973548827112187822372751079630179309072381226380560830295036474697319448853)
(4147597180719351252114929390538180426100978982291713854197359960499792482830649050509839093431449030110583976703092368422910006344710438514983324688442127036012509693757552595002983, 265, 2037035976334486086268445688409378161051468393665936250636140449354381299763336706183397223, 2036094221655664104304228129920888372129011733376923966887060771467181608833978554451493121)
(4148113849918545918024703429379782573125464764155653905631931782015621931911457043947418941798010183490174752234701979811819809122770982172324064300190245003334776408953032250733899, 265, 2037035976334486086268445688409378161051468393665936250636140449354381299763336706183397223, 2036347859394612818686257829358944069159838545695327799760596683162528484069423028935590013)


(4142050748953182628280719392045578204264318221923346780854830858871951389657128877075866391541161283839844713318080054923404756486982339998853282895496047425463559245056089157243247, 266, 2037035976334486086268445688409378161051468393665936250636140449354381299763336706183397223, 2033371426461762292367799547316683336614345865886368464032829239061192610624478860179144889)
(4056186578686118507788101828784603863785945041007166406944992627980741340658198453326552771980531766800356733939610552817524476912870079332626546697787345064664488085806256033297931, 267, 2037035976334486086268445688409378161051468393665936250636140449354381299763336706183397223, 1991219902745636710158367254314416528030989109847014763230567418163374305571831405715915197)
(4133502767879748518561967076831930316366400920981953448062477391083182127025299631208740337296995555874844672059126369150280293211283601035167639817341497703137578571695808841760781, 267, 2037035976334486086268445688409378161051468393665936250636140449354381299763336706183397223, 2029175142658853888960865406038011804687605490636131444327880602371058617069748968530903147)
(2086637687322180378369543530290019023712310082725224498695659936891745665644353373979496013078791878209558427181952462364585795084052627486472173972719676495863462512294068628665421, 268, 2037035976334486086268445688409378161051468393665936250636140449354381299763336706183397223, 1024349943527727649121131943473884806858539059453702442110996610132236566207084690797494827)
(2181110374316014188598743502274637639676284484606712264794673735660222020856905699614303544163612288892020593473618502456072103001951115168131302929706812909640789267727772020628363, 268, 2037035976334486086268445688409378161051468393665936250636140449354381299763336706183397223, 1070727468564782357176390507588732420440351446605401886382722239963612714047001584593797181)
(2887313036042450680987146360912094200080580282201038737395581129148235878742804766512441179093852699722973431938971490018915878135851927094662492858987383091726388826328690478462641, 268, 2037035976334486086268445688409378161051468393665936250636140449354381299763336706183397223, 1417408955750493385854820716639404325018109018166521426103624163925456474782133606642876967)
(4128917601895534360724359004461094865596839254974902788865932075494224867549388513802210355988350126468603635612952876595976142639626931975242147684456856837777209191748241530547577, 268, 2037035976334486086268445688409378161051468393665936250636140449354381299763336706183397223, 2026924241821812774854372167713616893318112608920467160608725507878742135584226029829357599)
(2075261900898089986835459662395482914659835998554519732368935278080437154575394159181241129416413556262574860120247104227674382997722157055220630492771119315113106518896343825499961, 269, 2037035976334486086268445688409378161051468393665936250636140449354381299763336706183397223, 1018765463648015175788125888435865290388860237437843139041556903422998581954740892270067807)
(4084222605668003816559366533678956347040203027633918114426364047603391920356376990136161641930628881062379848474734188306018727889502235411221543746853191209847401138731285240207759, 269, 2037035976334486086268445688409378161051468393665936250636140449354381299763336706183397223, 2004983050430605101392801205726209700646159549158917279307100498866763710504547444601127833)
(3516583663623410516214235630764026291848558831290128241343123797014135538605866830433935062201495399791679534368082771429052653116158845493732208242840158633313929638995339021117617, 270, 2037035976334486086268445688409378161051468393665936250636140449354381299763336706183397223, 1726323788326642311900308027038826296947740145447898569782710662336114430394490422338519079)


(2075944146408712060227472821280762697579921424462906512898695914897482625425433370348596847872811109046583400641429533922460671877274415017501868308887893383003196626048440372010339, 271, 2037035976334486086268445688409378161051468393665936250636140449354381299763336706183397223, 1019100384345807528905898364061943655229770827603594628829190002450847088208237497447088293)
(2104808378759292621955305491561307175323645890703366407472804512466265937024310902976269142742483315191080525219380334135972625068709220592309566949163295288255848113035497095276887, 271, 2037035976334486086268445688409378161051468393665936250636140449354381299763336706183397223, 1033270105787114556199860993306058171246632305909274426132015893173307590594014581750759569)
(2116208265217703320023025242889451791676562971614144175285806512778923654694678341967361446668606810377591554804961698114014184367914675133148484288928659500344850585630728184095747, 271, 2037035976334486086268445688409378161051468393665936250636140449354381299763336706183397223, 1038866416598926556306988687616377104394736911175145456962895075443671672934581785883312389)
(2074759265383297842009041663383687139209541357143580356313970866737046843779804817936786380629161040042593054830150871030656243798621746244406845033349813542404937317240106098009283, 272, 2037035976334486086268445688409378161051468393665936250636140449354381299763336706183397223, 1018518715175905908094127414187492641374860331166617168631203559670376178233270350790001221)
(2077115298438581196745545864629587451981710673237617637367589187372342043245122794339337738776088887197958147034074004688090220766438822528311266033235356415676475819964967564595707, 272, 2037035976334486086268445688409378161051468393665936250636140449354381299763336706183397223, 1019675313823477603500205292669191289125013655533087160315395337133933169619746744101240909)
(2144759326004065391962003604690694123164719364175267957372789884722524751421370963592260668250801293644719546434973754032757558192613505551227355164838662646735305103839878214257857, 272, 2037035976334486086268445688409378161051468393665936250636140449354381299763336706183397223, 1052882399192291378046453687085542734435369037503955913623072169136383737801913998143127959)
(2074772638103436035105663946253816120121986012981783255896120715586514444396213164537629386581329950324451253511005137944742733449532106633196546181966815967847487227582344454977761, 274, 2037035976334486086268445688409378161051468393665936250636140449354381299763336706183397223, 1018525279969210273998268296293191490496595500780775975067478846028425033378257988944396407)
(2074800436456678691780846467606201609414033247175804720092738853278185768382936416964651412494660115624260557700106199666748570949105412120785187061268900237320687928124844063805361, 274, 2037035976334486086268445688409378161051468393665936250636140449354381299763336706183397223, 1018538926440635230373395278103223345364311761847106478173182212818397658743218704914317607)
(2531163032104532610346506525195225271317462511569680767584670191951133075276656464771381883166052460641881333383826067280762043253927789681435400622029300732200066195508472252958993, 274, 2037035976334486086268445688409378161051468393665936250636140449354381299763336706183397223, 1242571590050754067920335183014393601927938873996166063459161917342238829420215157540257991)
(2074795839254374785788808667629382968517249008359105554512730341245258267866313572659121756503888810141850985788572183951525051845998334445405861406954796341579466585694912445905899, 275, 2037035976334486086268445688409378161051468393665936250636140449354381299763336706183397223, 1018536669631056354717526984926055834000638273775061650356939460998959540912178737857954013)


(2074757898612201677037826323424671377426903955587823322735240072811335141378330684630347987413094230111313214693747742502445321969224504934056396994145839626597312233521604724774289, 276, 2037035976334486086268445688409378161051468393665936250636140449354381299763336706183397223, 1018518044215200233967047167124762958390849905228626267451091226332458420821999002029391943)
(2090725435364842945105218254932344313773580971214391700502723254526855822903243972382725260113218953149855598653126237174504363547938653675926409339594440074805701730913702450812917, 276, 2037035976334486086268445688409378161051468393665936250636140449354381299763336706183397223, 1026356657248129486990821252240404362603441730091500286954960984248359915047700670407770179)
(2074773045782603506574703428108663093188924792285076909024380282661503900656854941248700986477054900756529112676977202614739806780636051012460642761568482140763133617625035916177679, 278, 2037035976334486086268445688409378161051468393665936250636140449354381299763336706183397223, 1018525480102723971218883193336696410609730699967841747535565194670296977929581471463374873)
(2074907087740144248781702340579302402827934122906466882711106411095191828360864331067974005692030377373705378422076451480541023375111167818118653713008484032386379562085560142965743, 278, 2037035976334486086268445688409378161051468393665936250636140449354381299763336706183397223, 1018591282552507868507844878683336180833654507945190127471170435429413095823433617660445241)
(2074757785300819402039884187047227081232876374664860269872378277054816439364412569313944380006455703341972502045087456549332067177571796837681249603100906252109274554998150051876479, 279, 2037035976334486086268445688409378161051468393665936250636140449354381299763336706183397223, 1018517988589583606962543376985649101902998681142839124406992978129006848836436986142130473)
(2074757842602340224983824146662751252482229387586702775929733110854876757641743359435288366279296391379276041407467604157884658060733853715861817587451814800847556793682156310216717, 279, 2037035976334486086268445688409378161051468393665936250636140449354381299763336706183397223, 1018518016719435749316113576871812586997513924493311497097188968353366890068743865784860779)
(2074757928122108872857127755324671681565677195875771295555981363100830376327722266419541665906878508981409394369173839545818190322982779494882327485733256941240908930506578192165093, 279, 2037035976334486086268445688409378161051468393665936250636140449354381299763336706183397223, 1018518058701889491620936260304046174024889237329457284387355372630843829432037867440308691)
(2074757784832572569476021447830133633302705179554837780863761022410755606746315172780698097653682186131581992438541245999725323124028749393076269380806181234881959357308955535552057, 280, 2037035976334486086268445688409378161051468393665936250636140449354381299763336706183397223, 1018517988359716860373981648615160643721865006007075975902959651697192541939665594648363359)
(2074757788508514244159711316488138950595066603196320362600024933459617496041834177332004483570465361438260976383100215913694815863191849239171146145616402524993135807760341917482103, 280, 2037035976334486086268445688409378161051468393665936250636140449354381299763336706183397223, 1018517990164270985774509980665200313079038472764981170714715819276413514680799738040680561)
(2074757797053039744464127427055540002241846850779469566785854876596233352150826010480112726755754332552461620950904502831619392596105286130568638656883719356020731734594221405892267, 280, 2037035976334486086268445688409378161051468393665936250636140449354381299763336706183397223, 1018517994358858415535929657072370924633485922609568542334404458260802218877329157495193629)


(2074758063106770896797711440352243392066055909632203586128664869018810685039441015743860134019644745944746525963069180296911929891714868185990541223662818942311836259510740167130703, 281, 2037035976334486086268445688409378161051468393665936250636140449354381299763336706183397223, 1018518124967121717335827366468051080163093884121873784851741268436461713735858115045228761)
(2074759061900389028455644794437929745113488780113343400867033090633372283860234342744264829639832198197091965790835049542816813351113890245047154604313884959493913599417020902697521, 281, 2037035976334486086268445688409378161051468393665936250636140449354381299763336706183397223, 1018518615284244112455312508902131883631596170452120494892896524277551319528293201606607527)
(2074757784859706677491104939542252203037278916054607769018217556198710950359372670039089147530133606953746308963290594277716110221644792309308231881760570322809198891947982768215047, 282, 2037035976334486086268445688409378161051468393665936250636140449354381299763336706183397223, 1018517988373037247608334552119560853577385922188032516580345518067036315846857148208251489)
(2074757800371114695112078539029944546713366577568487336584953961438300311797760687109114983519546889959482941555444209208337735301173937957887891847725665269382879046064365927123969, 282, 2037035976334486086268445688409378161051468393665936250636140449354381299763336706183397223, 1018517995987732421295322990812657996876149943422780474942748681952595521856707475869270103)
(2074757818829686997438966017020431949099934289846871313742766337436081148402326860193704426123036744057076007448337718039497161109985116135218727961017332857019719996694887774777947, 282, 2037035976334486086268445688409378161051468393665936250636140449354381299763336706183397223, 1018518005049218088103176462676088465167256060184333263190898682419447700862305194634903789)
(2074757787162070225125565418880236389981728008344086030959175269709024585302493376008319071131394743825158403842595046130326206403502346273720605604710775297191767474220416270009443, 283, 2037035976334486086268445688409378161051468393665936250636140449354381299763336706183397223, 1018517989503289032251536643212503531475030777895911433014255465478394503356753812096287141)
(2074758810499955198445193119759970428724298312123203459257967477536922421165840299748441088422770342121814734059268464279688410708041409403892805022284127379352924571318810008616807, 283, 2037035976334486086268445688409378161051468393665936250636140449354381299763336706183397223, 1018518491869421423663531128017073201332104385187956669591158104981958025706107655168196609)
(2074757784446624561308813324309877103708897182623534964411156239378805445770646857942059231254054186021499577098444880111352086276365669525970239753314555179020215398602419879188381, 284, 2037035976334486086268445688409378161051468393665936250636140449354381299763336706183397223, 1018517988170251375890150148953760059515159131501452885739988878549950151409936439909024347)
(2074757785508671580377739236202535659258577570147919811554974510349920398095603972233328946753035627239406472334106515560541861544134521436793038414517416503238328766490295987594217, 284, 2037035976334486086268445688409378161051468393665936250636140449354381299763336706183397223, 1018517988691620184005169566639204739214062712786422702280996323366566134734753826164703279)
(2074757793033053390987853184671856685821684627689596927430804369586251742877898149410829091742082676234842910241424978638301679085104298463306990979168560637123454331477424338862259, 284, 2037035976334486086268445688409378161051468393665936250636140449354381299763336706183397223, 1018517992385409541692288197437761080550896102288457701237055123831020462884184145390469333)


(2074757784440923077059595624630269989512814319367432935965859136505076938791662501907663066990871526193325892340432403326835321807252107881844305677829488356400143665574899517209413, 286, 2037035976334486086268445688409378161051468393665936250636140449354381299763336706183397223, 1018517988167452463983116896542505929611902253478812125329399098041058887621495164728508531)
(2074757784473389196928302714927696634530634909400341650463711651923650716452454722561503741694557606254504801242041726000722387181194032763708894385217412732615028937416159919053567, 286, 2037035976334486086268445688409378161051468393665936250636140449354381299763336706183397223, 1018517988183390385672221162636422566382443782639248640230457081380028993710928098293186729)
(2074757784587832580430416687051859538082874140521410954142106585802600962630972479296505120881184716880082864420791793822654235204880816522892125545140387271349879507241610220917243, 286, 2037035976334486086268445688409378161051468393665936250636140449354381299763336706183397223, 1018517988239571712281900097469884786995506737117947122751295162703376599382954980791025741)
(2074757816098235162908346779781337241396212788546972406510891251656215657345122191993391925777925761309274205196087738988209017742394316951827813497471183644883447128317161176559887, 286, 2037035976334486086268445688409378161051468393665936250636140449354381299763336706183397223, 1018518003708322852936201464718523605896560482792894223050962142840638281925700842415980569)
(2074757784441015675502880430515499549140594915320444935619826873873986071783160227793483443156166006788639015715347618869357027312128393257800000461256482569553045859593672336590343, 287, 2037035976334486086268445688409378161051468393665936250636140449354381299763336706183397223, 1018517988167497921424399514814537448690001367286387334835097913965613440305842021250105441)
(2074757784443602903649584260622212021128733357470272746847104550808283041336648927170435677770794759890949806472728697807966215556347663882799970286757144731851398916535464904097639, 287, 2037035976334486086268445688409378161051468393665936250636140449354381299763336706183397223, 1018517988168768015903221326833089742931815412775652889979399158902421240680428818390843393)
(2074757784471233173472716189838769574540519540942151807774313587811736575157880806414043061367804611061557277054150318786545733394866948083381268129206581254617057715828594464258413, 287, 2037035976334486086268445688409378161051468393665936250636140449354381299763336706183397223, 1018517988182331973606536319287628987847598744731527344276872710599355826732105767342571531)
(2074757788685352854328744812441189050301415960088495244058202859914110345381846940284075245614115030663693916706095128809836530076022425259988708087946900295655629188123237428471539, 287, 2037035976334486086268445688409378161051468393665936250636140449354381299763336706183397223, 1018517990251082712333823423686109859158100805274419952948697830976597244806826125158252693)
(2074757784443463314951498209959403281988347682973941224980675573580524497573346385163453058493252253183586873045633733631794196429890523747879065117820982835842355098943829785414823, 290, 2037035976334486086268445688409378161051468393665936250636140449354381299763336706183397223, 1018517988168699490506660961975251184321546599423935036843942734896749452305517885425451201)
(2074757784452409890914637166631831381349040087986344375627707711412441724911086866271076751681250830551193462022808632138312148149987224580756629444193326249029310592042025193823421, 290, 2037035976334486086268445688409378161051468393665936250636140449354381299763336706183397223, 1018517988173091448266404478606356161916993316553838363215440273478089816136443027959840827)


(2074757784440496939944976493068890175305366303165760798254813578961589635223824708652022368844717037644094314320847276151231406357685784244991723309275597906569074082413740405237517, 291, 2037035976334486086268445688409378161051468393665936250636140449354381299763336706183397223, 1018517988167243269290647135837883267187814291926538151236009024756417289447262118547030379)
(2074757784440496479256203931845580575506223116121218449997828664845326405706454073199854295491668939747082595912343457540831533518492890210814303196217062476852551324644045177679889, 292, 2037035976334486086268445688409378161051468393665936250636140449354381299763336706183397223, 1018517988167243043134222844204689080525734196832968125318070224677190649881668353091699143)
(2074757784440501086143929544078676573497654986566641932567677806007958700880160427721536308280743056774461956581273964734315402232573052760553903823004611325474030277792480626712213, 292, 2037035976334486086268445688409378161051468393665936250636140449354381299763336706183397223, 1018517988167245304698465760536630947146535147768668384497458225469457045537606007645012131)
(2074757784440522277827467360350918164258241590615589952388983855356067258679209658521275993627739004740232978630858331075606642826492335352617824476730606968137111548959689355032941, 292, 2037035976334486086268445688409378161051468393665936250636140449354381299763336706183397223, 1018517988167255707893983175663563533602219522072889576722643029113882465554919218590253067)
(2074757784440537941245734441943444557429109950130029793126470935309017062269811263894996855405836354842137079681210131545333766249249332231369596895765493374441945503672856391711391, 292, 2037035976334486086268445688409378161051468393665936250636140449354381299763336706183397223, 1018517988167263397212409091192165880112942755254270457932562231807588210785107244071518217)
(2074757784440497861322521615515509374903652677254845494768783407194116094258565979556358271106496073299787398924372304246651825859864332400996487198538746240246147997548388852686013, 293, 2037035976334486086268445688409378161051468393665936250636140449354381299763336706183397223, 1018517988167243721603495719104271640511974482113678203071886624914870568578449649457692731)
(2074757784440497400633749054292199775104509490210303146511798493077852864741195344104191220345508095314790987275604067144088800857805058666816886427985786709942106434805197690534331, 294, 2037035976334486086268445688409378161051468393665936250636140449354381299763336706183397223, 1018517988167243495447071427471077453849894387020108177153947824835643929012855884002361997)
(2074757784440498322011294176738818974702795864299387843025768321310379323775936615008527232607229853032732730375196269345929917139276864783379184668833200180209367570121980041432869, 294, 2037035976334486086268445688409378161051468393665936250636140449354381299763336706183397223, 1018517988167243947759920010737465827174054577207248228989825424994097208144043414913024403)
(2074757784440513524740788697108035768074521036769285335506270487147065897849167584930079336588191056850300126819292945654195054429460695873373323231618568084680958285932174229086763, 294, 2037035976334486086268445688409378161051468393665936250636140449354381299763336706183397223, 1018517988167251410921921634632873987022697715295059084281805827608576313808637674938957981)
(2074757784440496479256203931845580575506223116121218449997828664845326405706454073199854271047237223733249560690995196628293600900872166219579295562531670224276954164603570976913213, 295, 1018517988167243043134222844204689080525734196832968125318070224677190649881668353091699131, 2037035976334486086268445688409378161051468393665936250636140449354381299763336706183397223)