(401734511064747568885490523527700710110202809568047627614533, 3, 633825300114114700748351602943, 633825300114114700748351603131)
(1606938044258974575817342327225118705343731902184338262877827, 3, 1267650600228225742322005967009, 1267650600228220675772425175203)
(401734511064747747291452111699162107582711810161545572315273, 4, 633825300114114700748351603131, 633825300114114982223328313483)
(401734511064748639321260052777040299384968411485687924154017, 4, 633825300114114700748351602943, 633825300114116389598211866719)
(401734511064747747291452111580002951161258193503559849380469, 5, 633825300114114700748351602943, 633825300114114982223328313483)
(401734511065207499454465018951135850699770159763733853766049, 5, 633825300114114982223328313483, 633825300114840061763334963203)
(1606938044258957092033106679102110853548122934126254231651969, 5, 1267650600228214624060425895951, 1267650600228218001760146423919)
(1606938044258975646253111856446669016616620375310353028878791, 5, 1267650600228229260759214850089, 1267650600228218001760146423919)
(1606938044258985458580999209983144435109500986348501414713801, 5, 1267650600228229260759214850089, 1267650600228225742322005967009)
(1606938044258989561918115739437340530514797711393498647757579, 5, 1267650600228229260759214850089, 1267650600228228979284238139411)


(401734511064752118237511023561856282558389720673384770071189, 7, 633825300114114700748351602943, 633825300114121878360257724523)
(401734511064752118237511023681015438979844633805113222281513, 8, 633825300114114700748351603131, 633825300114121878360257724523)
(401734511064821250547626468465706730080041697007262060527297, 8, 633825300114114700748351602943, 633825300114230949913733103679)
(401734511064938641670351533701417990907466569910479512172169, 8, 633825300114114700748351602943, 633825300114416160448408715383)
(401734511065012323332487513803021695095629928330621941194057, 8, 633825300114416160448408715383, 633825300114230949913733103679)
(401734511064821250547626468584865886501517115591043884018949, 9, 633825300114114700748351603131, 633825300114230949913733103679)
(401734511064821428953588056669889358670928277163218252603957, 9, 633825300114114982223328313483, 633825300114230949913733103679)
(401734511064943191022372036018493452122877644414161126437309, 9, 633825300114416160448408715383, 633825300114121878360257724523)
(1606938044164754462571436307125990247975338053592684926337519, 9, 1267650600153905230208812711969, 1267650600228214624060425895951)
(1606938044140521580810325799428116351877289300794231364781781, 10, 1267650600209098251017121693749, 1267650600153905230208812711969)


(401734511064938641670351533820577147328976808074780350664173, 11, 633825300114114700748351603131, 633825300114416160448408715383)
(401734511064938820076313121957732750432717615543563948408989, 11, 633825300114416160448408715383, 633825300114114982223328313483)
(401734511318659482769947842407643161456470848218560532055843, 12, 633825300114230949913733103679, 633825300514600816049481842717)
(1606938038524114584082004000947872157240504496588727265525793, 12, 1267650595778534343228623159297, 1267650600153905230208812711969)
(401734511086289375123424761760849071752708271504442236348323, 13, 633825300148101396811279761481, 633825300114114982223328313483)
(401734511086362878379603060005199758026034085762992963588599, 14, 633825300148101396811279761481, 633825300114230949913733103679)
(401734511086480269502334419935060691284945823289921855562223, 14, 633825300114416160448408715383, 633825300148101396811279761481)
(401734511340127428953349181666431302685591718985088116983877, 14, 633825300148101396811279761481, 633825300514600816049481842717)
(401734575191496772775852653011812487714868099223698655936947, 14, 633825300514600816049481842717, 633825400887799373496294834191)
(1606937962549570197785782318811472269877404288642407381074059, 14, 1267650595778534343228623159297, 1267650540220557161503767134347)


(401734511086289196717463164022983191499294389067521057638583, 16, 633825300114114700748351602943, 633825300148101396811279761481)
(1606938038594080049792473924850933881199936427171412076134453, 16, 1267650600209098251017121693749, 1267650595778534343228623159297)
(401734511086289196717463164142142347927137451668041652797011, 17, 633825300114114700748351603131, 633825300148101396811279761481)
(401736637758865467535699757776409496523463520617982007978819, 19, 633828655445808648209169383449, 633825300114114700748351603131)
(1606933039534568815843416937022554375697373279682092318326789, 19, 1267650595778534343228623159297, 1267646656646473122639282962437)
(401736637758865467535699757657249709299651494754658163890407, 20, 633825300114114700748351602943, 633828655445808648209169383449)
(401736637759056541332058053999650680458907542553820231895967, 20, 633828655445808648209169383449, 633825300114416160448408715383)
(401736637780407209404310870773926917229558170005632549127969, 20, 633828655445808648209169383449, 633825300148101396811279761481)
(401862379931120700804774737608712010637273026020904747941569, 20, 633825300114114700748351602943, 634027041613468087633439621183)
(401862379931311834406567632045742087754789846408363184758089, 20, 634027041613468087633439621183, 633825300114416160448408715383)


(401734574937658500195116336195811880229905379355468681452021, 21, 633825300114114700748351603131, 633825400887799373496294834191)
(401862379931120700804774737727909094460605026495991396723973, 21, 633825300114114700748351603131, 634027041613468087633439621183)
(401862380185039727696420618765771309668679317413093267474211, 22, 634027041613468087633439621183, 633825300514600816049481842717)
(401864507302148246219884160241422222039149057662016230000167, 22, 633828655445808648209169383449, 634027041613468087633439621183)
(401862379931120879267521509612217402059202183019109791310389, 23, 634027041613468087633439621183, 633825300114114982223328313483)
(1606867702422635330275315261595270224781457181814846295925597, 23, 1267595170308575845813288173751, 1267650540220557161503767134347)
(1606933045150958340610039944002467751706464919166799784706313, 23, 1267650600209098251017121693749, 1267646656646473122639282962437)
(1606862779622882867059445079882209071564509227917516862391187, 24, 1267595170308575845813288173751, 1267646656646473122639282962437)
(1606867772847658877943804828293401521108482523259841087013047, 25, 1267650595778534343228623159297, 1267595170308575845813288173751)
(1606932969106684791388859888721537049307122628714748333523639, 25, 1267646656646473122639282962437, 1267650540220557161503767134347)


(803433889244035421575180038369637150415009460016145946949193, 27, 633825300114114700748351602943, 1267595170308575845813288173751)
(803433889244182778455770031594474880943401980640927049329929, 27, 1267595170308575845813288173751, 633825300114230949913733103679)
(1606867778393857882588642763141638202979828315708261589325719, 27, 1267595170308575845813288173751, 1267650600153905230208812711969)
(1606867778463820289199995957392498563750671973446648122582499, 27, 1267650600209098251017121693749, 1267595170308575845813288173751)
(401862379952669185163769181200842525611375573100959235052023, 28, 634027041613468087633439621183, 633825300148101396811279761481)
(787904581932160257377600364156962721906545322146090077655219, 28, 633828655445808648209169383449, 1243087662828972329763665346731)
(803433889244035421575180038607945042433021719029044123614381, 28, 633825300114114700748351603131, 1267595170308575845813288173751)
(787900410960726812251850091521091277894482994280734820214761, 29, 633825300114114700748351603131, 1243087662828972329763665346731)
(787900410960726812251850091287390797282636196285165735029333, 30, 633825300114114700748351602943, 1243087662828972329763665346731)
(803433889244035778371501079369008255945480131836479899984733, 30, 1267595170308575845813288173751, 633825300114114982223328313483)


(803433889244417550435015106004651808843361445022872010511633, 31, 633825300114416160448408715383, 1267595170308575845813288173751)
(803466522587987084157532056553515969515783269598613813068371, 33, 633825300114416160448408715383, 1267646656646473122639282962437)
(803689615794266585467657567602789908909942661665447324167433, 33, 634027041613468087633439621183, 1267595170308575845813288173751)
(803722259524767107280850006858120972892537748899839298502971, 33, 634027041613468087633439621183, 1267646656646473122639282962437)
(803724757041014407733770180579772456692521610026752344588351, 34, 634027041613468087633439621183, 1267650595778534343228623159297)
(803724759815117867167515599002277629203457165560838250039327, 34, 634027041613468087633439621183, 1267650600153905230208812711969)
(803724759850111734868318327859959893133712298298377899085067, 34, 634027041613468087633439621183, 1267650600209098251017121693749)
(1575800821897671927366807827529855691145369183095452080284519, 34, 1267650600209098251017121693749, 1243087662828972329763665346731)
(803433889751689687106536167613625756514212749178143149921467, 35, 1267595170308575845813288173751, 633825300514600816049481842717)
(803466522587752302642474811699488473796956683947665583505723, 35, 1267646656646473122639282962437, 633825300114230949913733103679)


(803466522587605296587454166126206238890524620899471249638071, 36, 1267646656646473122639282962437, 633825300114114982223328313483)
(803473272697386699145483171083142251804687454735316002275353, 36, 633828655445808648209169383449, 1267650595778534343228623159297)
(803438142446285452669061865159856056825341573922859855647199, 37, 633828655445808648209169383449, 1267595170308575845813288173751)
(803473275505605063685794928179850096382227323176080927360301, 38, 633828655445808648209169383449, 1267650600209098251017121693749)
(803433889287116793359293261673417419543015918457029365085231, 39, 633825300148101396811279761481, 1267595170308575845813288173751)
(803466522587604939776641009366288145768283551619878607652091, 39, 633825300114114700748351602943, 1267646656646473122639282962437)
(803466522630688061411271740637215085550610005018756442489197, 39, 633825300148101396811279761481, 1267646656646473122639282962437)
(803469019309166188859844034733225202054803758911954261901451, 39, 1267650595778534343228623159297, 633825300114114982223328313483)
(803470775962608712222544036619945142431282336056397516505213, 39, 633828655445808648209169383449, 1267646656646473122639282962437)
(803466522587604939776641009604605717217820498676063804590247, 40, 633825300114114700748351603131, 1267646656646473122639282962437)


(803466650333029393131504187593460905526352098146802196283467, 41, 1267646656646473122639282962437, 633825400887799373496294834191)
(803469022625045795013619880894208950243766500108136660076033, 42, 1267650600209098251017121693749, 633825300514600816049481842717)
(803473275470622145516871907436680406015467072400869352801081, 42, 633828655445808648209169383449, 1267650600153905230208812711969)
(803466523095279824871452700368675027952182400064965453021329, 43, 1267646656646473122639282962437, 633825300514600816049481842717)
(803469019309165832047922111106433614128909701605783936958907, 43, 633825300114114700748351603131, 1267650595778534343228623159297)
(803469019309165832047922110868115302122545245078802783011071, 44, 633825300114114700748351602943, 1267650595778534343228623159297)
(803469019309313195371676727645719802313856179667346233753663, 44, 1267650595778534343228623159297, 633825300114230949913733103679)
(803469019309547977616302727716257065687525555056170743365751, 44, 633825300114416160448408715383, 1267650595778534343228623159297)
(803469019352249087560636958578927938624100462738502827638857, 44, 1267650595778534343228623159297, 633825300148101396811279761481)
(803469022125469853260120235787298286899638781514411073866089, 44, 633825300148101396811279761481, 1267650600153905230208812711969)


(803469019816842294710430658238267146967155811492797790289949, 46, 1267650595778534343228623159297, 633825300514600816049481842717)
(803469022117369330576732005500446313766899809955163293103307, 46, 633825300114114700748351602943, 1267650600209098251017121693749)
(803469022160452586240027082132645910257376126955839448682269, 46, 1267650600209098251017121693749, 633825300148101396811279761481)
(803469022117369330576732005738764626606210281146382171528119, 47, 633825300114114700748351603131, 1267650600209098251017121693749)
(803469022117516693901001671634500627301160861599515103202571, 48, 1267650600209098251017121693749, 633825300114230949913733103679)
(803469022117751476146448258815313866078876195672170231240867, 48, 1267650600209098251017121693749, 633825300114416160448408715383)
(803469022082386597598700987816423870039539447186132901574939, 49, 633825300114114700748351603131, 1267650600153905230208812711969)
(803469022117369687388655176458428973025875424739936593517767, 49, 1267650600209098251017121693749, 633825300114114982223328313483)
(803469022082386597598700987578105557210605263906876111724767, 50, 633825300114114700748351602943, 1267650600153905230208812711969)
(1606938044164773195197401974490694549340410281954125549665809, 50, 1267650600228229401496703205361, 1267650600153905230208812711969)


(803469022129867917027719679772571505485822827531254731114233, 51, 633825300114416160448408715383, 1267650600228214624060425895951)
(803469022129877194137722272940652668892010300448105413219087, 51, 633825300114416160448408715383, 1267650600228229260759214850089)
(1606938044140651638754901723134846071961236966243393064663363, 51, 1267650600228229401496703205361, 1267650600134876677358242234483)
(803469022129418334004517307392182302871131265731310355830877, 52, 633825300114114700748351603131, 1267650600228108226519229268167)
(1606938044234738661153464010335376062424023038126337696988389, 52, 1267650600228229401496703205361, 1267650600209098251017121693749)
(803469022129485771457997663641620138819333434226197783383793, 53, 633825300114114700748351602943, 1267650600228214624060425895951)
(1606938006738172378026163608098448306203833257218959269165499, 53, 1267650600228229401496703205361, 1267650570629523030229649457259)
(803469022129485771457997663879938451662237783549557851822581, 54, 633825300114114700748351603131, 1267650600228214624060425895951)
(803469022129495405379923428740209656344866218019625042449987, 54, 633825300114114982223328313483, 1267650600228229260759214850089)
(1606937895206177782353428894252772822308597889519789826636549, 54, 1267650600228229401496703205361, 1267650482646292812382259380309)


(803469022129495048568000252635644788324012671544964988028659, 56, 633825300114114700748351603131, 1267650600228229260759214850089)
(1606937921494026115755482850587587241175706278325940610136837, 56, 1267650600228229401496703205361, 1267650503383748644982470213717)
(803469022129495048568000252397326475481105570522232596211927, 57, 633825300114114700748351602943, 1267650600228229260759214850089)
(1606935344774841249056291365047770621804396660395909918490279, 57, 1267650600228229401496703205361, 1267648470710719970690482569239)
(1606938016649735727017713651353106537378569275331280227007867, 57, 1267650600228229401496703205361, 1267650578448367865870526971947)
(1606938038618331664095844221070714041461359959962578407391217, 58, 1267650600228229401496703205361, 1267650595778534343228623159297)
(1606937665052081984213725273136940239048845387238638950021353, 59, 1267650600228229401496703205361, 1267650301086724460738303230073)
(1606937807271724389962221352167619521425910209902967412227031, 59, 1267650600228229401496703205361, 1267650413278240309145658982471)
(1606925361805028147654799935071569878812781015543248716822071, 60, 1267650600228229401496703205361, 1267640595536116413483863507111)
(1606937968190228542216057565576674184539747226653680417634267, 60, 1267650600228229401496703205361, 1267650540220557161503767134347)


(1606933848129862935668115174535789499037979832962444446137933, 61, 1267650600228229401496703205361, 1267647290066007583909503565853)
(1606937650662338283384288269172803365316640611029258084545833, 61, 1267650600228229401496703205361, 1267650289735218219003641069753)
(1606928648110098223398501725022392876579328708017461777137379, 62, 1267650600228229401496703205361, 1267643187973708825835675320339)
(1571143108660729001871523504717275450479451581286702437629697, 63, 1267650600228229401496703205361, 1239413374929857193381420072977)
(1606908488405253251996519535081161091322737688693052488546807, 63, 1267650600228229401496703205361, 1267627284770695833278044176487)
(1606933045175209879553282018067061796797168713854133660024757, 63, 1267650600228229401496703205361, 1267646656646473122639282962437)
(1606934177781699614569560102753785645760252649983711899549591, 63, 1267650600228229401496703205361, 1267647550115453874196839399431)
(1606935404715244124235874740545627877392219478632099880106427, 63, 1267650600228229401496703205361, 1267648517995360442116787404907)
(900320248583741481901535142482105251022052394800542199576449, 65, 1267650600228229401496703205361, 710227446286576677287115096209)
(1606934812994796903507958829413640543845585617196966209387839, 65, 1267650600228229401496703205361, 1267648051210232809791424561199)


(1606936092923462467404073868719313365588246324513408817299351, 66, 1267650600228229401496703205361, 1267649060895918544848194371591)
(809456134299568160673848558946998773676534695639965344198717, 67, 1267650600228229401496703205361, 638548298840258241981503766797)
(924684212010641676351174820203549482607914719631709361404857, 67, 1267650600228229401496703205361, 729447224530292789569298366537)
(1583150391123135297409150897995893735531739299337504060075673, 67, 1267650600228229401496703205361, 1248885450642395403332035281193)
(1531572248265610521935384933022433005129396397128927634521407, 68, 1267650600228229401496703205361, 1208197470178189744419152855087)
(1575800821921453624503700181922160571580061919444407163024891, 68, 1267650600228229401496703205361, 1243087662828972329763665346731)
(821820423369843890199046092776086963015436857637805576158587, 69, 1267650600228229401496703205361, 648302003108650216424340455467)
(870002018532402382368252389769394493365009426547394186574987, 69, 1267650600228229401496703205361, 686310579883578432006870007867)
(1606867778488070843150360076073786836418016600980315602679111, 69, 1267650600228229401496703205361, 1267595170308575845813288173751)
(803902678181650520074568970931455075487739848808476916579857, 70, 1267650600228229401496703205361, 634167394419972565939995541537)


(803588429468387335727414572342605100947569687955963287437027, 71, 1267650600228229401496703205361, 633919495895563232157250879507)
(803656415134068417281221707032401369987811883875239469252083, 71, 1267650600228229401496703205361, 633973127129334463227880276003)
(1601280364816314964698829100309053121187399736455156484538023, 72, 1267650600228229401496703205361, 1263187478101630246215766507543)
(852535916852410130544982793922741228429254413049368911279641, 73, 1267650600228229401496703205361, 672532255101617509174777741481)
(1584896658706119162350178992629318465989725319435688685338519, 73, 1267650600228229401496703205361, 1250263012868666163381059715079)
(803473588264852199606230355379833399831913132934678527867503, 74, 1267650600228229401496703205361, 633828902159785834215666352223)
(803469032036951403120808102009776440642773092484918223565161, 75, 1267650600228229401496703205361, 633825307929719618669801111801)
(803469177504221359929772003926488223411332913252208406951689, 75, 1267650600228229401496703205361, 633825422683161876827415249049)
(805224713065978760158341380981895472634211109117752296602103, 75, 1267650600228229401496703205361, 635210296055557497046140190823)
(1566655070875686008552102217062439544291590137630314391928127, 75, 1267650600228229401496703205361, 1235872937380082072873924034607)


(803469050370449158274964154118236791020889416082732741557477, 76, 1267650600228229401496703205361, 633825322392299253668096507957)
(803919846003985458135440938368787177182431508718687178718437, 76, 1267650600228229401496703205361, 634180937443840378683223179317)
(803469050232566862019757899638783223685254489944893383769377, 77, 1267650600228229401496703205361, 633825322283529300630262775857)
(803469197649604887201258066002326908109828557993629116792667, 78, 1267650600228229401496703205361, 633825438575067362175259508747)
(803469258473117450648615706119560125164345406796169293593559, 78, 1267650600228229401496703205361, 633825486556358541697926299719)
(803469322360266783346637762910041192221023705327695657172497, 78, 1267650600228229401496703205361, 633825536954432996280048287777)
(803724759862241401609549474884559824427475306034253694762063, 78, 1267650600228229401496703205361, 634027041613468087633439621183)
(803485339429281816094549027202450609042005698456476079619391, 79, 1267650600228229401496703205361, 633838172193995182433510621231)
(803537936865947824924687908019682296480249529596756942126729, 79, 1267650600228229401496703205361, 633879664255495834996429553689)
(803473275517730935071399514981739374490253449199502401470089, 80, 1267650600228229401496703205361, 633828655445808648209169383449)


(803469022262718540745271871226815689742355485851803810003417, 81, 1267650600228229401496703205361, 633825300219209435015274299497)
(803469022637171602215530682014896415636841086977702753205837, 82, 1267650600228229401496703205361, 633825300514600816049481842717)
(803469149875317000390232671820547074259903523190775717297951, 82, 1267650600228229401496703205361, 633825400887799373496294834191)
(803472101792957717340849649167694190240776488902482594889713, 82, 1267650600228229401496703205361, 633827729540221567343454584833)
(803469024053441619293042672658163783337382666015297947827669, 83, 1267650600228229401496703205361, 633825301631840863758625800229)
(803469091544069531718908235175244183326655048553755958050741, 83, 1267650600228229401496703205361, 633825354872558692689380376581)
(803469022133673048579454567287551969975051073636944826072323, 84, 1267650600228229401496703205361, 633825300117410491250656673843)
(803469022172578393434926327713208100420835544809120240499641, 84, 1267650600228229401496703205361, 633825300148101396811279761481)
(803469023874381086231730416721063102363792065527413953526713, 84, 1267650600228229401496703205361, 633825301490587009558522101833)
(803469022516187740236001404256834809888977456325416078802869, 85, 1267650600228229401496703205361, 633825300419161377171176423429)


(803469022142861134007210772244032107384911528716543331401233, 86, 1267650600228229401496703205361, 633825300124658612638444421153)
(803469022152077764388821096395598109313704177125904032464701, 86, 1267650600228229401496703205361, 633825300131929252024369020941)
(803469022129646247620446289705313437593935023857337318243857, 87, 1267650600228229401496703205361, 633825300114233905400988565537)
(803469022129762925119325001976295976481065315509843970227129, 87, 1267650600228229401496703205361, 633825300114325947718372950089)
(803469022132125555268638130410744282235060251236608658896709, 87, 1267650600228229401496703205361, 633825300116189734276662558869)
(803469022129805920956067768949259724933570085103985122868963, 88, 1267650600228229401496703205361, 633825300114359865453066584083)
(803469022129877283340703067070077699254864655585544448768263, 88, 1267650600228229401496703205361, 633825300114416160448408715383)
(803469022176652650379717078413321098001762511502559215090917, 88, 1267650600228229401496703205361, 633825300151315418832850386997)
(803469022129642501095252936598655177600112145309814241623119, 90, 1267650600228229401496703205361, 633825300114230949913733103679)
(803469022142880223445100714513217888369794783496178581371773, 90, 1267650600228229401496703205361, 633825300124673671549698441293)


(803469022129495672988865810998709017235114895128893270784833, 91, 1267650600228229401496703205361, 633825300114115122960816668753)
(803469022129504236475022046790954282556865455207634234767803, 91, 1267650600228229401496703205361, 633825300114121878360257724523)
(803469022130269598050235617660547933186976585579447122394911, 91, 1267650600228229401496703205361, 633825300114725642185302081551)
(803469022145697253578579102790427162295115508802595971923263, 91, 1267650600228229401496703205361, 633825300126895916490829070383)
(803469022130414642097006860818248674295881421411051087331283, 92, 1267650600228229401496703205361, 633825300114840061763334963203)
(803469022129495137770981046722643137660495401243210663585291, 93, 1267650600228229401496703205361, 633825300114114700748351603131)
(803469022129495137770981046484324824817588273761830460977423, 94, 633825300114114700748351602943, 1267650600228229401496703205361)
(803469022129497278642520105221322316210025718432314618280559, 94, 1267650600228229401496703205361, 633825300114116389598211866719)
(803469022129495494582904222827247619762606021339872334182363, 95, 1267650600228229401496703205361, 633825300114114982223328313483)
(803469022129495851394827399175241017108536686523901020208747, 95, 1267650600228229401496703205361, 633825300114115263698305024027)