(709803441694928604052074031140629428079727891296209043243642772999617338138076881739071463194486019169931278184008257103047147172109, 3, 842498333348457493583344221469363458551160763204392890034487820473, 842498333348457493583344221469363458551160763204392890034487820533)
(709803441694928761660098816718546277195888291870664263562599854859719013264553629567483207437505252777450330179897530959534680485667, 3, 842498333348457493583344221469363458551160763204392890034487820533, 842498333348457680655553799824936988622819350888619405993853321399)
(709803441694928761660098816718546277195888291870664263562599854809169113263646168728149979448009033460081169126580366599903481201727, 4, 842498333348457493583344221469363458551160763204392890034487820473, 842498333348457680655553799824936988622819350888619405993853321399)
(709803441694956658280485864143688315112999523320835396317601771615204563154172130610331617978267848684004130742814800890781283385439, 4, 842498333348486115631409709872113559514924678891049831817409462277, 842498333348462170388583680358701710342625455310055789018625343507)
(2839213766778592247071822920672415546537126354894048400828304584489865811518666326232886165645950507009607670919771901271180088182777, 4, 1684996666696583869355734753573578690266621325327852531992038998029, 1684996666696580127911543186462108088833449571643322212804728979613)
(709803441694932701860718456167342405389811511001793772427373949760122452529500759141434327617443516052836434395259341652629248806293, 5, 842498333348457680655553799824936988622819350888619405993853321399, 842498333348462170388583680358701710342625455310055789018625343507)
(709803441694976201675559275682051660650723850209463550294479959673853243654249335027220748696064409204790372491292456026485712514033, 5, 842498333348513802318427306496996010120395656156574193803503599767, 842498333348457680655553799824936988622819350888619405993853321399)
(2839213766778607692658251904238766582789357997003265266638313487693265734711922067222267217986783652885814997536088032468163394278147, 5, 1684996666696593035894004092996681663777892121854951814000948543519, 1684996666696580127911543186462108088833449571643322212804728979613)
(2839213766778613996979243326150877828283273692991049652878380323594795617453047512365383618367325592509747329502044763357175661724051, 5, 1684996666696583869355734753573578690266621325327852531992038998029, 1684996666696593035894004092996681663777892121854951814000948543519)
(2839213766779703068430511562953729436361241210501708911256847065712227158321476583923395935302097417985613204646516438322186217924723, 5, 1684996666696914800094478864583153387030662938724559264109610139771, 1684996666696908439639353200493653364594270957460857721491183108713)


(2839213766779497232350141602346426286525845256537999602480821144189392997151062280588410695629791430118522219681475405920021602443281, 6, 1684996666696850447254383910265859042380108775350637774087877820759, 1684996666696850634326593488621432572451767363034864290047243321559)
(2839213730517947951337834867298486983685326575327416615039607455216703760897290114410111064602349412917663915946556340615015240312987, 8, 1684996649659263177393578006038171021952820509410853774002638291043, 1684996662214187998607073672801281824683667451993010202244078895209)
(2839213766779605351455144504656131747936716593484359924549959712914953280256102599928836012833771747802586401024829571346164875306189, 8, 1684996666696850447254383910265859042380108775350637774087877820759, 1684996666696914800094478864583153387030662938724559264109610139771)
(709803441747391114438374995588444177043785908482030953530610860158347483135300456385745502158017945664669755941597592183954181460497, 9, 842498333348457493583344221469363458551160763204392890034487820473, 842498333410727658769062706163597821330267448632080736150685220889)
(709803441798726412235203766474822403353593378361488401762779222192708178062492610466074420162053796238604827626942910562245413962203, 9, 842498333409389718326158307101710748828048331044038594768622583827, 842498333410727658769062706163597821330267448632080736150685220889)
(2839213766778917234818930718473786741903472812546342471315668167402320692706565887493900831064965371310014983936764576918291169149279, 9, 1684996666696583869355734753573578690266621325327852531992038998029, 1684996666696772999359618471058417592713453474080860166910560436251)
(2839213766779366732905619148815267205876192400432025613219287991987761448448489844549526131953951682839249808057651395072709313435309, 9, 1684996666696850634326593488621432572451767363034864290047243321559, 1684996666696772999359618471058417592713453474080860166910560436251)
(2839213766779474852010622046155469028556867588822480955205923054747229483142349774356301648338294503808758797606516397937414845238521, 9, 1684996666696914800094478864583153387030662938724559264109610139771, 1684996666696772999359618471058417592713453474080860166910560436251)
(2839213764785513948102636031236319707026814795381564508372656325307328200502346924167120712076852189774838801203386440796901858104101, 10, 1684996666696850634326593488621432572451767363034864290047243321559, 1684996665513475237286538308963258236850869288835457046461169008739)
(2839213766779605666671194075811930450157440866442480405152239994481001399794350471093415855952845990527618400217799397245328287622989, 10, 1684996666696914800094478864583153387030662938724559264109610139771, 1684996666696850634326593488621432572451767363034864290047243321559)


(709803441747391114438374995588444177043785908482030953530610860208897383139944115911889264527833814944485802859522436352995294713837, 12, 842498333348457493583344221469363458551160763204392890034487820533, 842498333410727658769062706163597821330267448632080736150685220889)
(2839213766779047734263453151344560432380356841128349983616122603838215955011590912238233203224092240276670996181859663729730416284011, 12, 1684996666696850447254383910265859042380108775350637774087877820759, 1684996666696583869355734753573578690266621325327852531992038998029)
(2839213766779156168584505607642981083404627628162675066300558173396942032725644769138436642873357452518948757904113334289241483511359, 12, 1684996666696914800094478864583153387030662938724559264109610139771, 1684996666696583869355734753573578690266621325327852531992038998029)
(2839213766779594634109459085768289224065085032387636160846313324995330790458576694468460341892141281251995231048129656288329425173167, 13, 1684996666696850447254383910265859042380108775350637774087877820759, 1684996666696908439639353200493653364594270957460857721491183108713)
(709803441746263901845108542327139298264600999978295232349561384655015828357253530833869130801581317171432506941931242674518969290171, 14, 842498333348457493583344221469363458551160763204392890034487820473, 842498333409389718326158307101710748828048331044038594768622583827)
(2839213191287456348200019759000259690093643820529899549064806229909747143574387022283788422980754490638821850621217469150985690560099, 14, 1684996350582799588338463538449875308825067956415336983050231742527, 1684996641271917888317711959576540693434057162728892297682266095837)
(2839213766779048049479502722438451190086822744579031161182065730279307966977879637158834227689451646190278741113424717621952214207211, 14, 1684996666696583869355734753573578690266621325327852531992038998029, 1684996666696850634326593488621432572451767363034864290047243321559)
(709803441746263901845108542327139298264600999978295232349561384705565728361816913933438629227683962101115406804573558360636324319791, 15, 842498333348457493583344221469363458551160763204392890034487820533, 842498333409389718326158307101710748828048331044038594768622583827)
(2839213723938121121469714509284633020720498211222686483906560608086240232168230696903043929980554262524055215722419870163295168105273, 15, 1684996641271917888317711959576540693434057162728892297682266095837, 1684996666696583869355734753573578690266621325327852531992038998029)
(2839213723938570619549620478893328829663480938915444800732700997753584422973220016292622511666025063690535869612710608307430902249883, 15, 1684996641271917888317711959576540693434057162728892297682266095837, 1684996666696850634326593488621432572451767363034864290047243321559)


(2839213234127925741035742245493968534092208180798880266224558141763035518689629245122474847612982552210635708432556939869735788479283, 17, 1684996350582799588338463538449875308825067956415336983050231742527, 1684996666696583869355734753573578690266621325327852531992038998029)
(2839213234128375239038102540930418993915571006710011106405052415125926603740584579413093650840023065274062872389253691691671956239593, 17, 1684996350582799588338463538449875308825067956415336983050231742527, 1684996666696850634326593488621432572451767363034864290047243321559)
(2839213234128483358122821742427405324714598671007008215929533155256127826601972506335087869806026426997852173561001979340325354741317, 17, 1684996350582799588338463538449875308825067956415336983050231742527, 1684996666696914800094478864583153387030662938724559264109610139771)
(2839213723938678738652991970881956222698153502448836177080082591945796415117118881745965565863872721237401193886768710080708051233327, 17, 1684996641271917888317711959576540693434057162728892297682266095837, 1684996666696914800094478864583153387030662938724559264109610139771)
(2839211243723297815459821550096702800895158036808394858339730868450190179953878624378803319362343941998011893962330924523164906029849, 19, 1684995169331425466785591677736458631466342332344411963776324075581, 1684996666696583869355734753573578690266621325327852531992038998029)
(2839211243723855432155988657149597845367576664474494148984614475278945078726945812647007674353531502561420679266777203289025778031951, 19, 1684996666696914800094478864583153387030662938724559264109610139771, 1684995169331425466785591677736458631466342332344411963776324075581)
(2839213695230292979240932425421977289354083383945775749558789759804481423004345354201102550400888062551721229366163951138589336687991, 19, 1684996641271917888317711959576540693434057162728892297682266095837, 1684996649659263177393578006038171021952820509410853774002638291043)
(2839213723938570304333575664047880936389327374590274563483874812563003842376314382641083891604128717344139505441294197940906602080283, 19, 1684996666696850447254383910265859042380108775350637774087877820759, 1684996641271917888317711959576540693434057162728892297682266095837)
(2839211200882858455545725746266531703771034558842186406087228452781323785367890936838943660958509361622310688557863593738916977456297, 20, 1684996641271917888317711959576540693434057162728892297682266095837, 1684995169331425466785591677736458631466342332344411963776324075581)
(2839213738071219158861941489367796299641888873169616446096053196019266096484168920378846968620204482018738443464444200015386829161637, 20, 1684996666696850447254383910265859042380108775350637774087877820759, 1684996649659263177393578006038171021952820509410853774002638291043)


(2839211243723746997931295901453613732705896614775716220221561925799258788184249481421751066162493652914696473847320604575803486785979, 21, 1684996666696850447254383910265859042380108775350637774087877820759, 1684995169331425466785591677736458631466342332344411963776324075581)
(2839213205420102551370690302103003406059597904116789068885852936881188797943855226300089368488759638160771727185022316123383266285661, 21, 1684996350582799588338463538449875308825067956415336983050231742527, 1684996649659263177393578006038171021952820509410853774002638291043)
(2839213234128374923822112105940631861755807077659582543403523316973427650063827225586162952086670102208523770363880501061199943717993, 21, 1684996350582799588338463538449875308825067956415336983050231742527, 1684996666696850447254383910265859042380108775350637774087877820759)
(709803549603928090605761437067491347565765301753358111133319586299807120969435624523449632815581019240579284120619375970650586876003, 22, 842498333409389718326158307101710748828048331044038594768622583827, 842498461369677134797853124304544262150655207470938164340694450289)
(2839210711073098342869422634354520650311094394397692601528845713516682396760156821677111207660410870629934076869707273706096079933187, 22, 1684996350582799588338463538449875308825067956415336983050231742527, 1684995169331425466785591677736458631466342332344411963776324075581)
(2839211243723844714819827163854064531906829217701940516490591840370306245443382964886720921213586259961151746008295417332621551637253, 22, 1684995169331425466785591677736458631466342332344411963776324075581, 1684996666696908439639353200493653364594270957460857721491183108713)
(711925548325582235808383474030002816913417252432251955393395747990465978550172611832762116174689785795767948911801396713811043468987, 23, 842498333348457493583344221469363458551160763204392890034487820473, 845017159257844697074881088706468443672498228247561896098470560019)
(2839211243723747313147065357138776477219448010269026621177268473693609596125511934271794420881102118867729421349489440743666602750779, 23, 1684995169331425466785591677736458631466342332344411963776324075581, 1684996666696850634326593488621432572451767363034864290047243321559)
(711925548325582235808383474030002816913417252432251955393395748041167008105643293657254981497077892416117842606655110479719277070127, 24, 842498333348457493583344221469363458551160763204392890034487820533, 845017159257844697074881088706468443672498228247561896098470560019)
(711925548377071011267816789367141114807794881728178346194730495710236102193188826181512915815354050096239630094947125550695462212713, 25, 842498333409389718326158307101710748828048331044038594768622583827, 845017159257844697074881088706468443672498228247561896098470560019)


(711925548378201593900136047219224111005515554109629816182330532915604095440294040106159739899554510549027765252439397615526547036891, 26, 842498333410727658769062706163597821330267448632080736150685220889, 845017159257844697074881088706468443672498228247561896098470560019)
(725287422010951756167470515665314499595532816065650733025371297420665804268689646674149999089337959156314808353078746831098224841693, 27, 860876850542644811602885470535102246681767537177225594743126229037, 842498461369677134797853124304544262150655207470938164340694450289)
(1450574623600889141006375402042440973327684366323938946074563660029230258957914993349497264583381452194121381188754896543562508299381, 27, 860876850542644811602885470535102246681767537177225594743126229037, 1684996666696908439639353200493653364594270957460857721491183108713)
(711925548330061410708658386115960828275611778708598068662222237526806346693277235516100314520681676238879566171196129497207099368857, 28, 842498333353758184641746926645338038997242795762722598655956615203, 845017159257844697074881088706468443672498228247561896098470560019)
(725287311805010631034600583081263472333740969344995992779284497146837156938052373857290021461016781123298784734083349575679854249511, 28, 860876850542644811602885470535102246681767537177225594743126229037, 842498333353758184641746926645338038997242795762722598655956615203)
(727455710716385857793706449351147361428293477881054668382802156239499348563919897040469380620252473715656415430785956376081049071703, 28, 860876850542644811602885470535102246681767537177225594743126229037, 845017159257844697074881088706468443672498228247561896098470560019)
(1450574623600894616574952001565941245314732300676473040128746821254270148057348863081186581199873779002503276513936817574241728730527, 28, 860876850542644811602885470535102246681767537177225594743126229037, 1684996666696914800094478864583153387030662938724559264109610139771)
(711925562108462307950599876049732880450010274760897072131509322082265880998579515419028567767027235301901365434568073684849132581501, 30, 842498349659226950912874014173105289170454992494482148332018860079, 845017159257844697074881088706468443672498228247561896098470560019)
(725287325842011229163552742911771172813285127996223428079904809365976118528324294744381456812121586854100264039791316861670609913923, 30, 860876850542644811602885470535102246681767537177225594743126229037, 842498349659226950912874014173105289170454992494482148332018860079)
(1450574623600609725962834220475588858694503010393155028897864087059462187726827951811999373599445235756606529074330696535934645568073, 30, 860876850542644811602885470535102246681767537177225594743126229037, 1684996666696583869355734753573578690266621325327852531992038998029)


(725287311800447388810543303717139744304234502314009080271052574875369733501095483518601333550151911623349562314395936867805535674501, 31, 842498333348457493583344221469363458551160763204392890034487820473, 860876850542644811602885470535102246681767537177225594743126229037)
(1450573334553608048069783263212182539370701090241092527850783100321668859813390466756427804343801048932047989588671172542143504845497, 31, 860876850542644811602885470535102246681767537177225594743126229037, 1684995169331425466785591677736458631466342332344411963776324075581)
(1450574601713103350108098346004550702612845230704480201209966462487424707183258456148614216546749878224383073114510111166146254218969, 31, 860876850542644811602885470535102246681767537177225594743126229037, 1684996641271917888317711959576540693434057162728892297682266095837)
(725287311800447388810543303717139744304234502314009080271052574927022344533654172214774461782258046424255614545029472552393109416721, 32, 842498333348457493583344221469363458551160763204392890034487820533, 860876850542644811602885470535102246681767537177225594743126229037)
(1450574608933574746981418723343314972280908669820734159600264774656837460255296311406190405821653520793635735381440973453886683615591, 32, 860876850542644811602885470535102246681767537177225594743126229037, 1684996649659263177393578006038171021952820509410853774002638291043)
(1450574623600839216704647582857585552269306141344951617933481891805201575058491313038260495396228749325544482057291463040625067179083, 32, 860876850542644811602885470535102246681767537177225594743126229037, 1684996666696850447254383910265859042380108775350637774087877820759)
(1450574623600839377750782188725923795563042845296496738346840219978842075049841612643194529845995451064077503730686921173322073908683, 32, 860876850542644811602885470535102246681767537177225594743126229037, 1684996666696850634326593488621432572451767363034864290047243321559)
(1450574351465570701003666064956427126185301913519169891822137643952114080415042808662491568251961423101289442771725736811047015156499, 33, 860876850542644811602885470535102246681767537177225594743126229037, 1684996350582799588338463538449875308825067956415336983050231742527)
(725287311854054332498394879863170200559668741283605713617713429289250084268915397902158686565825068574686203650663904268849950753893, 34, 860876850542644811602885470535102246681767537177225594743126229037, 842498333410727658769062706163597821330267448632080736150685220889)
(1419605621870859512513405895503746086419355332934113354915201209355258022616031069058185303029151254773460458102224465845710705657943, 35, 1684995169331425466785591677736458631466342332344411963776324075581, 842498333353758184641746926645338038997242795762722598655956615203)


(1419606869044595600873259336731968554167916513932356742027492828304356389997684844059015058248593328785283770648746020298486672526729, 36, 1684996649659263177393578006038171021952820509410853774002638291043, 842498333353758184641746926645338038997242795762722598655956615203)
(725287311852902530543693709508054163754762079832904517278949543312350794660868103813205674828601282802242076189049924488033933984599, 37, 860876850542644811602885470535102246681767537177225594743126229037, 842498333409389718326158307101710748828048331044038594768622583827)
(1419605621966852801217284609484658287252927701737137198141710253052112114680520290968243521745294864133249414342207767533371716011509, 37, 1684995169331425466785591677736458631466342332344411963776324075581, 842498333410727658769062706163597821330267448632080736150685220889)
(1419606617169166837757529834181916852576952529033199019451917647218933679898561374497078572842304105087276243801323678977320370046503, 37, 1684996350582799588338463538449875308825067956415336983050231742527, 842498333410727658769062706163597821330267448632080736150685220889)
(1419605621861927873685879056417380294940564029983902274970160511902584537583746407770823954111655977657166000699050262936505211169813, 38, 842498333348457493583344221469363458551160763204392890034487820473, 1684995169331425466785591677736458631466342332344411963776324075581)
(1419605621964598378034137549200709526333347133581149562928478170106086012286036832986842090283654688600924626150626312375175456228487, 38, 842498333409389718326158307101710748828048331044038594768622583827, 1684995169331425466785591677736458631466342332344411963776324075581)
(1419606617166912412993938787224347645945331960368116432515806117996287886499090064782213252462162292737257042435039112710235338310829, 38, 1684996350582799588338463538449875308825067956415336983050231742527, 842498333409389718326158307101710748828048331044038594768622583827)
(1419605621861927873685879056417380294940564029983902274970160512003684247743631935777959454775843495545146540639714980763084655704673, 39, 842498333348457493583344221469363458551160763204392890034487820533, 1684995169331425466785591677736458631466342332344411963776324075581)
(1419606644547828847467054261845892133162381593207395685090464901840230474565687376180783420858254675804834268911522795546596366879633, 39, 1684996350582799588338463538449875308825067956415336983050231742527, 842498349659226950912874014173105289170454992494482148332018860079)
(1419606617064241836669406088708596228437181300028718389465531127020250205873639852894471197739041315436395879621063269307317135355271, 40, 842498333348457493583344221469363458551160763204392890034487820473, 1684996350582799588338463538449875308825067956415336983050231742527)


(1419606617064241836669406088708596228437181300028718389465531127121349986908607828194779010046033833965899957005983488290331039906891, 41, 842498333348457493583344221469363458551160763204392890034487820533, 1684996350582799588338463538449875308825067956415336983050231742527)
(1419606861969339526934518392863702057986153533387003207164454388985225166571811935057385802958078355416827926804493403899977034421121, 41, 842498333348457493583344221469363458551160763204392890034487820533, 1684996641271917888317711959576540693434057162728892297682266095837)
(1419606862074264546123901552567592545660649759828365512190312014212102208894488209767169905741846857011003015879040505421273988339093, 41, 1684996641271917888317711959576540693434057162728892297682266095837, 842498333410727658769062706163597821330267448632080736150685220889)
(1419606861969339526934518392863702057986153533387003207164454388884125368095496861758323085383485913810784497040759866039041068670901, 42, 842498333348457493583344221469363458551160763204392890034487820473, 1684996641271917888317711959576540693434057162728892297682266095837)
(1419606869035663954198971964788372135429989518873414804457268303816739624234077679569584628593303268355805216260048614720004805385919, 42, 842498333348457493583344221469363458551160763204392890034487820533, 1684996649659263177393578006038171021952820509410853774002638291043)
(1419606869035663954198971964788372135429989518873414804457268303715639825254521888925969948231013007038635985695397388279846507923339, 43, 842498333348457493583344221469363458551160763204392890034487820473, 1684996649659263177393578006038171021952820509410853774002638291043)
(1419606883492248837486326435996582282097289204426429013098749660312151564372301735785944173337524346451968327294311125285198140276983, 43, 842498333409389718326158307101710748828048331044038594768622583827, 1684996666696583869355734753573578690266621325327852531992038998029)
(1419606862072010120971385777924259848914357706210828708585433988629394567752902458853733285200081495055368155791672943236794548228199, 44, 1684996641271917888317711959576540693434057162728892297682266095837, 842498333409389718326158307101710748828048331044038594768622583827)
(1419606883492473428921662127712524230156880014387152215658372078609034300795112662000854206205505141896850768730782931596868558264693, 45, 1684996666696850447254383910265859042380108775350637774087877820759, 842498333409389718326158307101710748828048331044038594768622583827)
(1419606883492527646082192287677635830249861936230302237890308998984026597635091161017200122702356278506314882086376574146424634083617, 45, 1684996666696914800094478864583153387030662938724559264109610139771, 842498333409389718326158307101710748828048331044038594768622583827)


(1419606883494503262672858899503281398741430683698210964723991509552639634657324576064120125563490389436251805134111204951502100627781, 46, 1684996666696583869355734753573578690266621325327852531992038998029, 842498333410727658769062706163597821330267448632080736150685220889)
(1419606883492473586529686924689166996436220078113440442467185848619102484846007418279082979943169966922882776386754369761248393826293, 47, 842498333409389718326158307101710748828048331044038594768622583827, 1684996666696850634326593488621432572451767363034864290047243321559)
(1419606883389802990943621823477862760200277984979822296766049385414032337755402843413743728091682281794680146400803101275309601770947, 48, 842498333348457493583344221469363458551160763204392890034487820533, 1684996666696850634326593488621432572451767363034864290047243321559)
(1419606883492522287409349190471781776752299769536502526390640815391349769611243914255103066823352158642616160615446777940164296584651, 48, 842498333409389718326158307101710748828048331044038594768622583827, 1684996666696908439639353200493653364594270957460857721491183108713)
(1419606883494727854108194947884575133977730748615633333554812441983307521340800495322719901664879387165302026070883948542313864634751, 48, 1684996666696850447254383910265859042380108775350637774087877820759, 842498333410727658769062706163597821330267448632080736150685220889)
(1419606883494782071268725193949954112869862132707979505398884301910596022874882454184048439344106245799928320869044445275067298876419, 48, 1684996666696914800094478864583153387030662938724559264109610139771, 842498333410727658769062706163597821330267448632080736150685220889)
(1419606883389578241900277589368435920555546765806678121933250650234953897351576222533719099964404433641269749916811543839238952847717, 49, 842498333348457493583344221469363458551160763204392890034487820473, 1684996666696583869355734753573578690266621325327852531992038998029)
(1419606883494776712595882088234189911467732868001177848879412083594727128108645203985506813505210125068685979624381221970364105505857, 49, 842498333410727658769062706163597821330267448632080736150685220889, 1684996666696908439639353200493653364594270957460857721491183108713)
(1419606883389578241900277589368435920555546765806678121933250650336053697353371254695063185178819155057267029436482695758761292729457, 50, 842498333348457493583344221469363458551160763204392890034487820533, 1684996666696583869355734753573578690266621325327852531992038998029)
(1419606883494728011716219745111509375195440432871715735217149860073469589707496081871763951825459849695862923848004411578647970845951, 50, 842498333410727658769062706163597821330267448632080736150685220889, 1684996666696850634326593488621432572451767363034864290047243321559)


(1419606883389585964693492082686361527247406393954983917562147661578765585219152967542906582777207763017635225766766689970651012275627, 51, 842498333348457493583344221469363458551160763204392890034487820533, 1684996666696593035894004092996681663777892121854951814000948543519)
(1419606883389737583613335808642370376993711746580905864398860412614173856918822766155025449782888333869191911164682488777874675341783, 51, 842498333348457493583344221469363458551160763204392890034487820533, 1684996666696772999359618471058417592713453474080860166910560436251)
(1419606883389802990943621823477862760200277984979822296766049385312932537753591805354148118774396327447574104618711243872475002477407, 51, 842498333348457493583344221469363458551160763204392890034487820473, 1684996666696850634326593488621432572451767363034864290047243321559)
(1419606883389802833335597037899945911084117584405367076447092303660085452630831739776833355753802843964607350568667331563167533844547, 52, 842498333348457493583344221469363458551160763204392890034487820533, 1684996666696850447254383910265859042380108775350637774087877820759)
(1419606883390743910851591491361724293809378120459943887462537848889892333429685563274716493734801834085147536631634667555763748081807, 52, 842498333349151157336460763936012964261203896316314067361765261339, 1684996666696580127911543186462108088833449571643322212804728979613)
(1419606883398506736504378803372478779191187308698387852831706388560402430988746260708026044199066805463841781460610481232707472856439, 52, 842498333353758184641746926645338038997242795762722598655956615203, 1684996666696580127911543186462108088833449571643322212804728979613)
(1419606883389851691823280567054169137093841762486485375323787680943698451850330059469622613053756992364594934151418007475663986081249, 54, 842498333348457493583344221469363458551160763204392890034487820473, 1684996666696908439639353200493653364594270957460857721491183108713)
(1419606883389802833335597037899945911084117584405367076447092303558985652629020712941570321137851301421800824047629065117894864599007, 55, 842498333348457493583344221469363458551160763204392890034487820473, 1684996666696850447254383910265859042380108775350637774087877820759)
(1419606883389851691823280567054169137093841762486485375323787681044798251852144565847983805083376194240251191599069470765134972604029, 55, 842498333348457493583344221469363458551160763204392890034487820533, 1684996666696908439639353200493653364594270957460857721491183108713)
(1419606883389857050496123276703342007043295382017962866168328463828251116144096211741809739125092100331264698010759854884442685331683, 55, 842498333348457493583344221469363458551160763204392890034487820473, 1684996666696914800094478864583153387030662938724559264109610139771)


(1419606883389852007039330138208777974920284076957747214714515976699304027221983393015272956936253871324198129399984011453501146249487, 56, 1684996666696908439639353200493653364594270957460857721491183108713, 842498333348457680655553799824936988622819350888619405993853321399)
(1419606883389852637471429280517995650573168705900270893495972567944285704627178526643555839023250397637509708618300499413568535409309, 56, 1684996666696908439639353200493653364594270957460857721491183108713, 842498333348458054799972956536084048766136526257072437912584323093)
(1419606883389856735280073705547018364648623186197992985031539952669459155934085438185431359424991325078118889174865626454659331788427, 56, 1684996666696913677661221394449712206600711412619200168353417134131, 842498333348457867727763378180510518694477938572845921953218822217)
(1419606883389856892888098491125425157927134981443507645849371381927709521016893515445730046952877832517589444642113313263861666690981, 56, 842498333348457493583344221469363458551160763204392890034487820473, 1684996666696914613022269286227579856959004351040332748150244638797)
(1419606883389857050496123276703342007043295382017962866168328463929350916145911099747478471000081303553104474334233410731019293717943, 56, 842498333348457493583344221469363458551160763204392890034487820533, 1684996666696914800094478864583153387030662938724559264109610139771)
(1419606883389857996144271990169373269253203601451515866585447913256104183708916972790866469077685295376443110645673814016589106779677, 56, 1684996666696913677661221394449712206600711412619200168353417134131, 842498333348458616016601691602804638981112289309751985790680825967)
(1419606883389867452625759124837035053787556715852937478239757617226267742012440494528018335888213459930693361458839177800941050010647, 56, 1684996666696913677661221394449712206600711412619200168353417134131, 842498333348464228182889042270010541130869919836547464571645853837)
(1419606883389868398273907838312095286989369208510300167850418607896308206325738721297885629369276896840362321296562068650586206651327, 56, 1684996666696914800094478864583153387030662938724559264109610139771, 842498333348464228182889042270010541130869919836547464571645853837)
(1419606883389855159199825849768339817649370575124500222340843481493551041292799906679202725964017069899917986587764691408478550362759, 57, 842498333348457493583344221469363458551160763204392890034487820533, 1684996666696912555227963924316271026170759886513841072597224128523)
(1419606883389857208104148062281188864136262726210838166416017781764221569848058351792054193232081607437344806241500063527791505717003, 58, 842498333348457680655553799824936988622819350888619405993853321399, 1684996666696914613022269286227579856959004351040332748150244638797)


(2839213766779712209695949126471681824692665957142463088509171944440548900754410311398101651224091921636781945544371034202006718771369, 162, 1684996666696914987166688442938726917102321526408785780068975640499, 1684996666696913677661221394449712206600711412619200168353417134131)
(2839213766779714100992246553406684014086590764035925732336656926903308722274671507841387425781514636659823062411641718711889638185729, 162, 1684996666696914987166688442938726917102321526408785780068975640499, 1684996666696914800094478864583153387030662938724559264109610139771)
(2839213766779708111887304701445843747672495542206627360216287816168895167467649656075654278883215591523007405897757995193538644531353, 164, 1684996666696914987166688442938726917102321526408785780068975640499, 1684996666696911245722496875827256315669149772724255460881665622147)
(2839213766779347819942644870327926668129819829001993711080398680400902901611071755503349813683717989013897429236639223418224386221893, 165, 1684996666696914987166688442938726917102321526408785780068975640499, 1684996666696697422186948815406711443763384049653347719326898061607)
(2839213766779497862782240740504767026714521175883363454727540612842034408712711246487230470488509953358593333510034581475774842250153, 165, 1684996666696914987166688442938726917102321526408785780068975640499, 1684996666696786468558708112659711757872871787345169315984876503347)
(2839213766779700546702114993705834990096796314632776784906347886641375241392412547838515361697760299514488671499162126927250289849721, 165, 1684996666696914987166688442938726917102321526408785780068975640499, 1684996666696906755989466995293491593949343668302819077856893599779)
(2839213766779703383646561134108338274187683524972970750647575361134203393687142046420454345486850930755550750317832613444769122567787, 165, 1684996666696914987166688442938726917102321526408785780068975640499, 1684996666696908439639353200493653364594270957460857721491183108713)
(2839213766779707481455205559134176351207853939908806478940459488718378486961561386978892833108726678691578107189661054185095135484211, 165, 1684996666696914987166688442938726917102321526408785780068975640499, 1684996666696910871578077719116109255525832597355802428962934620289)
(2839213766779709372751502986069178540601778746802269122767944471302458068484000462498180175557737731745986373958364314859944301014499, 165, 1684996666696914987166688442938726917102321526408785780068975640499, 1684996666696911994011335189249550435955784123461161524719127626001)
(2839213766779710318399651699536679635298741150249000444681686962031708972568450394544149906840708467961015117522181494654331019852977, 165, 1684996666696914987166688442938726917102321526408785780068975640499, 1684996666696912555227963924316271026170759886513841072597224128523)


(2839213766779605666671194075799891822168235168810734152894184606364777795244549275960431034386863610899693025513523045218508343318741, 166, 1684996666696914987166688442938726917102321526408785780068975640499, 1684996666696850447254383910265859042380108775350637774087877820759)
(2839213766612820441818401528008485325979856064211846463579360171029350535378624077941469637607080707161110014160115745542576346757859, 168, 1684996666696914987166688442938726917102321526408785780068975640499, 1684996666597867922155541879333068706818144823521872450370219802641)
(2839213766762243251444765241323959487706187085674753375944132547783340582312150728066860812418908099387460354425764451341361018300169, 168, 1684996666696914987166688442938726917102321526408785780068975640499, 1684996666686546322878598506920249165353440540469912216276721205331)
(2839213766771601700740483286870626307078452395676825474977739336847868524039543551745994745949510114828517294583019508348936788113839, 168, 1684996666696914987166688442938726917102321526408785780068975640499, 1684996666692100309708770305542783462825250297470944533879078256661)
(2839213766773573061914501295454575052012742780962721224492919264847287786402241751700909467503479327182878787736831660472006766194669, 168, 1684996666696914987166688442938726917102321526408785780068975640499, 1684996666693270259307473341299640530978057674623575343750921060831)
(2839213766779605981887243646955725520400555969959644593532098769872671565493691377164308948135012295009208197960838150093832240217941, 168, 1684996666696914987166688442938726917102321526408785780068975640499, 1684996666696850634326593488621432572451767363034864290047243321559)
(2839213766714470998268058290103657586559489763701832937500963585237616917043640958682083202874423690165975543578005905606557780933347, 169, 1684996666696914987166688442938726917102321526408785780068975640499, 1684996666658194781228160406329472685207842645204512510597593563153)
(2839213766779171929386984165372723054494812787909967835124295322202138060421337683733912844825297022673205618441775701402764200375981, 169, 1684996666696914987166688442938726917102321526408785780068975640499, 1684996666696593035894004092996681663777892121854951814000948543519)
(2839213766779475167226671617284740753987423493161811728797720824272954603820575241673147226475653892669855702525517262917461583329249, 169, 1684996666696914987166688442938726917102321526408785780068975640499, 1684996666696772999359618471058417592713453474080860166910560436251)
(2839213766779594003677359943034044987572365526301047849291360548019665215872751056558837689348384467636247576911867545201403806875417, 169, 1684996666696914987166688442938726917102321526408785780068975640499, 1684996666696843525582629511109638429728741031034256683591354286083)


(2839213766762484391722687175536738635431599964591240463948467796354018352535105822113264308057443158002142216151116552479754327941227, 171, 1684996666696914987166688442938726917102321526408785780068975640499, 1684996666686689433118925948933999670172260118903196925191329415273)
(2839213756147581715901667477657929344826664797460385620019677318031354531480190981907521870539251081061580874347809775145384159465671, 172, 1684996666696914987166688442938726917102321526408785780068975640499, 1684996660387031466062334961819821856730383677188679680232020508829)
(2839213766766196060706387535478535321009033493011678975387745641413289115106647005536853005328020734991279171344316321578035919709037, 172, 1684996666696914987166688442938726917102321526408785780068975640499, 1684996666688892208386711085812316263952130100670422346720102842463)
(2839213766779150179479563755620197876464677508635147431108218025487886932967190822393147211978481278823847510662144463724913388146887, 172, 1684996666696914987166688442938726917102321526408785780068975640499, 1684996666696580127911543186462108088833449571643322212804728979613)
(2839213766779156483800555178736871841111093531613356243866501299716714284689779455465424765081419192733359767412073005878036473576471, 172, 1684996666696914987166688442938726917102321526408785780068975640499, 1684996666696583869355734753573578690266621325327852531992038998029)
(2839213763298122887954121110405506698767424939072588109796484505610889823198782680310283811877177791804432782890633974955715724301873, 173, 1684996666696914987166688442938726917102321526408785780068975640499, 1684996664630684473441631611164026561122124826854269056012137791627)
(2839213766701649900667801097723815685143223832918570430980268293181598765966995961550453532010594307754533515034821457519605306070483, 173, 1684996666696914987166688442938726917102321526408785780068975640499, 1684996666650585806175770371731710550566447176975202379365208818017)
(2839213766762440576691796784875854581139008604892689215278399039164872827373132750152851862174853948628562599183221105238382460508989, 173, 1684996666696914987166688442938726917102321526408785780068975640499, 1684996666686663430081794557509278990211716430795711206839524786511)
(2839213751303639660475038938802173566530086228677938998618372325235852880091721600689656404537051089955578895243320024081830124710873, 174, 1684996666696914987166688442938726917102321526408785780068975640499, 1684996657512282719572427632182240055343876433369700248773522882627)
(2839213764785622382423612351134125848910913829059391376528469428574700431678459936872734401788240994717561308264260865130061453320761, 174, 1684996666696914987166688442938726917102321526408785780068975640499, 1684996665513475237286538308963258236850869288835457046461169008739)


(2839213738071327908397943929576744270859979037746829608914536606678086148111353137557010527762963567264361203684143139580513699750457, 176, 1684996666696914987166688442938726917102321526408785780068975640499, 1684996649659263177393578006038171021952820509410853774002638291043)
(2839213763644091415321438907239338564785933937215814658866020950813686367787204076052262403590053188595623646789628246361499995459167, 176, 1684996666696914987166688442938726917102321526408785780068975640499, 1684996664836007447786451554447692010721623526509125417211336327333)
(2839213234128483673338812177417192456874362600057436778931062253287307043036768289801649193790988367827986382724470907191180681800973, 177, 1684996666696914987166688442938726917102321526408785780068975640499, 1684996350582799588338463538449875308825067956415336983050231742527)
(2839213677605353730553157403739561501106224948230573341698443100570818325941724910776013098460035550966208575124351962057294183623761, 177, 1684996666696914987166688442938726917102321526408785780068975640499, 1684996613774341044950589256274043481693130096846530430373617205739)
(2839213723938679053869036785727404115972307066774006414328908777015057237542446427438628924836258137656545442341704875014109192502663, 177, 1684996666696914987166688442938726917102321526408785780068975640499, 1684996641271917888317711959576540693434057162728892297682266095837)
(2839213753149189283059811237158610431083750552247337584393960890656372744011804794178932842946088065841384984402480155395187206510591, 177, 1684996666696914987166688442938726917102321526408785780068975640499, 1684996658607566561410873485687397767202468356039648290982672203909)
(2839213765131787604605862549208185411897602744122732883656444037138983667478217819941601903769283629937840442286445255761109891151071, 177, 1684996666696914987166688442938726917102321526408785780068975640499, 1684996665718914944690135146124806451165326703447659366304440123429)
(2839213179161156231528093570494495090418135769755563402748070092172091346175160550631689704212757228727456391701043425792605370182771, 178, 1684996666696914987166688442938726917102321526408785780068975640499, 1684996317961175742896255379612008995053480689196320220903232241729)
(2839213759226334382773045472932774511737661542454438563568550941895770444880724907833741704438832038313019723264376196947329077469291, 178, 1684996666696914987166688442938726917102321526408785780068975640499, 1684996662214187998607073672801281824683667451993010202244078895209)
(2839211243723855747371758112834760589881128059967804549940321023051976234476345631888488428275114947048876978840148378064993560554919, 179, 1684996666696914987166688442938726917102321526408785780068975640499, 1684995169331425466785591677736458631466342332344411963776324075581)


(2839144615692997304608394164710447310600466048003890030227853637241398910911271032954752430663204359148221198427048604815183551911011, 181, 1684996666696914987166688442938726917102321526408785780068975640499, 1684955627395126534431896663558233789974329158909539452734452793489)
(2839213239541683849167478171023596930275360020671944628658060558806941753124614104922404242692325442040066054844355258479254240747781, 181, 1684996666696914987166688442938726917102321526408785780068975640499, 1684996353795387650272210548992619420604831775426282911447820271719)
(2785017916231773146792251890691080158413386852333682957293938006089086980911505874025784918418257381749521324864584601029715903371417, 183, 1684996666696914987166688442938726917102321526408785780068975640499, 1652832893545849385080068604195670222739772315217979460709569790083)
(2839176068620973790740812386994322914774051459865841983504894433833411634755832080938061532298088716394071869574827837347866500639457, 183, 1684996666696914987166688442938726917102321526408785780068975640499, 1684974293858151736165191111722790266413591121244087046698182902043)
(2839184777903339133978497508636322396525235285029881304696564172022973618017991498470118942040584653014908093738368276913273591291549, 183, 1684996666696914987166688442938726917102321526408785780068975640499, 1684979462581946552906156692230224180525571763931830268876124323951)
(2839212719702981873463644303536920343688083406825633454251217682029995759179373764890460710378046765088363440361642982553679369859703, 183, 1684996666696914987166688442938726917102321526408785780068975640499, 1684996045285161932888842224355060985755998826729355507422044618797)
(2465661695655716715666308901393225683998874740349815958915027871077882936394253779547534066283182903281572501573621304206172482425339, 184, 1684996666696914987166688442938726917102321526408785780068975640499, 1463303604326489808636893951753138199436517288904571965198993195161)
(2839172919391052094175147038706092831439814911767355575300466461977172534255661000766959571672148980486756463938607368909393680651979, 184, 1684996666696914987166688442938726917102321526408785780068975640499, 1684972424875272458442343663849207091825759609148781285139372048521)
(2718727377991329993920270965021354534349794723068260788215592728188498419372881923154998970499213099035703634367694314006053254037701, 185, 1684996666696914987166688442938726917102321526408785780068975640499, 1613491249998036352277462231127611426174645778830184171461333221799)
(2839196381648971677127556293942221703070642079077213345851826840375354356885621300428625354750305671219148294146937865172506606814399, 185, 1684996666696914987166688442938726917102321526408785780068975640499, 1684986349091493951522401750558322572845769975742003696526010876101)


(1607482099225964698083987561996447372615408711856487470411664605422825401541384607737716004963535111667686738665789680571804194698001, 186, 1684996666696914987166688442938726917102321526408785780068975640499, 953997198331020171200782607441438454358918147474526209600395411499)
(2839133104747726904158682736476686401947862847363238331142632225233680147887939559003759967967339981415407775716434158032860248798123, 186, 1684996666696914987166688442938726917102321526408785780068975640499, 1684948795960086983130939662570850917992294850909894562953702670377)
(1760414218277237619516116918235023557294426582973551477970375797865984044740886174393395125076936088926738313758674036837753907304601, 187, 1684996666696914987166688442938726917102321526408785780068975640499, 1044758279390642970353684648649847435450359835203742821430505504899)
(2543992625586693421027644241183152179851820061076339712164033882688266231499480177247553132762865965118595322429422195020466623581081, 187, 1684996666696914987166688442938726917102321526408785780068975640499, 1509790895060736885025983628435326070640526388379464126550383788419)
(2798821814651194178695811710543906573501623050999064672669598359770454740072378028664213021567605182283311776245307238286716504617651, 187, 1684996666696914987166688442938726917102321526408785780068975640499, 1661025134333174323633030013245363376017075776545670543798637166849)
(2839146988342165958931315439955920844346130808793661014027552473302328951301881035529435131460216041097450126133119770002077092145213, 187, 1684996666696914987166688442938726917102321526408785780068975640499, 1684957035498308901793749951831939703153097093236375070540675678287)
(1450574623600894777621086607434279488608469004628018160542105149365927514809628736250712861771113118979949035510572032885433646969463, 188, 1684996666696914987166688442938726917102321526408785780068975640499, 860876850542644811602885470535102246681767537177225594743126229037)
(1450790241517578476772413859471012998538350968743248878636526440570078198181230257021784726713948810375739133912864557478731342389569, 188, 1684996666696914987166688442938726917102321526408785780068975640499, 861004813951086665181113970091492577701007150735278267808786415931)
(1419741789020144675224926082018544824629793608955047771290959134648381886260756358896865802181350534526599001622805038602013944823637, 189, 1684996666696914987166688442938726917102321526408785780068975640499, 842578396195437435395764677052936632323419676901440313513526427863)
(2834351031323077597572595637041525369941368763928628287333698371154271666227436250192735329049392891502285691650013792263110175744107, 190, 1684996666696914987166688442938726917102321526408785780068975640499, 1682110764574527292071324765789829443058760741882206584467816972393)


(1419609461422643538757143803002826708615785909327703154018298139014302601965213668278754490874699380365420890207714340428988549166149, 191, 1684996666696914987166688442938726917102321526408785780068975640499, 842499863341268330621567542856929920392673735290553526909835149351)
(1487518912943227788605956455575668349197965745012467269098347852378903749355473227996166282702416375718362271157950171120998811687527, 191, 1684996666696914987166688442938726917102321526408785780068975640499, 882802288184461988285713876045926053573483138224870639478765518973)
(1419608143031495718354647235016954572709615916680448522780031987462467963038411167505533930339777986324358387527723979721850843295451, 192, 1684996666696914987166688442938726917102321526408785780068975640499, 842499080911739609455758660219938422745588132815783781919717589049)
(1424352966959285321207008112616872172523666751230984834619750549936704506278786234897263964869473581853710325874863041992490418686351, 192, 1684996666696914987166688442938726917102321526408785780068975640499, 845315005727241376535043257495487236983372956966838194638545748149)
(1425618790631431375884732086134765404739696437367269240517538496108020742255322307501987064132722824084863651120155323503472743016817, 192, 1684996666696914987166688442938726917102321526408785780068975640499, 846066237879306957970507050330633547593292438609397740712501444683)
(2578902671315679711890851599601613511151790356239190779616857379981583267881971967554273611334560110614989632944975975506564484144857, 193, 1684996666696914987166688442938726917102321526408785780068975640499, 1530509064074934500281419715591222027556705564191110150752640696643)
(1419607551922947704211545361914698933534248484718057773428380317022551442978188312728120685721413565394995766900137618483600496253081, 194, 1684996666696914987166688442938726917102321526408785780068975640499, 842498730104785686580472637572958445516798925201736793322095116419)
(1422875096441665294551127874662992604863627074025881128752550309536633087529573725630875909025672463883408023217761971394599016443979, 194, 1684996666696914987166688442938726917102321526408785780068975640499, 844437929501021247569553761834805660041404489122375751131260256521)
(1423851096651164471616766948060005633826834504864503910786791495603209286912088644073052385697588177269929189796942625871605746609481, 194, 1684996666696914987166688442938726917102321526408785780068975640499, 845017159257844697074881088706468443672498228247561896098470560019)
(1419622941052082243331143719780911910623912962016245839376423440437935508875147550378895038176671702938035632585772673148977869217437, 195, 1684996666696914987166688442938726917102321526408785780068975640499, 842507863137176015459881387017537851600142085885274656284923134063)


(1419611307823324240087597217958222669857547445003176046815783999824309483994769197205983420889500525998908857611045942540034425946583, 197, 1684996666696914987166688442938726917102321526408785780068975640499, 842500959130190169152214828099952851438656802093564746162421891917)
(1419611895237860097547067443288399215049062812745387689651471568823740288094507087885271146695024194539879926117268035372424248687793, 197, 1684996666696914987166688442938726917102321526408785780068975640499, 842501307744847674061895559881626012753253374430481669845151645707)
(1419638673133182663829401248725305881508683114130136569862798268714294691218560317440494074154402740947831050804579589689577729681623, 197, 1684996666696914987166688442938726917102321526408785780068975640499, 842517199702292942347675528736869437253275461459762431369465036877)
(1420163762734838438841194037757294966258580672930707177971896988130446757856092668103776806249132270897270666458859688777674322340979, 197, 1684996666696914987166688442938726917102321526408785780068975640499, 842828826195112719736213396469983834794221156586373142674675859521)
(1419606917422867236165522748136732394177300483364381924480569519322151721437060962707073439061223340954017760997801090180953099205193, 198, 1684996666696914987166688442938726917102321526408785780068975640499, 842498353546129513182055017683992739202310568509606694914556428307)
(1419607099105185570024218397706668359073379327635455268235215540743818146771196293083986563238987460075898277430882812179138490654211, 199, 1684996666696914987166688442938726917102321526408785780068975640499, 842498461369677134797853124304544262150655207470938164340694450289)
(1419607775830620781955019633628693729323486173229486020608275441042993376066958151541500221215315787894075409000333422763146745998759, 199, 1684996666696914987166688442938726917102321526408785780068975640499, 842498862987940593152383964625613168436625921243536880519799111741)
(1419606885248194200171873439343331911271060314011662030526753885330606879205371976438067598984545918148923487607160088943403003253457, 200, 1684996666696914987166688442938726917102321526408785780068975640499, 842498334451330293747755225525915587383679271891413855823913288043)
(1419606949834681088844147444491317430810094591828519008914724363190144782402221687662439309916700574213417257813579326003482294465819, 200, 1684996666696914987166688442938726917102321526408785780068975640499, 842498372781665400748666648075625160636359760946473956183933714681)
(1419607017018249085951702492426557651278155601360224234631235711813980956579590188296847834560722847531227746912504067744019720947803, 200, 1684996666696914987166688442938726917102321526408785780068975640499, 842498412653297983148338137073845162647558564162075582833740480697)


(1419606883398788854868746762829098268969356336969753561785114652719479140411507383541049465777879262956315170840274537415183005906297, 202, 1684996666696914987166688442938726917102321526408785780068975640499, 842498333353758184641746926645338038997242795762722598655956615203)
(1419606883662765905150012073448015529559636889720444901725696631886868606386618532213434971728147301050192278887582414316381371621483, 202, 1684996666696914987166688442938726917102321526408785780068975640499, 842498333510421432408721644986949489338181775890059737375977767017)
(1419606883393399921285278282696193289212939895196860416004571634482637241552291125231249590840108124006321485089683920818171610659401, 203, 1684996666696914987166688442938726917102321526408785780068975640499, 842498333350559998146795359760267933922027746226205757343352750099)
(1419606883479628847725715816783513231729698185392449120613629037046961098107499069645781259373274838353491830246828368610360343636089, 203, 1684996666696914987166688442938726917102321526408785780068975640499, 842498333401734536438002418677286686486981704810779021572959109411)
(1419606883492527803690217084654278596529201999956590464699122768933434901680509857575945498328697929616727409907177233487463643609673, 203, 1684996666696914987166688442938726917102321526408785780068975640499, 842498333409389718326158307101710748828048331044038594768622583827)
(1419606898701454120467473560952867566348166424524853041060338332346324679236408769780105287853048851202760097923679014321852350722987, 203, 1684996666696914987166688442938726917102321526408785780068975640499, 842498342435476604652876564091300109288503752952809920167749353513)
(1419606883423028969080768646440492334438964688182638617384304996756498463868408731403647680663135624900043045874531302014921088112357, 204, 1684996666696914987166688442938726917102321526408785780068975640499, 842498333368144037558322470249800549542635712781799873862977979143)
(1419606910873449374966254713368358040650747336940684749772266460597152432260086040563944362064952343063602933150627402003696886739421, 204, 1684996666696914987166688442938726917102321526408785780068975640499, 842498349659226950912874014173105289170454992494482148332018860079)
(1419606883394516101316809745503318729860896763488730714858625379824346547477487090206814402420568970302806475402686107050059199667253, 205, 1684996666696914987166688442938726917102321526408785780068975640499, 842498333351222420840912316846137917665086736072298769456591536247)
(1419606895451788474574168732244337551007899529949692254710666313381536396094125898477481873496593842828295002419865418200855775017391, 205, 1684996666696914987166688442938726917102321526408785780068975640499, 842498340506887836424867255941673517404050301373487586546798297109)


(1419606883391026029215957908112611901604986442752331971873004632265266666104955929625689698317169085293699187346488549464145647368161, 206, 1684996666696914987166688442938726917102321526408785780068975640499, 842498333349151157336460763936012964261203896316314067361765261339)
(1419606883391581755111351855847421885186558868281438816515675276891371475501165716302698654769395653005186716947077002544115305414117, 206, 1684996666696914987166688442938726917102321526408785780068975640499, 842498333349480965641947404812146480595293983607661703723143397383)
(1419606883398231868109154530470953492458500706845004954590787353384430590006569367207520100271689738131633697834093781246189552782943, 206, 1684996666696914987166688442938726917102321526408785780068975640499, 842498333353427628047421972346910402376518357734468898457116475557)
(1419606883400027969159610976411366020222425653336695709425692250494061971683080905567757469534873835940137670682801346836448900263087, 206, 1684996666696914987166688442938726917102321526408785780068975640499, 842498333354493565497599442404884750687150982457156834921740763413)
(1419606883769229810676620385123759797677904133072859916596580104958991751571863213462353194967656112839164444778931165389157811876471, 206, 1684996666696914987166688442938726917102321526408785780068975640499, 842498333573604884121601661591157661954513535711598497114550698029)
(1419606883389952088135068980187202024088016928414460718499448826259824654090396342978143713491950821242186147852772131004180972163733, 208, 1684996666696914987166688442938726917102321526408785780068975640499, 842498333348513802318427306496996010120395656156574193803503599767)
(1419606883398431715084582643269518171749888635254224319028367153907510863746713790711215063493610287194343099071694173389946580104723, 208, 1684996666696914987166688442938726917102321526408785780068975640499, 842498333353546231828294649780528467808062949534080016694844063777)
(1419606883494782228876749991176888354087571816964061907061221719940098211236005649301719974660907665194709962344655095308552069183611, 208, 1684996666696914987166688442938726917102321526408785780068975640499, 842498333410727658769062706163597821330267448632080736150685220889)
(1419606883389865088505387341177101311967475811315179102435139638331162264254570965777067332395657526567677225938259424168909215889993, 210, 1684996666696914987166688442938726917102321526408785780068975640499, 842498333348462170388583680358701710342625455310055789018625343507)
(1419606883389968794585696251446388030401019389306714072308899503460932157497470460851818956061546515963635228393702272738208396602637, 210, 1684996666696914987166688442938726917102321526408785780068975640499, 842498333348523717145534959342393103918300803420579539649875148863)


(1419606883389857523320197633437092554391776583741328527125199709241741471520531754203267410374271233005762088405947858720554527738101, 211, 1684996666696914987166688442938726917102321526408785780068975640499, 842498333348457680655553799824936988622819350888619405993853321399)
(1419606883389859414616495060372094743785701390634791170952684691482081733036800172340550310463781994971296763787258820261332662606593, 211, 1684996666696914987166688442938726917102321526408785780068975640499, 842498333348458803088811269958378169052770876993978501750046326907)
(1419606883389905436159732449123814685704538358375715504088152594924960289973258259792130103065648725550622686506416067939499253956223, 212, 1684996666696914987166688442938726917102321526408785780068975640499, 842498333348486115631409709872113559514924678891049831817409462277)
(1419606883390825551808430653002379825848956912045291726159596504284929725191935577076566535549004715731151201295156073191669208437243, 212, 1684996666696914987166688442938726917102321526408785780068975640499, 842498333349032179411168929791247838686342129148249917205306671257)
(1419606883391188680697536624522800189482519835590119341036713113689771836661210162750132255524719675593343921359282155209462674091277, 212, 1684996666696914987166688442938726917102321526408785780068975640499, 842498333349247686596603195411954481237035141377196302394363740223)
(1419606883389857208104148062281258856159455782592418086487285545521538121267578364616386752815842957341354403631125745556539700136027, 213, 842498333348457493583344221469363458551160763204392890034487820473, 1684996666696914987166688442938726917102321526408785780068975640499)
(1419606883389857208104148062281258856159455782592418086487285545622637921269393263846388059392166572367493695215652892360678238565967, 214, 1684996666696914987166688442938726917102321526408785780068975640499, 842498333348457493583344221469363458551160763204392890034487820533)
(1419606883389859099400445489216261045553380589485880730314770527738288429450089972933336014704211542467456577642713706176352176037533, 214, 1684996666696914987166688442938726917102321526408785780068975640499, 842498333348458616016601691602804638981112289309751985790680825967)
(1419606883389862251560941200774598027876588600974985136693912164899882011978897909110142067657964853101077708757123979094845036686297, 214, 1684996666696914987166688442938726917102321526408785780068975640499, 842498333348460486738697475158539939697698166152017145384335835203)
(1419606883389868555881932623891271992523004623953193949452195439496038637041414009384757701321545234938896058264167821303004811744663, 214, 1684996666696914987166688442938726917102321526408785780068975640499, 842498333348464228182889042270010541130869919836547464571645853837)