(509258994083621747723535713735538726924947293417392577994187453470693762928263306923741987, 2, 713623846352979940529142984724747568191373381, 713623846352980257441793041782097942367174727)
(509258994083621521567111422102344540262867425256205692323847874686082328875220408194853081, 3, 713623846352979940529142984724747568191373381, 713623846352979940529142984724747568191373701)
(509258994083621634645323567918941633593907218752901403621969379837220055126470923858741477, 4, 713623846352979940529142984724747568191373381, 713623846352980098985468013253422755279274017)
(509258994083621634645323567918941633593907447112532236575601055186984296221752613226426917, 5, 713623846352979940529142984724747568191373701, 713623846352980098985468013253422755279274017)
(509258994083621747723535713735538726924947521777023410947869834844467133199604864419654627, 5, 713623846352979940529142984724747568191373701, 713623846352980257441793041782097942367174727)
(509258994083626949321294421299005020152789489132989330343042082018262839648934547689576031, 5, 713623846352979940529142984724747568191373381, 713623846352987546432744354101156548410605651)
(509258994083626949321294421300185115279042100908976589102693257733567674483951464890761249, 5, 713623846352987387976419325572481361322704897, 713623846352980098985468013253422755279274017)
(509258994083627175477718712934609613881258071067119992105494022616716227667596655810582277, 5, 713623846352980257441793041782097942367174727, 713623846352987546432744354101156548410605651)
(509258994083704973287675035582589856474449782561833660005230757142430582919413704794578637, 5, 713623846352987546432744354101156548410605651, 713623846353089275393412669510626658842837087)
(2037035976334361247922236706954858616568386220971094719753798146033823204807268911814803573, 5, 1427247692705959088776660826806119200943243277, 1427247692705873205448495364264167799301079049)


(509258994083626836243082275482407926821749383069048916439706625102497803958249164204146757, 7, 713623846352979940529142984724747568191373381, 713623846352987387976419325572481361322704897)
(509258994083627062399506567117962303736334871557068891886746600619667637373274503457538119, 7, 713623846352980257441793041782097942367174727, 713623846352987387976419325572481361322704897)
(509258994083630002433022358347126540090870777177927758353390730396208531054809335243741181, 7, 713623846352979940529142984724747568191373381, 713623846352991824753520124375386599783923801)
(509258994083626836243082275482407926821749611428679749395670777556681987152284787469713797, 8, 713623846352979940529142984724747568191373701, 713623846352987387976419325572481361322704897)
(509258994084563915387134667401968672406715082177900933106251161833652190341060875773804701, 8, 713623846354293068094654401856022965624242333, 713623846352987387976419325572481361322704897)
(509258994086320020021762430534238184460840822362870184137559850308254878080207213956201913, 8, 713623846355448214704112375898136836420141261, 713623846354293068094654401856022965624242333)
(509258994085671855709739389982861176961016180056084847230890843916566271073155134466818187, 9, 713623846355845623167283925815506052875026571, 713623846352987387976419325572481361322704897)
(509258994084558600711163804242456974591741508262506562876307392510187288756903174587084433, 10, 713623846352979940529142984724747568191373701, 713623846354293068094654401856022965624242333)
(509258994101327986494231410320168683592021988627530486070142320447742851559299770973471383, 10, 713623846375323708465090784684203645977231603, 713623846355448214704112375898136836420141261)
(509258994655087370011378576742109544228114832026879950721373451420985125283601911398825881, 10, 713623846355845623167283925815506052875026571, 713623847150908473726828037057829323067621611)


(509258994084558600711163804242456974591741279902875729502525602220778694829554174829537873, 11, 713623846352979940529142984724747568191373381, 713623846354293068094654401856022965624242333)
(509258994084558826867588096291797897903016764342950943730075746497294852657390249201118091, 11, 713623846352980257441793041782097942367174727, 713623846354293068094654401856022965624242333)
(509258994085382940877706807235267357873687930219564825412194152453343387112569617615173441, 11, 713623846352979940529142984724747568191373381, 713623846355448214704112375898136836420141261)
(509258994085382940877706807235267357873688158579195659155622857769303674516357272060376961, 12, 713623846352979940529142984724747568191373701, 713623846355448214704112375898136836420141261)
(509258994085666541033768515260777432122127130457203467238194560838949354832287933357106551, 12, 713623846352979940529142984724747568191373381, 713623846355845623167283925815506052875026571)
(509258994100503646327662596999584574414033481971415928947427635201542874503696015738049799, 12, 713623846375323708465090784684203645977231603, 713623846354293068094654401856022965624242333)
(509258994085383167034131099650688854392714636806543278803540907143067601298593886809110747, 13, 713623846352980257441793041782097942367174727, 713623846355448214704112375898136836420141261)
(509258994099566567183580874641878056888931845675016457646626730846214008670181364886159743, 13, 713623846352979940529142984724747568191373381, 713623846375323708465090784684203645977231603)
(509258994099566793340005173356094952392135684817600822532008626975002393487755688047297381, 13, 713623846352980257441793041782097942367174727, 713623846375323708465090784684203645977231603)
(509258994099566567183580874641878056888932074034647297750213439675265107615348077600272703, 14, 713623846352979940529142984724747568191373701, 713623846375323708465090784684203645977231603)


(509258994099571881859551894425975101214221983459006699290874816387300813199758671791259891, 16, 713623846375323708465090784684203645977231603, 713623846352987387976419325572481361322704897)
(509259024737578037557136435068389171952519846304921871784572264527538437799821629114561429, 16, 713623846355845623167283925815506052875026571, 713623889305456449055060643105634780293627999)
(509258994653047665218411669550359443080902624608380095704782294178952284642409127012729067, 17, 713623846352987387976419325572481361322704897, 713623847150908473726828037057829323067621611)
(509258994653050831408355292646122221816467713410731103713486947098368907320617902324863411, 17, 713623847150908473726828037057829323067621611, 713623846352991824753520124375386599783923801)
(509258994653979429687535037731977185261467531235423819995571026222938190493839446211858463, 17, 713623846354293068094654401856022965624242333, 713623847150908473726828037057829323067621611)
(509258994653042350542434873639614778774775665200435074814713102137122376192884087325736791, 18, 713623846352979940529142984724747568191373381, 713623847150908473726828037057829323067621611)
(509258994653042576698859418146454977255887454199357944740012832802103404707773329558225197, 18, 713623846352980257441793041782097942367174727, 713623847150908473726828037057829323067621611)
(2037035975998488200575457937920251299288950116915640820782295652657950769534059569045572591, 18, 1427247692705959088776660826806119200943243277, 1427247692470544012720926401711516822848667883)
(509258994653042350542434873639614778774775893560066163105424694722094234698267468964652311, 19, 713623846352979940529142984724747568191373701, 713623847150908473726828037057829323067621611)
(509343205010001194904331603741116771547230530670627190535090180854506251377688386526516713, 20, 713741850994794830038803153410281918053744719, 713623846352980257441793041782097942367174727)


(509343205011762679288915451689178478372486771014505766880376085292171480290968056012750659, 21, 713741850994794830038803153410281918053744719, 713623846355448214704112375898136836420141261)
(509343205010000968710510148351332108727734509192459383178817659951315605209203458585924939, 22, 713623846352979940529142984724747568191373381, 713741850994794830038803153410281918053744719)
(509343205010938202809710555924082501309493652011332857571196534174703193425056257774989427, 23, 713741850994794830038803153410281918053744719, 713623846354293068094654401856022965624242333)
(597130413612419806871760842508910380908577091261089604522452862926729339203157604522006639, 23, 836757931593366569288874045331071108292542509, 713623846355845623167283925815506052875026571)
(597130414277694953192690881340820081533686934742868200871085790934316308942488590744561999, 23, 836757931593366569288874045331071108292542509, 713623847150908473726828037057829323067621611)
(597229154930025367235437717341878818024816641277229401286658930433092601373253528941759971, 23, 836757931593366569288874045331071108292542509, 713741850994794830038803153410281918053744719)
(509343205010000968710510148351332108727734737589851701513163272368324696499417235784235019, 25, 713623846352979940529142984724747568191373701, 713741850994794830038803153410281918053744719)
(509343205010006284265314350011271684985890931849089991649816446713933147986178689009188943, 25, 713741850994794830038803153410281918053744719, 713623846352987387976419325572481361322704897)
(509343205025948650995311677424091865884880296841048281564879164114117854100876346901154557, 25, 713741850994794830038803153410281918053744719, 713623846375323708465090784684203645977231603)
(2035897842316275160923807349779519443106373397480000659994673497046379142089671362186612297, 25, 1427247692470544012720926401711516822848667883, 1426450260215286816197070195884387447869538459)


(509343205012046326341020510479145654020495867465411731044224778013924897505410623175928549, 26, 713741850994794830038803153410281918053744719, 713623846355845623167283925815506052875026571)
(597130413612087272188119717805590827961409329335245452429313419168893744347457890627363849, 26, 836757931593366569288874045331071108292542509, 713623846355448214704112375898136836420141261)
(597130413610021924194867006679750047954218989150743236781570680467346014279729109033552929, 27, 713623846352979940529142984724747568191373381, 836757931593366569288874045331071108292542509)
(2035897842652083057422111257155495728008647769931462827917739943137362710404442924544690143, 27, 1427247692705959088776660826806119200943243277, 1426450260215286816197070195884387447869538459)
(597130413610021924194867006679750047954219256913281346658872852907040520222483762647155809, 28, 713623846352979940529142984724747568191373701, 836757931593366569288874045331071108292542509)
(597130413611120694100502573033980165686746854148091579810805137703466020972151567319833497, 28, 836757931593366569288874045331071108292542509, 713623846354293068094654401856022965624242333)
(1194260827023057753335508705304514696703045679228502281335439238485973952900682193800538447, 28, 836757931593366569288874045331071108292542509, 1427247692470544012720926401711516822848667883)
(597130413610022189374040564195462423993251820024539696170261819855958158041318209877970043, 29, 836757931593366569288874045331071108292542509, 713623846352980257441793041782097942367174727)
(597130413628718249236952873222966491944325485929918254975221906296061651838953214015711927, 30, 836757931593366569288874045331071108292542509, 713623846375323708465090784684203645977231603)
(1194260827220043185441800119570219155810855800706043533887425197798276229426952470850961993, 30, 836757931593366569288874045331071108292542509, 1427247692705959088776660826806119200943243277)


(1017948921327915204943740429887448320909317917980945295314197528160810322588707502279384847, 31, 1426450260215286816197070195884387447869538459, 713623846354293068094654401856022965624242333)
(1193593569258562908057804141979722868069442106984087339913811323754997169997604057467853631, 31, 836757931593366569288874045331071108292542509, 1426450260215286816197070195884387447869538459)
(1018117249078065554642779626189661111209227778465157275339326569532081839606159855138648021, 32, 713741850994794830038803153410281918053744719, 1426450260215286816197070195884387447869538459)
(1017948921326042093786220802834732513397202467201067548247977963654386629459455852060666759, 33, 713623846352979940529142984724747568191373701, 1426450260215286816197070195884387447869538459)
(1018686410020001371936466658228202560406728879040477128591574412988276185763364430871004163, 33, 1427247692705959088776660826806119200943243277, 713741850994794830038803153410281918053744719)
(1017948921326042093786220802834732513397202010736984279356196780591923946455472533808359879, 34, 713623846352979940529142984724747568191373381, 1426450260215286816197070195884387447869538459)
(1017948921326042545846352942240320232911504442884374081340291050351148617007475893299325693, 34, 1426450260215286816197070195884387447869538459, 713623846352980257441793041782097942367174727)
(1017948921329562964125388563254685950541672764863989048230687901352375889907055375652256799, 35, 1426450260215286816197070195884387447869538459, 713623846355448214704112375898136836420141261)
(1017948921357914367372643524094103009532828452258880847011879905466671502470111058158719777, 35, 1426450260215286816197070195884387447869538459, 713623846375323708465090784684203645977231603)
(1018686409851975779800366365979058388802690607361021568106373865357519372490014028896159877, 35, 1427247692470544012720926401711516822848667883, 713741850994794830038803153410281918053744719)


(1017948922464247457599260770598298435068274854588874638094697869756756033379549965424037449, 36, 1426450260215286816197070195884387447869538459, 713623847150908473726828037057829323067621611)
(1194260827101934635562257860161486566920509052298459565444172738730110640440712963465151499, 36, 836757931593366569288874045331071108292542509, 1427247692564808888198772967936939479518937111)
(1018518049370337315431049971583717948060158797757727698771962923631134498109567566509770889, 37, 713623889305456449055060643105634780293627999, 1427247692564808888198772967936939479518937111)
(1018686409919256566507718418952552390845114481908180213610115315129029040269210428209366809, 37, 713741850994794830038803153410281918053744719, 1427247692564808888198772967936939479518937111)
(1018518663206176180710925819961408324204900774684443452778861721491593792918088425310010753, 38, 1427247692470544012720926401711516822848667883, 713624319436198135304588012998727805461069891)
(1018518663374085450769126788001132475909144196674051300948024161185228917491229883134640329, 38, 1427247692705834859017838460324772524029116419, 713624319436198135304588012998727805461069891)
(1018517988003334704611429163935506279663999647275575240973978689855578410430612225579319193, 39, 1427247692470544012720926401711516822848667883, 713623846355845623167283925815506052875026571)
(1018517989138086323441591469345929550747603975077410411881643280330450990940361740452419513, 39, 1427247692470544012720926401711516822848667883, 713623847150908473726828037057829323067621611)
(1018517988068388486981194584333716646951001462437889710805930379924022127981461134850919963, 40, 713623846354293068094654401856022965624242333, 1427247692564808888198772967936939479518937111)
(1018518663374174104146220122312499579375745945734391133027294310459661869731125259912872807, 40, 1427247692705959088776660826806119200943243277, 713624319436198135304588012998727805461069891)


(1018518049303067648367654557514555306186265728762471026430556080140169634061662570300856117, 41, 1427247692470544012720926401711516822848667883, 713623889305456449055060643105634780293627999)
(1018517988002767504299399304142928277171175017522782740562557534222696440426791124533820463, 42, 1427247692470544012720926401711516822848667883, 713623846355448214704112375898136836420141261)
(1018517987999255295030729558298137057588412380685941132134747716795735921727975378770723051, 44, 1427247692470544012720926401711516822848667883, 713623846352987387976419325572481361322704897)
(1018517987999261627410608679539840480263770996024819379629177904764369593522871291627983283, 44, 1427247692470544012720926401711516822848667883, 713623846352991824753520124375386599783923801)
(1018517988031134756906468432333775170584249543305012439337023570921535649296904276718706449, 44, 1427247692470544012720926401711516822848667883, 713623846375323708465090784684203645977231603)
(1018517988170765316364352883431980974449809008336821954692235653688891130983658191828552297, 44, 1427247692705959088776660826806119200943243277, 713623846355448214704112375898136836420141261)
(1018517987999244665678789604785277740954775012816254878200734073933938913270886168115822423, 45, 713623846352979940529142984724747568191373381, 1427247692470544012720926401711516822848667883)
(1018517987999245117991638113445399414003014907795113213862290461413442453921163778254192941, 45, 1427247692470544012720926401711516822848667883, 713623846352980257441793041782097942367174727)
(1018517989305995482375386939330771256750951037035794000792824274284765239082339400159331009, 45, 713623847150908473726828037057829323067621611, 1427247692705834859017838460324772524029116419)
(1018517989306084135693808386012129061346771772268701316707160030392427734159026300955659247, 45, 1427247692705959088776660826806119200943243277, 713623847150908473726828037057829323067621611)


(1018517987999244665678789604785277740954775469535516468774818144630387460956269479689544983, 46, 713623846352979940529142984724747568191373701, 1427247692470544012720926401711516822848667883)
(1018517988001118823966585237999430016336768155711938125869265296381291964969733240226091039, 46, 1427247692470544012720926401711516822848667883, 713623846354293068094654401856022965624242333)
(1018518049471065470543687591887756317211609423832082052661761335259228748980817495995712723, 47, 1427247692705959088776660826806119200943243277, 713623889305456449055060643105634780293627999)
(1018517988169116636031266878361561640905293763070701860921007672391738772366762288821045241, 48, 1427247692705959088776660826806119200943243277, 713623846354293068094654401856022965624242333)
(1018517988199043915657775906525190837763949616310496497471800775054783390276476711812989657, 48, 713623846375323708465090784684203645977231603, 1427247692705834859017838460324772524029116419)
(1018517988167154276737688378136349749505536247100859170861020165754206361225801459197542613, 49, 713623846352980257441793041782097942367174727, 1427247692705834859017838460324772524029116419)
(1018517988171332516676476299168141699899691501698096040826516155719224592120438534292113167, 49, 1427247692705959088776660826806119200943243277, 713623846355845623167283925815506052875026571)
(1018517988167253107095103821875929911357034959283186331903326754241751955681171621550227469, 50, 1427247692705959088776660826806119200943243277, 713623846352987387976419325572481361322704897)
(1018517988167259439474983987601851960923461206273195973653074353715543687845154977973535877, 50, 1427247692705959088776660826806119200943243277, 713623846352991824753520124375386599783923801)
(1018517988199132568976101002498213875019854007858710438040953705559562893191989404601683031, 50, 1427247692705959088776660826806119200943243277, 713623846375323708465090784684203645977231603)


(1018517988155709291651711102843536632337256302585456260147942999802907377450562605784541127, 51, 713623846355845623167283925815506052875026571, 1427247692684066287541744219456245575322698037)
(1018517988167053410972454309771363564371575039623440785289748668379278219057251468733067813, 51, 713623846352979940529142984724747568191373701, 1427247692705694149801213126861206389973319713)
(1018517988167153824424839794909582442335136783040555236452758687240564057838474743546642639, 51, 713623846352979940529142984724747568191373381, 1427247692705834859017838460324772524029116419)
(1018517988167348545106154891030897944108171682956172487493342160381860658293559875482945139, 51, 1427247692705959088776660826806119200943243277, 713623846353054256545581364673410312416788607)
(1018517988167153824424839794909582442335137239759816902319913572948871361765682432863896719, 52, 713623846352979940529142984724747568191373701, 1427247692705834859017838460324772524029116419)
(1018517988167242477743162115121703613870534066856243859823139576947579902011627191025009537, 53, 713623846352979940529142984724747568191373381, 1427247692705959088776660826806119200943243277)
(1018517988167242930056010698387840903125278792667325865494011167867161482282829426727060379, 53, 1427247692705959088776660826806119200943243277, 713623846352980257441793041782097942367174727)
(1018517988167259891787832561586515973793810518583026153091948342358077008685082187715838333, 53, 1427247692705834859017838460324772524029116419, 713623846353054256545581364673410312416788607)
(1018517988167242477743162115121703613870534523575505525730047985479044479969771492862858177, 54, 713623846352979940529142984724747568191373701, 1427247692705959088776660826806119200943243277)
(1018517988184721090072245359120491240464240896295611192792589057936031932535213892453823147, 55, 713623846376172717454593641325856062949032031, 1427247692684066287541744219456245575322698037)


(1018517988167190687921999330543394327179098123296352750595960989496593425605304396298586269, 56, 1427247692705873205448495364264167799301079049, 713623846352986595694794182929105425883201781)
(1018517988167235693050433366125878014008131325374463113349190287931468223389160321310535053, 56, 713623846352979940529142984724747568191373381, 1427247692705949581397159115085607975669203113)
(1018517988167236145363281949389002294429890444418903940096952622585726150552655741323325151, 56, 713623846352980257441793041782097942367174727, 1427247692705949581397159115085607975669203113)
(1018517988167240781569979927872747213904933883163362659348536326200887660332353549567569599, 56, 713623846352979940529142984724747568191373701, 1427247692705956711931785398875991394624733299)
(1018517988167242816977798552571494893863654299413203539175553084197716842113975158516491639, 56, 713623846352979940529142984724747568191373381, 1427247692705959564145635912392144762206945419)
(1018517988167242930056010698388091987194694281306594687660378889042602535698583676702952619, 56, 713623846352979940529142984724747568191373381, 1427247692705959722601960940920819949294845999)
(1018517988167243043134222844204638863711851249679745941363583939131900782204652777463878123, 56, 713623846352980098985468013253422755279274017, 1427247692705959564145635912392144762206945419)
(1018517988167257517145377508725852933996459395080079071695262242542620646489605856693330207, 56, 713623846352990240190269839088634728904917053, 1427247692705959564145635912392144762206945419)
(1018517988167242930056010698388091987194694738025856353567490121670103630360967451053672299, 57, 713623846352979940529142984724747568191373701, 1427247692705959722601960940920819949294845999)
(1018517988167251071687285197174043680530620977146292109825296144837368730045469404675714557, 57, 1427247692705958454951360712691418452591640769, 713623846352986278782144125871755051707400253)


(2037035976334484503173475646977018854416908313182500078654123410279867896199365193768106793, 92, 1427247692705959881058285969449495136382746621, 1427247692705958771864010769748768826767442333)
(2037035976334471386100866732251756028016262449507001555159489598863501219707596073263431173, 93, 1427247692705959881058285969449495136382746621, 1427247692705949581397159115085607975669203113)
(2037035976334485860112021396776183974389388361371264703780436891208712401561554502832619379, 93, 1427247692705959881058285969449495136382746621, 1427247692705959722601960940920819949294845999)
(2037035976334011383933857550334780357345349137656393483725888098641574103427499112578153761, 94, 1427247692705959881058285969449495136382746621, 1427247692705627281232051087760277438879236341)
(2037035976334484050860627063710630481092747809000867631507072928036451509351298781180591549, 94, 1427247692705959881058285969449495136382746621, 1427247692705958454951360712691418452591640769)
(2037035976334484955486324230243407227741067932470563048106047636385983224360447049052717017, 94, 1427247692705959881058285969449495136382746621, 1427247692705959088776660826806119200943243277)
(2037035976333326808437526776655977331228901198076072696945146812979818162506856296020442593, 95, 1427247692705959881058285969449495136382746621, 1427247692705147633936189731460486123803902133)
(2037035976334481789296384147378688614471946612578564226902590138908749224242453281431879617, 95, 1427247692705959881058285969449495136382746621, 1427247692705956870388110427404666581712633877)
(2037035976334485407799172813509795601065228245401004672654474056819079704976165186352185047, 95, 1427247692705959881058285969449495136382746621, 1427247692705959405689310883863469575119044707)
(2037035976334485633955597105142989787727308397584482406810807623860770036935538845853679199, 95, 1427247692705959881058285969449495136382746621, 1427247692705959564145635912392144762206945419)


(2037035976334480658514262689212717681161546356906858774030720198333530749566863263416712691, 96, 1427247692705959881058285969449495136382746621, 1427247692705956078106485284761290646273130671)
(2037035976334481563139959855745494427809866651646277315344880633677378798515427897218432679, 96, 1427247692705959881058285969449495136382746621, 1427247692705956711931785398875991394624733299)
(2037035976334361247922236706886187123583256164628857401830803324020141881748793086829395407, 97, 1427247692705959881058285969449495136382746621, 1427247692705872413166870221620791863861575867)
(2037035976334362378704358165052158056893656386046618229759636119196497089636499831658643429, 97, 1427247692705959881058285969449495136382746621, 1427247692705873205448495364264167799301079049)
(2037035976334444021173527444635259441904570860404662242143279207542476960109125455876980403, 97, 1427247692705959881058285969449495136382746621, 1427247692705930408181830663115910338033221743)
(2037035976334211758525779937344829739948313596083104196677466664317630530052227665477237617, 98, 1427247692705959881058285969449495136382746621, 1427247692705767673536026364166493198759231877)
(2037035976334106821944908619542727128743148964566433567432366342011104359512312368303439773, 99, 1427247692705959881058285969449495136382746621, 1427247692705694149801213126861206389973319713)
(2037035976325556526011714843370111995480993847599325250295716885027761220946924678338838249, 100, 1427247692705959881058285969449495136382746621, 1427247692699703391520859543238408157712613469)
(2037035976334307648849679589819164884670273364839185801382802252965905209884023598987870199, 100, 1427247692705959881058285969449495136382746621, 1427247692705834859017838460324772524029116419)
(2037035976334372329587026996912702270025180670071037859566114080527583326202160362882596627, 100, 1427247692705959881058285969449495136382746621, 1427247692705880177526796619525876031168708687)


(2037035936312625355868406575688213612163677618302775093235344917971616084548632304922131817, 101, 1427247692705959881058285969449495136382746621, 1427247664664673890592647724668461081329402077)
(2037035975249695813723499118745449921170379139997893485649790343851841633741805492134477641, 101, 1427247692705959881058285969449495136382746621, 1427247691945902409542419270486127389767106621)
(2037035976315017636639724736521013542548562450127677464014828479789910567381735802461486903, 101, 1427247692705959881058285969449495136382746621, 1427247692692319326774530106974689861541298243)
(2037035976333983340537245387818701211247417023495731718354602715397752314375140970315382727, 101, 1427247692705959881058285969449495136382746621, 1427247692705607632647747550204554239979552787)
(2037035976303238505436919313234995434768889942020389188957415487153177702329211690265082977, 102, 1427247692705959881058285969449495136382746621, 1427247692684066287541744219456245575322698037)
(2037035976331201842674882591163399454324327473386973724454986628247033797463778162997460923, 102, 1427247692705959881058285969449495136382746621, 1427247692703658778306221676028428245889187863)
(2037035976326530355574714615904279762397883192059564509401753792125215406513049653047459831, 103, 1427247692705959881058285969449495136382746621, 1427247692700385704456432387713763758212907011)
(2037035970161158853117081793789600746050606429410949398600323914633349036942956109018169293, 104, 1427247692705959881058285969449495136382746621, 1427247688380622895263496882068660218878754833)
(2037035975998489331357579209570555481909549824390585118054762354217255185217900314569473343, 104, 1427247692705959881058285969449495136382746621, 1427247692470544012720926401711516822848667883)
(2037035976325313407855601337686361333744891499268245815799468050494747320254523443421118443, 105, 1427247692705959881058285969449495136382746621, 1427247692699533050971453874912582038219390983)


(2037035636012038152601595910911190159802033900261760573090000362926864414948196457495133701, 106, 1427247692705959881058285969449495136382746621, 1427247454259298048703350375282452074502029481)
(2037035959436181190527090403518536654254600206851775103005586283232308517128229548139216881, 106, 1427247692705959881058285969449495136382746621, 1427247680866175531010836368546172510253613061)
(2037035967307105939025891960395267267749102928385535900597971831153060732871315274225155949, 106, 1427247692705959881058285969449495136382746621, 1427247686380932912454620193426494962396037169)
(2037035974736483110894133160575153022728025087439218395442329029815794182622008195088907949, 106, 1427247692705959881058285969449495136382746621, 1427247691586320323369029661400222184354349169)
(2037035976133028657386550338626229820047720211154642716310946074958834337151763980746751931, 106, 1427247692705959881058285969449495136382746621, 1427247692564808888198772967936939479518937111)
(2037027342085046405544017518996986840575869823581524924635262270611228440753662781749722773, 107, 1427247692705959881058285969449495136382746621, 1427241643125719670052583857938396679967342713)
(2037033547174441337630617652152254328043671889105811846194857232562703911483088365282131599, 109, 1427247692705959881058285969449495136382746621, 1427245990716839728323233439593662331219869819)
(2036894995677563951295748844470939818419734514964275839607650994628554352435473596630957651, 110, 1427247692705959881058285969449495136382746621, 1427148914716937635243846409223481185731084431)
(2037016531280825850040090666281246745768612484561001834860956481483950739029602520814059391, 110, 1427247692705959881058285969449495136382746621, 1427234068544043479713263510232818480031203371)
(2037022212355142550928991319188856148753257604388931319383319165832956787086755798940909427, 110, 1427247692705959881058285969449495136382746621, 1427238048984401333770805095422438730566205487)


(1161622075659035194409642452885317068306467310050829430273489138904052810523468600990236357, 113, 1427247692705959881058285969449495136382746621, 813889615373406242892042081390647812881907817)
(2029739249500682203793431298073464041960986880879382500669152564060119229505095815881817833, 113, 1427247692705959881058285969449495136382746621, 1422135246652556348444805499422824420847124573)
(2036134856112959932847016792266645691786371629083802776303932588869017718305048838197476677, 113, 1427247692705959881058285969449495136382746621, 1426616323514661562180194507279760129475477737)
(1886762584552717969098153332589016881724755606251721722534121158772982943385454492002549667, 114, 1427247692705959881058285969449495136382746621, 1321958756139623256682670628724085263901392927)
(2004522123213513283668702675831833370594142889269191009849796852564714298810468903243743103, 114, 1427247692705959881058285969449495136382746621, 1404466886482108956556289049647310711449190443)
(2005700138224451803637016612044679166323902118914778863757789599858298496843722534770703829, 114, 1427247692705959881058285969449495136382746621, 1405292261794998821863983491050441972083851449)
(2027816347785392617714035386883233455061342299746050263593998190042557104198698787181428457, 115, 1427247692705959881058285969449495136382746621, 1420787967042214921649261573847452113461837917)
(2036727235912274053405744971882134425060778648538402022261019157513820205116148934592429507, 115, 1427247692705959881058285969449495136382746621, 1427031373966199522412066616921451689228107967)
(2037007127582232694368847618935629699979118306328433070721162705398330797691107023767207879, 115, 1427247692705959881058285969449495136382746621, 1427227479849844698470834185413887313554964499)
(2037021802206465075355025775725495086936140962638027853742169482132285562233572199730511461, 115, 1427247692705959881058285969449495136382746621, 1427237761614045388082561347771672688699900041)


(1903575879603904485211418387524919250110536293476979946155947282422608553891343234326593347, 116, 1427247692705959881058285969449495136382746621, 1333738978407357112511736835586753803996627007)
(2034413551868010778908762070475756338452392612768145856130287747086872382303178988783140327, 116, 1427247692705959881058285969449495136382746621, 1425410293017120043092800077969547386796638387)
(1170400270013591434146861818349137785048288439082514232962344182194263172512908743465238459, 117, 1427247692705959881058285969449495136382746621, 820040050507698461653855799995817768786067479)
(2035897842652084187572441605669465026794403820344481868356952477396950273212314918011797039, 117, 1427247692705959881058285969449495136382746621, 1426450260215286816197070195884387447869538459)
(1632447640945811566879270919260316904052106831943095031399014113410967478417470090001776391, 118, 1427247692705959881058285969449495136382746621, 1143773186174018058534863166819332533191180371)
(2030648247568219569328098600052948785536894218276376188227648516057945341986905190624657393, 118, 1427247692705959881058285969449495136382746621, 1422772135450613516782859822727576109268860933)
(1836857302886814251828329463385812691630607649237038377099166181815287013604766737816878837, 119, 1427247692705959881058285969449495136382746621, 1286992658859559092884452123300139935736004697)
(1140459108047275852760613708166876026525659165075825966203176415228209289294373810591498117, 120, 1427247692705959881058285969449495136382746621, 799061798365949139420971764781370573991182377)
(1194260827220043848389734013359500095908437860318618118898455091203451636878431948818612089, 120, 1427247692705959881058285969449495136382746621, 836757931593366569288874045331071108292542509)
(1409076235966152119526732190069563127643471208192404132980112940235760925865773754782580307, 120, 1427247692705959881058285969449495136382746621, 987268182787981268378956889897767515533082767)


(1018684598282617938419029827821045287221927217795802982851602126968733321828782389520760739, 121, 1427247692705959881058285969449495136382746621, 713740581602387851207354588128991605453488159)
(1834307923215429075086955817724368429731089239166870852603337853476427849990429297766039477, 121, 1427247692705959881058285969449495136382746621, 1285206437950312615405658499156378107628224537)
(2031721506395906846570810600355749392295847588246712710998374200005581070317689587244203819, 121, 1427247692705959881058285969449495136382746621, 1423524113424144134313513271936875713494253639)
(1021483557848496393626222001858018712059055257173404725772101577957003342408331335842135899, 122, 1427247692705959881058285969449495136382746621, 715701670473074219177531482519387692611928119)
(2032578706776737167095529845165056623497258737079398959992833836319702857646115984980836331, 122, 1427247692705959881058285969449495136382746621, 1424124710212782222569919652943427070018453511)
(1021246539048362378803463390198965743374372310663896642972923805445227642654405950498144223, 123, 1427247692705959881058285969449495136382746621, 715535603432752266318682351349313638762545163)
(2026102885526857742152093668702779574245158679036976811474015967509800257900737337466290047, 123, 1427247692705959881058285969449495136382746621, 1419587431026433194745593712300104698680049707)
(1018528365115320182716872664420920860096551073853792752839891660419321760783367415298785121, 124, 1427247692705959881058285969449495136382746621, 713631116953682377559423153837758665822568501)
(1042419125202803418633560077769645772840707797886819030943819979249170558699902191481651119, 124, 1427247692705959881058285969449495136382746621, 730370159664753822974203931096943033856294939)
(1018686410020001937421020296702664217455468917747317776091564284431386579568656471593844499, 125, 1427247692705959881058285969449495136382746621, 713741850994794830038803153410281918053744719)


(1018519170377401875206323875721137448269410249837131968025314828063396310690809521062805201, 126, 1427247692705959881058285969449495136382746621, 713624674667619980819498045138544544846970981)
(1018729894838387798793618015040825590755568344543098010006974134903245384975142530433678727, 126, 1427247692705959881058285969449495136382746621, 713772318599407605594841083525687189832728787)
(1018928579371998319155173544264598130994718308853576163772128307552704024746395903847300493, 126, 1427247692705959881058285969449495136382746621, 713911526765324362937407935664903978771022033)
(1024647251827072963393317785315965224573544769517773171590633111652141194131080257143307979, 126, 1427247692705959881058285969449495136382746621, 717918310229960728143751703011079214120042599)
(1018519632971883279328297673625315468186460181788724005138666692882156524793126370704097031, 128, 1427247692705959881058285969449495136382746621, 713624998784088179185132858548526579741360211)
(1018533653593437818142836778897718027743692590307502458714948566139180700020586127871180473, 128, 1427247692705959881058285969449495136382746621, 713634822321814806520266810794525536555106413)
(1018578538059136740678914051963544908610305309498078188536334644759647376856092934771048379, 128, 1427247692705959881058285969449495136382746621, 713666270588242776558735994775312348768894999)
(1018520387304184331349319559564766011241027425303937245069849367921350289152049335257529543, 129, 1427247692705959881058285969449495136382746621, 713625527306435706586458156224418211386360083)
(1018518663374174669537655666536424114474384976037856719992749711888731677199520023825088311, 130, 1427247692705959881058285969449495136382746621, 713624319436198135304588012998727805461069891)
(1018518783116637000313223536671695247512294052581198867469297057223610816740601383522139371, 130, 1427247692705959881058285969449495136382746621, 713624403333662424598617545311654067975487751)


(1018517988200344880488516319938208249203012890844610924204091969016130120868806521086017251, 131, 1427247692705959881058285969449495136382746621, 713623846376172717454593641325856062949032031)
(1018517989306084701084869747279229557549551229779907701351331408791491527231833622116826431, 131, 1427247692705959881058285969449495136382746621, 713623847150908473726828037057829323067621611)
(1018517991328945813602717268612100639525877427813806563108652991919251050301854501916639223, 132, 1427247692705959881058285969449495136382746621, 713623848568224558983653399899591166562140163)
(1018518020036731425820160139281317417158120653142716563321314918447775377004471752316681679, 132, 1427247692705959881058285969449495136382746621, 713623868682312505266843981871281646298202299)
(1018531588420948749875044278436544388451163799067076722492411427520449442977380155829255559, 132, 1427247692705959881058285969449495136382746621, 713633375360296057908402999299696038267322579)
(1018517988170765881755413614470534715747375759818167314706190031626841772587845299990429081, 134, 1427247692705959881058285969449495136382746621, 713623846355448214704112375898136836420141261)
(1018517988334511726886679129123057154895266895421952824805195147648870797070030523185758061, 134, 1427247692705959881058285969449495136382746621, 713623846470176615365118220823245585846894641)
(1018517988175550899380575989593136112038027472686723301489047325821742799089853128230567903, 135, 1427247692705959881058285969449495136382746621, 713623846358800833629065985607745242222559243)
(1018518019760652780117543250543503176178675692795534302029831934520080505642586996534673363, 135, 1427247692705959881058285969449495136382746621, 713623868488878214138867829866045588256063503)
(1018518049471066035934782351428633859993460612148677215761322203480429126561376368448241379, 135, 1427247692705959881058285969449495136382746621, 713623889305456449055060643105634780293627999)


(1018517988169117201422327608484913949183482459184789123049728603095286727959870196640906793, 136, 1427247692705959881058285969449495136382746621, 713623846354293068094654401856022965624242333)
(1018517988199133134367161749283756113777863590729070576372610568114627376867648646982663463, 136, 1427247692705959881058285969449495136382746621, 713623846375323708465090784684203645977231603)
(1018517988167349110497215620172762625041298974836895715429109586600058632210795735000546947, 137, 1427247692705959881058285969449495136382746621, 713623846353054256545581364673410312416788607)
(1018517988168714416830664209766067504018833343023176108626671836162455835662061989181520933, 137, 1427247692705959881058285969449495136382746621, 713623846354010857379778592285514762073145673)
(1018517988167983253110929359649262025513885671442660712154647554360282830000855470873509393, 138, 1427247692705959881058285969449495136382746621, 713623846353498568080961359078634906890272933)
(1018518018827022069222759933376027070701945455021926208833451616422429611850554857851191287, 138, 1427247692705959881058285969449495136382746621, 713623867834730573427194269467599588131078147)
(1018517988167260683335317591593835640167981744724594029512588668909978064916793259060100841, 139, 1427247692705959881058285969449495136382746621, 713623846352992300122495209961412161047625821)
(1018517988167399091066984071108677877360999944843945276702763153700501039311524497102733027, 139, 1427247692705959881058285969449495136382746621, 713623846353089275393412669510626658842837087)
(1018517988171333082067537030521554864244254160293444598302156255090865169678222411335466591, 139, 1427247692705959881058285969449495136382746621, 713623846355845623167283925815506052875026571)
(1018517988167260004866044716694253080181741453734893180934934170546079525180108100954226421, 140, 1427247692705959881058285969449495136382746621, 713623846352991824753520124375386599783923801)


(1018517988167257743301801800362311213560940462836257525988674253811556840798562240321027913, 141, 1427247692705959881058285969449495136382746621, 713623846352990240190269839088634728904917053)
(1018517988167253672486164550964815853643498665517135497108191545529870702196626381906903037, 142, 1427247692705959881058285969449495136382746621, 713623846352987387976419325572481361322704897)
(1018517988167449750106025396944175689666941205840695686554071219164841986148938417310793527, 142, 1427247692705959881058285969449495136382746621, 713623846353124769610219059933868566532587587)
(1018517988167246209324162927069407693794855558828773881347344213373860748759768644003561403, 143, 1427247692705959881058285969449495136382746621, 713623846352982158917693384126200187421982743)
(1018517988167243043134222844204689080525734749891449048877524134763003811561033701406014321, 144, 1427247692705959881058285969449495136382746621, 713623846352979940529142984724747568191373701)
(1018517988167253898642588842598010040305578877645016324914840117019571751034795769483755271, 144, 1427247692705959881058285969449495136382746621, 713623846352987546432744354101156548410605651)
(1018517988167243043134222844204689080525734293172187382970362196111493587722590058927095601, 145, 713623846352979940529142984724747568191373381, 1427247692705959881058285969449495136382746621)
(1018517988167243269290647135837883267187814336884840471473744802723450241520333353339846557, 145, 1427247692705959881058285969449495136382746621, 713623846352980098985468013253422755279274017)
(1018517988167243495447071427471077453849894486213822820218158607648568634580716740075847467, 145, 1427247692705959881058285969449495136382746621, 713623846352980257441793041782097942367174727)
(1018517988167250732452648759733291427036457523499072878768345474143474484128918728676998967, 145, 1427247692705959881058285969449495136382746621, 713623846352985328044193954699703929179996227)