(559936185544451052639360570142111069530411374309067956275363150124361163150858335748305973222307848913, 3, 748288838313422294120286634350736906063837462003859, 748288838313422294120286634350736906063837462004107)
(2239744742177762932728820268418631181504255868747707836635308650577867075849621560632239555718181567753, 3, 1496577676626823819053139129390959690142358043623549, 1496577676626837775947094871007625180116490987241597)
(559936185544451176970169672588771608375973411014141792820827806628185195521948554085884062670218361423, 4, 748288838313422294120286634350736906063837462003859, 748288838313422460273786107465221019039719997046997)
(559936185544451798624215184822212337530719405815897212755639665496138615625997021027573589961405909517, 4, 748288838313423124887783999923157470943250137219161, 748288838313422460273786107465221019039719997046997)
(559936185544610942059866326152393131926972253120010809486712915187213735947232139289134049194678424153, 4, 748288838313486595524582729656088627730378523672653, 748288838313571666116312964271954471382236465725501)
(559936185544455279886870053328569390279520622286325543211421823689283669733548164198642640845700977541, 5, 748288838313422294120286634350736906063837462004107, 748288838313427943339268720243196747243843653468463)
(559936185544633570267122971561085073167700487944890035779733770730757079681803930286936069874223415331, 5, 748288838313616029100672285839212635942873322225671, 748288838313472472477127514924939024780363045011461)
(2239744742177465533433447217360358398364752413407903579309417409068492777690534239585687676285792302143, 5, 1496577676626625099467769284467960570986846132109419, 1496577676626837775947094871007625180116490987241597)
(2239744742177781831011803840225009719563287860892979007483846525268095764071875066234926088540487952269, 5, 1496577676626836446719099086091752276309430706896977, 1496577676626837775947094871007625180116490987241597)
(2239744742177802221264496641422206940417298857013570892524002306238522438936777158194836034283473233179, 5, 1496577676626843591319576430014569134272379713749173, 1496577676626844255933574322472505586175909853921423)


(559936185544451674293406082375413763758221557834889105461027739709129978133457272527458978288910742299, 6, 748288838313422294120286634350736906063837462003859, 748288838313423124887783999923157470943250137219161)
(559936185544451674293406082375413763758221557835074681092929468644102148565438215580252904322941094227, 7, 748288838313422294120286634350736906063837462004107, 748288838313423124887783999923157470943250137219161)
(2239744742177783074319894864649238385449614166290403460640331295384666669144581051687327976863773516721, 7, 1496577676626831462114114892657228887032954655604877, 1496577676626843591319576430014569134272379713749173)
(559936185544596022362774022948299363455746172583666903174054997612918503876763411754424576037470864389, 8, 748288838313422294120286634350736906063837462003859, 748288838313616029100672285839212635942873322225671)
(559936185544596022362774022948299363455746172583852478805956774388135470603651536488138408621382830797, 9, 748288838313422294120286634350736906063837462004107, 748288838313616029100672285839212635942873322225671)
(2239744742168443592601737358317251752878285096678470630683764278491713509211146213130010736861942664899, 9, 1496577676626831462114114892657228887032954655604877, 1496577676620603032032865723105769873100246031007887)
(2239744742176603174941512773796755416805029661199830182850904342901212099796194670228186981290135798603, 9, 1496577676626625099467769284467960570986846132109419, 1496577676626261555610922109976721379755859457867937)
(2239744742176930164969452081126093664161841579531290212477891013013780877648210623894798769591376966101, 9, 1496577676626843591319576430014569134272379713749173, 1496577676626261555610922109976721379755859457867937)
(2239744742177475231236557206777596148157379053354907727527936940154817107337526241947933199792064183237, 9, 1496577676626625099467769284467960570986846132109419, 1496577676626844255933574322472505586175909853921423)
(559936185544596644016819535342550782490712303632652134699921538124852699176728275281255375839227282031, 10, 748288838313616029100672285839212635942873322225671, 748288838313423124887783999923157470943250137219161)


(2239742896952154063325675105013048262377314639550199097672494917562943228029209815426456177607528422489, 11, 1496577128462647008408370745228980630040375195598971, 1496576991827291373120584024487070343874655499059259)
(2239744742167590683251298131329428088135606719753934699446925742311778977282746608429207869952251419119, 11, 1496577676620603032032865723105769873100246031007887, 1496577676626261555610922109976721379755859457867937)
(2239744742176900574236885710348761914020806888822894187654546677815992160470668320290036872861385248413, 11, 1496577676626261555610922109976721379755859457867937, 1496577676626823819053139129390959690142358043623549)
(2239744742177456084291955432799972898566808507818565114983706779436435837065877521705213853247394036463, 11, 1496577676626625099467769284467960570986846132109419, 1496577676626831462114114892657228887032954655604877)
(2239744742177772630531930259123569157695678737899138994614026486174301806375610586741942067558038390227, 11, 1496577676626844255933574322472505586175909853921423, 1496577676626823819053139129390959690142358043623549)
(2239744742168134754871928168836529597889828378270165869029452846293349060861215352708831167909935987653, 12, 1496577676626625099467769284467960570986846132109419, 1496577676620603032032865723105769873100246031007887)
(2239744742168461744899866239824572781311584082543105802240886560111992488217542428055305981584702727451, 12, 1496577676626843591319576430014569134272379713749173, 1496577676620603032032865723105769873100246031007887)
(2239744742176912012671323130985377548529106012962265712374505892701142668458139258181228900693519128749, 12, 1496577676626831462114114892657228887032954655604877, 1496577676626261555610922109976721379755859457867937)
(2239744742176931159615924900311886328032128459891176610306799492874690335063136839817073780330309114351, 12, 1496577676626261555610922109976721379755859457867937, 1496577676626844255933574322472505586175909853921423)
(2239744742177474236590084387350187148178648115924505396472434367105054943103682529160198109147556760487, 12, 1496577676626625099467769284467960570986846132109419, 1496577676626843591319576430014569134272379713749173)


(559936201418362487294035670000431511145465796633839924927935919529569526285134597849980462520135074393, 17, 748288838313422294120286634350736906063837462004107, 748288859527037440957282716807078339500719741075499)
(559936201418362487294035670000431511145465796633654349290773214244212120171366442421784284024348350641, 18, 748288838313422294120286634350736906063837462003859, 748288859527037440957282716807078339500719741075499)
(559936201418507457021558942121001029827424329167286452633436482623319575213559869342167519625926934829, 18, 748288838313616029100672285839212635942873322225671, 748288859527037440957282716807078339500719741075499)
(2239733501088782080462554843975408917104076889786552597877863917848496823400612951528335134672887490057, 18, 1496577676626625099467769284467960570986846132109419, 1496570165430553737385254285472855367336435868762203)
(2239733501089109068849359091817659701491365651633283595971354288470529633985856400132096187495924908119, 18, 1496577676626843591319576430014569134272379713749173, 1496570165430553737385254285472855367336435868762203)
(2239733501089090916642334977678888365171767112002194624123831255519422786529971594371105995894240064031, 19, 1496577676626831462114114892657228887032954655604877, 1496570165430553737385254285472855367336435868762203)
(2239656014872767791624066653004297631224238994429587271534359869291649153330042467285028080976375329129, 20, 1496525900760846032205680268901577788807685502664843, 1496570165430553737385254285472855367336435868762203)
(2239667255563222098200094691178811991964746302629959108201363685095886312163844043633655649547650616741, 20, 1496577676620603032032865723105769873100246031007887, 1496525900760846032205680268901577788807685502664843)
(2239683639999129049380753941005260314286448763280412999253106753839408293379444850480814734675934184873, 20, 1496536848690709425289224408429858661747580332933129, 1496577676626261555610922109976721379755859457867937)
(2239733501079769634005267270747623799740659487224701980176556312391194296141441026321849203263220495061, 20, 1496577676620603032032865723105769873100246031007887, 1496570165430553737385254285472855367336435868762203)


(2239667255572543105137762054080250722533974432242583206297884304003460460102606104169188865489567239311, 21, 1496577676626831462114114892657228887032954655604877, 1496525900760846032205680268901577788807685502664843)
(2239683639999673106158640877904515757107992223256875346945995048788933120128095535547619060756238042051, 21, 1496577676626625099467769284467960570986846132109419, 1496536848690709425289224408429858661747580332933129)
(2239667255572234278092556300873091065505564323482491699991973899715110089215107519491334146953360456217, 22, 1496577676626625099467769284467960570986846132109419, 1496525900760846032205680268901577788807685502664843)
(2239683639999981935463090409727584888727899434084561789330447996724313032608278642795910553309087270133, 22, 1496577676626831462114114892657228887032954655604877, 1496536848690709425289224408429858661747580332933129)
(2239667255571690225294722011004117370193035081963273892227553339889671445116067192533893415096666838891, 23, 1496525900760846032205680268901577788807685502664843, 1496577676626261555610922109976721379755859457867937)
(2239672399217974571910685480211436770322064053689324289439993645936677253159671047523420213573601723187, 23, 1496536848690709425289224408429858661747580332933129, 1496570165430553737385254285472855367336435868762203)
(2239683639990660860337007358262553111027543793919712441749505661101219910749354519318024936746842588423, 23, 1496577676620603032032865723105769873100246031007887, 1496536848690709425289224408429858661747580332933129)
(2239667255572561256807890894647177175805370517540133377787252717790962570225085180940492842617987424839, 24, 1496577676626843591319576430014569134272379713749173, 1496525900760846032205680268901577788807685502664843)
(2239606155508661867695358081083593610771403814208747922587610355585254138093101136481319980084018283747, 25, 1496525900760846032205680268901577788807685502664843, 1496536848690709425289224408429858661747580332933129)
(2239683640000000087266008940986106665385108150985118748944175508240204767249729882166476125976488052317, 25, 1496577676626843591319576430014569134272379713749173, 1496536848690709425289224408429858661747580332933129)


(977073094770775807747691677167927496218752696054355856844743426938211177134110984853721304928043927723, 26, 748288838313616029100672285839212635942873322225671, 1305743243441610439623451072635005814844445683614013)
(1917977447353920765687981231238595745721784483010769805780968354569785813237421604182910255001717707411, 26, 1468877941346734529689356406084423237040040293957647, 1305743243441610439623451072635005814844445683614013)
(1099144968354559230475302375617656214124744129288976767713330012811987350954482894798695565459198056229, 27, 748288838313422294120286634350736906063837462004107, 1468877941346734529689356406084423237040040293957647)
(2198213884281659057572551729067582340374508572923190650927805111532544828946137285053657193089477904421, 27, 1496525900760846032205680268901577788807685502664843, 1468877941346734529689356406084423237040040293957647)
(1099144968354559230475302375617656214124744129288612485983876022648624390565773957835909635466296559773, 28, 748288838313422294120286634350736906063837462003859, 1468877941346734529689356406084423237040040293957647)
(1099144968354843803514458101369300425014960772782166450781302327116480731791180632573611087371050156137, 28, 748288838313616029100672285839212635942873322225671, 1468877941346734529689356406084423237040040293957647)
(2198229965454338806841693941381249488144907859360562751070515049551758152222716321136838097659209187463, 28, 1468877941346734529689356406084423237040040293957647, 1496536848690709425289224408429858661747580332933129)
(2198289936709099180272994714927954029741489017722791821113542484676762900305826586373430294385004644419, 28, 1496577676626831462114114892657228887032954655604877, 1468877941346734529689356406084423237040040293957647)
(1954146189541044377489213772435171283194262152595845681573058905664091438873730625946073569848429961249, 29, 1496577676626843591319576430014569134272379713749173, 1305743243441610439623451072635005814844445683614013)
(2198289936699950376717427360274322049097697338471445998502677522945776192252788064188693191647500961889, 29, 1496577676620603032032865723105769873100246031007887, 1468877941346734529689356406084423237040040293957647)


(977073094770522839606034819812838871335253287469637485059125022907860266488299123984117715977608751391, 31, 748288838313422294120286634350736906063837462004107, 1305743243441610439623451072635005814844445683614013)
(2198289936709116996595343229490449765071665531423574805530315293897613371759261104007315631160443275931, 31, 1496577676626843591319576430014569134272379713749173, 1468877941346734529689356406084423237040040293957647)
(977073094770522839606034819812838871335253287469313660734751503518833650622285642542036293448072476167, 32, 748288838313422294120286634350736906063837462003859, 1305743243441610439623451072635005814844445683614013)
(1119833627786281374362991838031818442146715234878638421186024665825146019531617217358708978107910510201, 32, 748288838313422294120286634350736906063837462004107, 1496525900760846032205680268901577788807685502664843)
(1954146189541028539861134054950676026233288347427078679105776315287409149968624900028933723347908341401, 32, 1496577676626831462114114892657228887032954655604877, 1305743243441610439623451072635005814844445683614013)
(1119833627786281374362991838031818442146715234878267282762635976009159010824929626067084672103249629137, 33, 748288838313422294120286634350736906063837462003859, 1496525900760846032205680268901577788807685502664843)
(1954078583553844726458805725685834555071817166141132877040367431162399521733784021183387065770517244959, 33, 1496525900760846032205680268901577788807685502664843, 1305743243441610439623451072635005814844445683614013)
(1954146189532895809365294471063152705150219024763492648953782451895640528097600189069413682339066720531, 33, 1496577676620603032032865723105769873100246031007887, 1305743243441610439623451072635005814844445683614013)
(2198289936708796058733859713741382751932184496951515950640170623362187457819370445368721082695955777093, 33, 1496577676626625099467769284467960570986846132109419, 1468877941346734529689356406084423237040040293957647)
(1954146189540759083229969546515838914650692922501777465478913025995490585908144289280458912303077688447, 35, 1496577676626625099467769284467960570986846132109419, 1305743243441610439623451072635005814844445683614013)


(1119841820000000789597507971777650118034631146050198604070057130564503012434014408030123883583386944811, 36, 748288838313422294120286634350736906063837462003859, 1496536848690709425289224408429858661747580332933129)
(1119841851746957550782447185183778848785356420306297361017291100395958147260001682178981690755707306371, 36, 1496536848690709425289224408429858661747580332933129, 748288859527037440957282716807078339500719741075499)
(1119833627786282617628069155878868199220098528391707217853086229127387922664656828641618187283020656723, 37, 1496525900760846032205680268901577788807685502664843, 748288838313423124887783999923157470943250137219161)
(1119833627786571303779022359963821791659699282232492042952859383828833605656722226098164567090323784653, 37, 748288838313616029100672285839212635942873322225671, 1496525900760846032205680268901577788807685502664843)
(1119841820000290721134535471057600687655252569419572875637039660559130646571943494914678545397890154559, 38, 748288838313616029100672285839212635942873322225671, 1496536848690709425289224408429858661747580332933129)
(1119866782292218810087733866091079085830966064356928538114017311205904276486043918669070848405100564297, 39, 748288859527037440957282716807078339500719741075499, 1496570165430553737385254285472855367336435868762203)
(1119872402832054487611731959890062019471229813996333538860598052295465767671400515191435622692331460613, 39, 1496577676620603032032865723105769873100246031007887, 748288859527037440957282716807078339500719741075499)
(1119872402836560733584590857606975943235299327849444585839824213967984449764240717600656961468608025081, 39, 1496577676626625099467769284467960570986846132109419, 748288859527037440957282716807078339500719741075499)
(1119871960903751493256789718937239042444080560788648646889729541685372321611919051589843686331418429089, 40, 748288838313422294120286634350736906063837462003859, 1496577128462647008408370745228980630040375195598971)
(1119872402836715152453873794119623749584349497152129705893022696360260969487420606820622253320369608623, 40, 1496577676626831462114114892657228887032954655604877, 748288859527037440957282716807078339500719741075499)


(1119866750544555280405790125941930042649227971281015221694855716170808375803254644814013427066339341377, 41, 748288838313422294120286634350736906063837462003859, 1496570165430553737385254285472855367336435868762203)
(1119866750544556523707641092663763695821803213721409866449980320136342184293359266568892621605604171683, 41, 1496570165430553737385254285472855367336435868762203, 748288838313423124887783999923157470943250137219161)
(1119866750544845218397435565473537962493774508401078868196300581040436575459277890856860189587801113213, 41, 748288838313616029100672285839212635942873322225671, 1496570165430553737385254285472855367336435868762203)
(1119871960903751493256789718937239042444080560789019798017588278143457597556735838786093699379926973897, 41, 748288838313422294120286634350736906063837462004107, 1496577128462647008408370745228980630040375195598971)
(1119872402836724228603195577022541052211950674574940761852342701455087449172976156254217439532541812327, 41, 1496577676626843591319576430014569134272379713749173, 748288859527037440957282716807078339500719741075499)
(1119866750544555280405790125941930042649227971281386371095882493497679918866051912945112863161792367721, 42, 748288838313422294120286634350736906063837462004107, 1496570165430553737385254285472855367336435868762203)
(1119895855018512150241989923836663010020748514522817492502530056674572586117580016618095049527632342879, 42, 1496577676626843591319576430014569134272379713749173, 748304530068001796930088454006641060501756372320323)
(1119866750544630375837588515940682694272772614685882036544426972911149725309905160269408005480018608583, 44, 1496570165430553737385254285472855367336435868762203, 748288838313472472477127514924939024780363045011461)
(1119872402836288697766562624845564187766924311396812387986096690008320031132036153742864460053888375563, 44, 1496577676626261555610922109976721379755859457867937, 748288859527037440957282716807078339500719741075499)
(977093584173042769348871377535102737420838082996113288070939660019961054152439455363424385953127486199, 45, 1305743243441610439623451072635005814844445683614013, 748304530068001796930088454006641060501756372320323)


(1119872371084231618434787731481080405522913917403429512109962916316195361216421523041561518512143391909, 46, 748288838313422294120286634350736906063837462004107, 1496577676620603032032865723105769873100246031007887)
(1119872371084231618434787731481080405522913917403058360846161006764251210517091292113032657496453435933, 47, 748288838313422294120286634350736906063837462003859, 1496577676620603032032865723105769873100246031007887)
(1119872371084521557881613427885687517210949773815106506447694333899099166358765162358372045954194867177, 47, 1496577676620603032032865723105769873100246031007887, 748288838313616029100672285839212635942873322225671)
(1119872371088465828469580654952391329983635950035687113713140098634799460264647995206384890903806368883, 48, 748288838313422294120286634350736906063837462003859, 1496577676626261555610922109976721379755859457867937)
(1119872371089191796063929840938898159297505892747609361822129147108793992521347687256935583621507449833, 48, 748288838313616029100672285839212635942873322225671, 1496577676626844255933574322472505586175909853921423)
(1119872371084232861742878750762403763634783710955339731152564782849968486796758827606308681232238522807, 49, 1496577676620603032032865723105769873100246031007887, 748288838313423124887783999923157470943250137219161)
(1119872371088465828469580654952391329983635950036058264976943411500590968947922222108564344049357617259, 49, 748288838313422294120286634350736906063837462004107, 1496577676626261555610922109976721379755859457867937)
(1119872371088739107587987832529911574046785932823168855384131013221962148831221553218107755899635377459, 49, 1496577676626625099467769284467960570986846132109419, 748288838313423124887783999923157470943250137219161)
(1119872371088467071777671678934632159821494550485529396933671122714602367351151009534741217803163940857, 50, 1496577676626261555610922109976721379755859457867937, 748288838313423124887783999923157470943250137219161)
(1119872371088755767916407447610952848172261574958940150889223400723622951832455338279940356193229210727, 50, 748288838313616029100672285839212635942873322225671, 1496577676626261555610922109976721379755859457867937)


(1119872371088892283144802046998039570261421848906429440349486093835482522224579892104505767272743229839, 51, 748288838313422294120286634350736906063837462004107, 1496577676626831462114114892657228887032954655604877)
(1119872371089027803726723671335373817873440522013829228358622819191853721946072188209096313499182695149, 51, 1496577676626625099467769284467960570986846132109419, 748288838313616029100672285839212635942873322225671)
(1119872371089191298740693431023497024069532987908414890975194080324602190634174747049329023644195620083, 51, 1496577676626843591319576430014569134272379713749173, 748288838313616029100672285839212635942873322225671)
(1119872371088737864279896808245650324073372261035552806894160779497971861898951880041038992319151383833, 52, 748288838313422294120286634350736906063837462004107, 1496577676626625099467769284467960570986846132109419)
(1119872371088892283144802046998039570261421848906058289085682639632878221731200899340521594518153220343, 52, 748288838313422294120286634350736906063837462003859, 1496577676626831462114114892657228887032954655604877)
(1119872371088893526452893071453740199489113125173924824458417576679634669179885513506307423395169448197, 52, 1496577676626831462114114892657228887032954655604877, 748288838313423124887783999923157470943250137219161)
(1119872371089182222591628950067426306159027474592566928155726074155756463071605525792045206476402197467, 52, 1496577676626831462114114892657228887032954655604877, 748288838313616029100672285839212635942873322225671)
(1119872371088737864279896808245650324073372261035181655630357376473303855116403825819434254478388247921, 53, 748288838313422294120286634350736906063837462003859, 1496577676626625099467769284467960570986846132109419)
(1119872371088901359293866525604258905987450528386420053963967229903479524510144757993928822234284058607, 53, 748288838313422294120286634350736906063837462003859, 1496577676626843591319576430014569134272379713749173)
(1119872371088901856617102935390901061369698675207231719444262117301718651772207639809425227874708771357, 54, 748288838313422294120286634350736906063837462003859, 1496577676626844255933574322472505586175909853921423)


(1119872371088896013069075120397855735628282950062685296440318270574635077262752183325133739065599884539, 56, 748288838313422294120286634350736906063837462004107, 1496577676626836446719099086091752276309430706896977)
(1119872371088897007715547939971140046392779243704027270797702200607621429609649280820329472026579322823, 56, 748288838313422294120286634350736906063837462003859, 1496577676626837775947094871007625180116490987241597)
(1119872371088901359293866525604258905987450528386791205227770687114126779464788371139228372403293853511, 56, 748288838313422294120286634350736906063837462004107, 1496577676626843591319576430014569134272379713749173)
(1119872371088902105278721140284166925090048424107451065752096671516609329462357279893575595200476116731, 56, 1496577676626844255933574322472505586175909853921423, 748288838313422460273786107465221019039719997046997)
(1119872371088903099925193959857230379971447419707747778844903672804869813385836508062740811480223986103, 56, 748288838313423124887783999923157470943250137219161, 1496577676626844255933574322472505586175909853921423)
(1119872371088910062450503696866742075164139031050917438568926554427397591375632050106551688884805198397, 56, 748288838313427943339268720243196747243843653468463, 1496577676626843923626575376243537360224144783835219)
(1119872371088917646629858945685430348081667100054231170957059214894738340990472479357540834105893079983, 56, 1496577676626823819053139129390959690142358043623549, 748288838313443063307720773661251028049154342387867)
(1119872371088897007715547939971140046392779243704398422061505656376056309137659171864998361791415238879, 57, 748288838313422294120286634350736906063837462004107, 1496577676626837775947094871007625180116490987241597)
(1119872371088902602601957550070036084881456027783941332895626623440551374183654307618507226331683503853, 57, 1496577676626843591319576430014569134272379713749173, 748288838313423124887783999923157470943250137219161)
(1119872371088904467564094086724779139471489128937364105982418059375185955392852759070695003582059536351, 57, 748288838313427943339268720243196747243843653468463, 1496577676626836446719099086091752276309430706896977)


(2239744742177771635885457439543383100584391880469554112448987042949793960049167806526842506817967213009, 112, 1496577676626844588240573268701473812127674924007281, 1496577676626822822132142290704055012287062833365089)
(2239744742177792026138150240795711471256565900123974285908343702744481235078180761776470779281664889537, 112, 1496577676626844588240573268701473812127674924007281, 1496577676626836446719099086091752276309430706896977)
(2239744742177794015431095879942280092785558487407400537150718473107153978760668229436948037491734067757, 113, 1496577676626844588240573268701473812127674924007281, 1496577676626837775947094871007625180116490987241597)
(2239744742177797994016987158235417335843543661974019573517914226076733936695725734843210636623727288361, 113, 1496577676626844588240573268701473812127674924007281, 1496577676626840434403086440839370987730611547930681)
(2239744742177803215910969460995159967357149203592879539327089895688102357554706555545778012519460229539, 113, 1496577676626844588240573268701473812127674924007281, 1496577676626843923626575376243537360224144783835219)
(2239744742177671673914939072428309868752514369480646030277024726583264799156673068024486485421402872753, 114, 1496577676626844588240573268701473812127674924007281, 1496577676626756028425354098681441595982283746050113)
(2239744742177801972602878436528554578901528836540695479836821799140667036414993896254334087402832785643, 114, 1496577676626844588240573268701473812127674924007281, 1496577676626843092859078010671116795344732108619803)
(2239744742177802718587733051208517811974901056772186103483248529157552394120373149276180614533659728613, 114, 1496577676626844588240573268701473812127674924007281, 1496577676626843591319576430014569134272379713749173)
(2239744742177768154622802571036888012908654852723748238139762804077823211409939825295147519665695075811, 115, 1496577676626844588240573268701473812127674924007281, 1496577676626820495983149667101277430624707342762131)
(2239744742177796750708896133768811947387923294922098911698732454176828956451304534942701182293725125921, 115, 1496577676626844588240573268701473812127674924007281, 1496577676626839603635589075266950422851198872715441)


(2239744742177475728559793616491300648146744522069709306816028917778140295055495152869347257197044679739, 116, 1496577676626844588240573268701473812127674924007281, 1496577676626625099467769284467960570986846132109419)
(2239744742177773127855166668903309566731136320932116317992384986498857314944689899903139812100899060269, 116, 1496577676626844588240573268701473812127674924007281, 1496577676626823819053139129390959690142358043623549)
(2239744742177743288460982081704780243796247511681578591787793986163239767617075128016517969006393551701, 117, 1496577676626844588240573268701473812127674924007281, 1496577676626803880633202355652866133036453838454821)
(2239744742177767905961184366143566935217530779313304242668861375914312592430307526362560521802734352083, 117, 1496577676626844588240573268701473812127674924007281, 1496577676626820329829650193986793317648824807719043)
(2239744742177803713234205870781802122739397350413809434443838303663594331565494794677691583143253880863, 117, 1496577676626844588240573268701473812127674924007281, 1496577676626844255933574322472505586175909853921423)
(2239744742176622073224496217720040934517800504097551161308348697043651338326476547050513797185135440679, 118, 1496577676626844588240573268701473812127674924007281, 1496577676626054694504078082444000724782103329243159)
(2239744742177432461438225965053433129891155748656485875140013136648012696985356909049081585287154366081, 118, 1496577676626844588240573268701473812127674924007281, 1496577676626596188758860962547724913183285034614801)
(2239744742177786804244167938035968839742960358505341799906015313510525381356042565093346809974381055071, 118, 1496577676626844588240573268701473812127674924007281, 1496577676626832957495610150687585903815897470992591)
(2239744742176931656939161309904782659967271900070720222981594520969796947567236163169816471224524449297, 119, 1496577676626844588240573268701473812127674924007281, 1496577676626261555610922109976721379755859457867937)
(2239744742177784566289604093996079140522843697811462573726679353916812575254310589657409787851807109437, 119, 1496577676626844588240573268701473812127674924007281, 1496577676626831462114114892657228887032954655604877)


(2239744742177320812371651967952269246576446787377970124239403499739783006742390761664948166617450141211, 121, 1496577676626844588240573268701473812127674924007281, 1496577676626521585837597534144358187012026800275531)
(2239744742143048527519326136188094312018780849413880942301922466548872677945783648624937346639390020943, 123, 1496577676626844588240573268701473812127674924007281, 1496577676603621147465716584142519060049869418791103)
(2239744742147319290811995178977603657074741673378222657409421506171008750865590991600570786423683128609, 123, 1496577676626844588240573268701473812127674924007281, 1496577676606474833819167325407159420832408783552689)
(2239744741507366485477681981678589634761777423851603173470464280330707396662366587367558425361885664019, 124, 1496577676626844588240573268701473812127674924007281, 1496577676178864015263654093353329932274929818927299)
(2239744741893913706254988903120392341736258729334078782535001217331223277818359246411909042365169395421, 124, 1496577676626844588240573268701473812127674924007281, 1496577676437151457883104763166276184410362159824941)
(2239744742145392163270907255739251550863172742622575978464702150636365365432040363259483078968047828277, 124, 1496577676626844588240573268701473812127674924007281, 1496577676605187144198250688155283857742762199744517)
(2239744742168463236869575462962160811045827834805462717247638810003504058713185362791520507477356425247, 124, 1496577676626844588240573268701473812127674924007281, 1496577676620603032032865723105769873100246031007887)
(2239744737797419438149245090035283400877554842834854727200544766337842330466250018163698637224783327999, 125, 1496577676626844588240573268701473812127674924007281, 1496577673699910129161107376197844063676266564288879)
(2239744741449875670687092440952106369184880861325510529103155905061499548517264164772269525669156727147, 125, 1496577676626844588240573268701473812127674924007281, 1496577676140449160031970551511925795256945325637787)
(2239744741936152860692981311998575422218112663746330824790668315008855370258536920100813973788733466333, 125, 1496577676626844588240573268701473812127674924007281, 1496577676465375288224604828124610945673059786293293)


(2239733501089110560811580251883860085298455942561376442227418280358379395483757651832500831658029600043, 126, 1496577676626844588240573268701473812127674924007281, 1496570165430553737385254285472855367336435868762203)
(2239744739862601920371579461103155103003050476152304324311186203184760702813194126184564631037232001913, 126, 1496577676626844588240573268701473812127674924007281, 1496577675079846843757222004737058459499246005518473)
(2239743921807502986513579437874478084888161121576643289574320906628070185208173038644359728702360107851, 127, 1496577676626844588240573268701473812127674924007281, 1496577128462647008408370745228980630040375195598971)
(2239709107907167507219169976470838508293500000799281884294293082170442955225912351337141218379468588827, 128, 1496577676626844588240573268701473812127674924007281, 1496553866121587674431103392608334744436877071221067)
(2239722934919047725070306018846094611111858440897183767077704886973988347261611495643875204643833215329, 129, 1496577676626844588240573268701473812127674924007281, 1496563105208937542383584126865448798304736345325809)
(2239744671544864825109074488746850918726676560542265565243613871497608193588130334698256705755402990089, 129, 1496577676626844588240573268701473812127674924007281, 1496577629430537648363689657069438716895304817311769)
(2239744691599062530679232713880472034661700125432043634246751121483212678229822325961293782398812544207, 129, 1496577676626844588240573268701473812127674924007281, 1496577642830575627528639419206559263437440086442047)
(2239743460900935620612780399218133753169624718412322009001591993452752069156868573587917673387027033081, 130, 1496577676626844588240573268701473812127674924007281, 1496576820488945032080647790219349092232593760321801)
(2239743717322079904771946753856623939252916818795504342413396546702746123819413690167632331009966464779, 130, 1496577676626844588240573268701473812127674924007281, 1496576991827291373120584024487070343874655499059259)
(2239744679396899491549213408361466149524083195627289938140316240259559555033663154487418017897018028267, 130, 1496577676626844588240573268701473812127674924007281, 1496577634677197938084126667427891399170276489953307)


(2239718789909035183369833135611422461475165071934840329577992263071809459390142543797710217274539894779, 131, 1496577676626844588240573268701473812127674924007281, 1496560335549816417317008207391243079286167454089259)
(2239743752641079480799747234416065048446724164755124220713937701480603759935849161970145631134153702137, 131, 1496577676626844588240573268701473812127674924007281, 1496577015427135288762665297064453308119752080621577)
(2238380078519274153858687660164061922234040164361332117855364318649960165813290539360693216897612597591, 132, 1496577676626844588240573268701473812127674924007281, 1495665820409928477723949984360609504581820753117511)
(2239172179003151008270208800564204722555654110187623964707904378233978009060191659629658414672049601273, 133, 1496577676626844588240573268701473812127674924007281, 1496195094964966729892160179275861536955223479681033)
(2239332100013740380491883262768028211056515131299892068646503664202170377777297174105504559335460547781, 133, 1496577676626844588240573268701473812127674924007281, 1496301952773343118491172312884154413073649580900501)
(2239649683786571608861533138176939858002454070042171062205160943167691110677143048600195801520176887997, 133, 1496577676626844588240573268701473812127674924007281, 1496514159448473429444545049508856314606439444250637)
(2239664211482963615291589728277519763403691600288201740118459266836553003567188052572165689134953700683, 133, 1496577676626844588240573268701473812127674924007281, 1496523866727032301570221082483093145792917440299643)
(2239683640000001579195015943555300236069262292099743221537236421110154633801544967825064074561282112249, 133, 1496577676626844588240573268701473812127674924007281, 1496536848690709425289224408429858661747580332933129)
(2239649310370710616299730724949786339567292987507277645664481529399485736067690048603389457413712099599, 134, 1496577676626844588240573268701473812127674924007281, 1496513909935289567041526407658767417491150814052479)
(2239743123508983391967046716754634152436187794930635267350794145947984306212433664230038757648449382763, 135, 1496577676626844588240573268701473812127674924007281, 1496576595046619185621588510998400659859214767751323)


(2234890821550660574189249796492282396022632961027360647456918208124680895480250476907886222916288772857, 136, 1496577676626844588240573268701473812127674924007281, 1493334329687390065806945312833341436473648441458697)
(2239667255572562748725983676063636884293430469755880583706639462302244139372349262640460385641834721883, 136, 1496577676626844588240573268701473812127674924007281, 1496525900760846032205680268901577788807685502664843)
(1954146189541045679212069639625677742670506574938056711672119023275551853125829787542985564132405628653, 137, 1496577676626844588240573268701473812127674924007281, 1305743243441610439623451072635005814844445683614013)
(2082071281513915020062704270082671425008850048635722275370590414201840990262716130122412081221080172437, 137, 1496577676626844588240573268701473812127674924007281, 1391221661281706336668092038942145261446258833227877)
(1119876066282978713120303466244975089114379882201041874247013680307327304294019678089969256641947755681, 139, 1496577676626844588240573268701473812127674924007281, 748291307409503518909360639083382316984841485156401)
(1155302683634792495539651152846835640890607865316960933097727813268588941515388299397820266831776053723, 139, 1496577676626844588240573268701473812127674924007281, 771963060573470446914204371722682117378125407977483)
(1414636576967953050194014718423900726878851497415875449922663150372027327762420077675662035867806977037, 139, 1496577676626844588240573268701473812127674924007281, 945247680131391761690754593053659449014921811984477)
(2234484676754273303991321545413499221472254766965351168508728847589812438953834844539439539329219690353, 139, 1496577676626844588240573268701473812127674924007281, 1493062947317647196791898591435265969837623803379713)
(1120579648043735873517696453457960588140008762750539277111383162342321188859633266853789273321061205337, 140, 1496577676626844588240573268701473812127674924007281, 748761434534707586000612452826212614275749665308777)
(1172112907450708111735735125563061335636030605460856310215255241228068380744903102302712066706834979577, 140, 1496577676626844588240573268701473812127674924007281, 783195503819453103102522636036764964678845813751817)


(2013319078153768192836662865994088057615152239309873142714908251778015205045446177958914957390496386061, 141, 1496577676626844588240573268701473812127674924007281, 1345282045561185708157940799690423788903053591052381)
(1293022991279885799110091949141617158125361583487028086509811900416583336543656690298188933714893851661, 142, 1496577676626844588240573268701473812127674924007281, 863986555107681896711805371929031698844798458789981)
(2198289936709118460950604751235312428249488258576583072307383522307774532382089022717232773324133627807, 143, 1496577676626844588240573268701473812127674924007281, 1468877941346734529689356406084423237040040293957647)
(1125012837897026884255538560607179691911589209997848075509319010931348986296119095896009103835710615501, 144, 1496577676626844588240573268701473812127674924007281, 751723652882961338916443272911620896584051659374621)
(1845018351826013441196754388517410043766020996785179004981379116129756189092246803659660926444376161303, 144, 1496577676626844588240573268701473812127674924007281, 1232824985058258861176023061494514585908375145414663)
(2227473784684671216870412372077932580427073956171914463670265485967820228687987817857817286654524633119, 144, 1496577676626844588240573268701473812127674924007281, 1488378331090172772811026074186596413361506805088399)
(1119904672838489544784507035697427288863045639123406939079994271864173494853196186650520440546550346821, 145, 1496577676626844588240573268701473812127674924007281, 748310422057515179983036400817901224646934863544341)
(1120023780798051330277829966148580534718203695739983149811566764434331868733724705926212701073371559267, 145, 1496577676626844588240573268701473812127674924007281, 748390008945267137124645338029387111017464136204307)
(1120096233183185069514675106245428450214836308637298267681158175551936107113889474572918351386969630429, 145, 1496577676626844588240573268701473812127674924007281, 748438420989804003788906300597747353449444476452909)
(1120599663509669076928261198429672454010056151445117736413706903261655369957859619148818282508588125279, 145, 1496577676626844588240573268701473812127674924007281, 748774808692458165658568354604887235905476259479759)


(1119872866064637318629248677833078732966048475120346519911352520956633498434188480805931474516252289591, 146, 1496577676626844588240573268701473812127674924007281, 748289169051841651665841282882168073163193263849511)
(1119872399329788256301527814405236754393730160104130395804713639111892728683215419731764052444607135683, 147, 1496577676626844588240573268701473812127674924007281, 748288857183733265666580341855235337114256070934643)
(1119872577813777688452459991367468412688179056220817403641595104500416202788305845435944082109808759489, 147, 1496577676626844588240573268701473812127674924007281, 748288976445160333346929753761726701761335906009169)
(1119902075386067262750441407308233980624350882402562814142129199148355061363150092470660180892465490201, 147, 1496577676626844588240573268701473812127674924007281, 748308686462722575255005895573820745691837004513321)
(1119886063508587256187603580827613152787922633963320703863545515422566246772104480420734248322036911117, 148, 1496577676626844588240573268701473812127674924007281, 748297987467454854880728012478734389933694531928157)
(1119895855018512896242487978134172214503797121075026897888311500978761889040855760145302230827316271763, 148, 1496577676626844588240573268701473812127674924007281, 748304530068001796930088454006641060501756372320323)
(1120018550619671485808008104063313543408092903899173077126844543479985133712293221209087593175295425151, 148, 1496577676626844588240573268701473812127674924007281, 748386514186216853256169414781123247321348971692271)
(1119872413800912471096027977401924373217250709278620047025693610896284582217288760380671071852391547391, 149, 1496577676626844588240573268701473812127674924007281, 748288866853210794832423988132669558893631976243311)
(1121051459973672134862720694720623723336274176268171772636638963872667709722967035420513048623446992973, 149, 1496577676626844588240573268701473812127674924007281, 749076695103741118720126256145386207236154852376733)
(1119872404115335804210704855076039529233809844263216674892561537228681985090082238873915309567816741467, 150, 1496577676626844588240573268701473812127674924007281, 748288860381393916796552673795961051195317701050507)


(1119872375216856046673275236778796250172798227820062723519676596257886435747914765636811523734026315771, 151, 1496577676626844588240573268701473812127674924007281, 748288841071684698981624573391206283552736566837291)
(1119872402836724974588071340000863022290931593266981696349933113126725907795488191609206753521846708219, 151, 1496577676626844588240573268701473812127674924007281, 748288859527037440957282716807078339500719741075499)
(1119872429393730595991436544780995825901620157518286546546339904905869938686564185699625644016986463807, 151, 1496577676626844588240573268701473812127674924007281, 748288877272194298609026588657429513597397051113647)
(1119872371208999450331229492031720009710178146241382239412144637430597626649254352323430338480020875423, 152, 1496577676626844588240573268701473812127674924007281, 748288838393670280528314102315201432931199889703183)
(1119872371508419121352196662274394834485073468284183531380348966261203012796367912332991669146323233703, 153, 1496577676626844588240573268701473812127674924007281, 748288838593739863081378080497738517488708628775063)
(1119872376279462983056336890206699119131323342873015123291186068512928122619635713850974174789802891433, 153, 1496577676626844588240573268701473812127674924007281, 748288841781709279047582063923606687269148801630393)
(1119872398290358572028107857648343319727839483483369312252624229721811301039651990174969790654438168377, 153, 1496577676626844588240573268701473812127674924007281, 748288856489195520979512906158037189457170130796617)
(1119872375917692903240201949063719711141764798464920942444435100006503042850645778840917591685391689519, 154, 1496577676626844588240573268701473812127674924007281, 748288841539977703422631467536645578021273222512799)
(1119872371090123033824107166490713602480023193779836488429135190206444154532668963122675665602139373507, 155, 1496577676626844588240573268701473812127674924007281, 748288838314238107802699626467731617647084523487347)
(1119872373215868793791570740160304521711466448773666012619020153712617690612527282454971844216028656423, 155, 1496577676626844588240573268701473812127674924007281, 748288839734642670269987599414050080492651450204183)


(1119872371094129718478242612573238439562218055877971121417137223234980408496328970696869123936651047433, 156, 1496577676626844588240573268701473812127674924007281, 748288838316915339139709920150243998042371672506393)
(1119872380133483577326216152509135279539183627625182522379428601443447997223741291659002071246581004763, 156, 1496577676626844588240573268701473812127674924007281, 748288844356931838130853420716214330305085872013323)
(1119872371089346960913689694435630128481790079858943534955707106545125057949188073334542060102692610171, 157, 1496577676626844588240573268701473812127674924007281, 748288838313719542730844036162815019917692654059691)
(1119872371092262269725523863731944979220426743623384929104833599925689711985320871390903825920786691427, 157, 1496577676626844588240573268701473812127674924007281, 748288838315667526358666830374555549164533499035667)
(1119872371095592097454905590194496341062893782558280526417850177087492683129070307519789345659582149701, 158, 1496577676626844588240573268701473812127674924007281, 748288838317892487870111306431312409207560260812821)
(1119872371117701347914357270051477091977632923236380058296259067291648469033968414666409777085445813113, 158, 1496577676626844588240573268701473812127674924007281, 748288838332665693968764334557249433851398545473673)
(1119872371089125652073487339379870983381364744584934208424173355052513466363193848297478008743871372781, 159, 1496577676626844588240573268701473812127674924007281, 748288838313571666116312964271954471382236465725501)
(1119872371156520161793941371298236531047857097320934001190768597225172777150354118570569716605065859287, 159, 1496577676626844588240573268701473812127674924007281, 748288838358604082925011709786610211849826654486727)
(1119872371088977201087419018067187601780292918564080413913269257646606419282300580863004685634692447541, 160, 1496577676626844588240573268701473812127674924007281, 748288838313472472477127514924939024780363045011461)
(1119872371418901933444907886259710340583142010707605028983294557643055064472866866365709320183393283473, 160, 1496577676626844588240573268701473812127674924007281, 748288838533925267885054758675003651679623263027233)


(1119872371088903348586812164750827527516443115669451208699712513512683994658948125240115756267856711241, 161, 1496577676626844588240573268701473812127674924007281, 748288838313423124887783999923157470943250137219161)
(1119872371088908819142412672403891236721172730698701293183431044882386373859887991818033533729286114031, 161, 1496577676626844588240573268701473812127674924007281, 748288838313426780264772408441807956412665908166751)
(1119872371088998337324966433999479205525839158449892436892395275715355174180958491862879058684232586493, 161, 1496577676626844588240573268701473812127674924007281, 748288838313486595524582729656088627730378523672653)
(1119872371089033398613133323957751159974333509319083601186787441109163943256473281065994658534958031461, 161, 1496577676626844588240573268701473812127674924007281, 748288838313510023168008438798348557329815964745781)
(1119872371089192044725548045896598726911492345167006804125766945021120013964615087586942116433129110551, 161, 1496577676626844588240573268701473812127674924007281, 748288838313616029100672285839212635942873322225671)
(1119872371088902353940339345177543216751946822027956583419312647641230746514934806586447767701727185157, 163, 1496577676626844588240573268701473812127674924007281, 748288838313422460273786107465221019039719997046997)
(1119872371088902602601957550070864294443070895438095277044182199508740288547752004861360719880190423561, 163, 1496577676626844588240573268701473812127674924007281, 748288838313422626427285580579705132015602532089881)
(1119872371088910559773740106657138780559041244571952932936697219107431801751109425832106775562715879103, 163, 1496577676626844588240573268701473812127674924007281, 748288838313427943339268720243196747243843653468463)
(1119872371088902851263575754964185372134194968848673964505980043685192559121567436437039208486311802579, 164, 1496577676626844588240573268701473812127674924007281, 748288838313422792580785053694189244991485067133059)
(1119872371088902105278721140284222139060822748617437759064579877248308098871867433963254386092566097379, 165, 748288838313422294120286634350736906063837462003859, 1496577676626844588240573268701473812127674924007281)