(989321605892418575589060332437610518982176537614013264900111433543135101671788856556134774221078390614957517459417406244448947789729649456418763361483505182341451378210111993, 3, 994646472819573284310764496293641680200912301594695434880927953786318994025066751066213, 994646472819573726022530690889724076025287487324324391751902172691058524426617074221061)
(989321605892418136242010084078588760140525396404847359656252224371588900426127468681824595562696780144173335350981583981678372850723223674273266130435483946308514602693998049, 4, 994646472819573284310764496293641680200912301594695434880927953786318994025066751066213, 994646472819573284310764496293641680200912301594695434880927953786318994025066751066573)
(989321605892418355915535208258099639561350967009430312278181828957362001048958162618754894789030361817311193629037132093338254140066035397062925028403786471675317904711090883, 4, 994646472819573284310764496293641680200912301594695434880927953786318994025066751066213, 994646472819573505166647593591682878113099894459509913316415063238688759225841912643591)
(3957286423569326778839494877954950157678521104391791467465487533471323639147435698535262805364067035209886305698521208787800596053285594078749500521373323092219368998917246497, 4, 1989292945638973859320946905519066593071126982904468733210936315819481601043957148549487, 1989292945639145464342113506097077370840886638865318477584420360310789162046257694245231)
(3957286423569670787579839342878414337158793082918571830019718615470752762259801743749519600270133865690020230457073914611240252285287084802035710847603345698548019784897830041, 4, 1989292945639146347765645895289242162489637010324576391326368798120268222849358340554913, 1989292945639145906053879700693159766665261824594947434455394579215528692447808017400057)
(989321605892418575589060332437610518982176537614013264900111433543135101671788856556492846951293437156325628508137706911818051285166406237449448143652286251135033524929693953, 5, 994646472819573284310764496293641680200912301594695434880927953786318994025066751066573, 994646472819573726022530690889724076025287487324324391751902172691058524426617074221061)
(989321605892421651018412070950762830873734526078174601607125897743958510391418571679518732936956885618770561541496624710891919096925496186102641269549464185272974412766777591, 5, 994646472819573284310764496293641680200912301594695434880927953786318994025066751066213, 994646472819576818004894053062300846795913787431727089848721705024235237237469336305707)
(989321605892650990178641714360120946215630237262777138901633085291075560626663042306185703244454941086036273668778787731994790582261919439889714860466486904264559854966804323, 5, 994646472819573284310764496293641680200912301594695434880927953786318994025066751066213, 994646472819807391546847632217311467119760738298042576497263973298270106846738023186471)
(3957286423569637836551070715955440723117359045627279245983941794369336807283633166209222678806886601632222300398032183531585676052798685473766208086887305588776566914358973633, 5, 1989292945639129341862647403340069923251192359733861551793861370287796302389670899089441, 1989292945639146347765645895289242162489637010324576391326368798120268222849358340554913)
(3957286423569664197374085617493819614350506275460313313212563251250469571264568028241152273429499473023826522460674793708555941229591160511004488405511120155696648539672158227, 5, 1989292945639142593215633241222541797982447931622730257923087937429982214436180593737779, 1989292945639146347765645895289242162489637010324576391326368798120268222849358340554913)


(989321605892421651018412070950762830873734526078174601607125897743958510391418571679876805667171933273252323400599053015738448060400917938448181083358188870678463373836832111, 7, 994646472819573284310764496293641680200912301594695434880927953786318994025066751066573, 994646472819576818004894053062300846795913787431727089848721705024235237237469336305707)
(989321605892456359435381691313481779364174681602281115872003422296108408798668213786007167042770635090515786054837952176075944525526024418719134034424590397713844598613233081, 7, 994646472819573284310764496293641680200912301594695434880927953786318994025066751066213, 994646472819611713234423426152810116921553460072414682655684998498658138959944865546437)
(989321605892456359435381691313481779364174681602281115872003422296108408798668213786365239772985695307280178488252963818167703771152093704475180633884107327739424750209950401, 7, 994646472819573284310764496293641680200912301594695434880927953786318994025066751066573, 994646472819611713234423426152810116921553460072414682655684998498658138959944865546437)
(989321605897884492241200376747355424614356172635049050391755521410794460097460124694857042485868497500616272629343090926534820234963050679952546364678022925419721711591391363, 7, 994646472819611713234423426152810116921553460072414682655684998498658138959944865546437, 994646472825030633182098730891642090356331991160457575767402521843217105179309330399399)
(3957286423569387848079479400221390132431276955577809599758218009124246927919380107671733568632145732452476256521994601811596778801532931586392538224512712292988742954026810767, 7, 1989292945639007429415177694821328675723641098356269455404976952579685911561781708325173, 1989292945639142593215633241222541797982447931622730257923087937429982214436180593737779)
(989321605897846269047828559792419248740375035649606647536781538824905290572574661387508364093222727149885800692477299108468473766767638290998943187991531406942073976384405987, 8, 994646472819573284310764496293641680200912301594695434880927953786318994025066751066213, 994646472825030633182098730891642090356331991160457575767402521843217105179309330399399)
(3957286423569052186933089677406266568630014146909282659763013550233500082913828432783014082895204355246608028931182684306240358971298400671367905258512820824864207249078336251, 9, 1989292945638973859320946905519066593071126982904468733210936315819481601043957148549487, 1989292945639007429415177694821328675723641098356269455404976952579685911561781708325173)
(989321605897846269047828559792419248740375035649606647536781538824905290572574661387866436823439738177831356235598290260996753283585403018275208095855089564806625335328189627, 10, 994646472819573284310764496293641680200912301594695434880927953786318994025066751066573, 994646472825030633182098730891642090356331991160457575767402521843217105179309330399399)
(3957286423569321067327841649783537539026312159676155284265276074619976909177776667406989815248902394585168583109963360637111548002974624287261053137678273081731990605482969373, 10, 1989292945638973859320946905519066593071126982904468733210936315819481601043957148549487, 1989292945639142593215633241222541797982447931622730257923087937429982214436180593737779)
(3957286423569353579009560028286176301605045020838802779965787279576003102512504658063467629608493353813998454142812865403719225516179310852496402625472251047607457871617377033, 10, 1989292945638990202656296105574115238573008854900740137436982415294844225901319105283027, 1989292945639142593215633241222541797982447931622730257923087937429982214436180593737779)


(3957286423569084698614808053699878013291393005340527415731135448084174515545256212812780953699891559289435894325617243012261626133546519112967129190851687220537368892313738671, 11, 1989292945638990202656296105574115238573008854900740137436982415294844225901319105283027, 1989292945639007429415177694821328675723641098356269455404976952579685911561781708325173)
(3957286423569017917863170308377790856716760478615465560561744797125419703095874246018480667902726118421319243159397520279926582507565448691856483542735310550218730931650657149, 12, 1989292945638990202656296105574115238573008854900740137436982415294844225901319105283027, 1989292945638973859320946905519066593071126982904468733210936315819481601043957148549487)
(989321605949526882242068155701422671584941040439623435317485992390330918344461063783228999474200632920283537190594457328201155843657861663306673587670447877417184133161950009, 13, 994646472819573284310764496293641680200912301594695434880927953786318994025066751066213, 994646472876989409095452165361904109521616960279468786900259395806548004744597208039493)
(989321605954955015048199971239043261009054134744129133803685141331763282262222830639888394880696602783469459387963367083483181557578801300262552685327026168184483663455464707, 13, 994646472876989409095452165361904109521616960279468786900259395806548004744597208039493, 994646472825030633182098730891642090356331991160457575767402521843217105179309330399399)
(989321605949565105435441969376191833161622371010606194991164610436296488207742753278793822333680020156483462973607815023185701578726535833877894943900608263505487122921436441, 14, 994646472876989409095452165361904109521616960279468786900259395806548004744597208039493, 994646472819611713234423426152810116921553460072414682655684998498658138959944865546437)
(989321606025444954161741356459172068672207929398168432012669921099935038464205208534455068092146421996270091378269793742214268092250255740849578421693522224067825679969814619, 14, 994646472876989409095452165361904109521616960279468786900259395806548004744597208039493, 994646472895899973229775212841434142672068417154370347048519145515323555917032117501983)
(989321614338381017301586515998305930382254901587350076100084734776181287741496450687802210140558023068630904135914860114224655876039279013980311024558562373037573627801798409, 14, 994646481253579098250840066402302665364405085554656090406450896215097285759733975745013, 994646472876989409095452165361904109521616960279468786900259395806548004744597208039493)
(989321605949526882242068155701422671584941040439623435317485992390330918344461063783587072204436349107557899970124742807628937949358470426590766970160805159125239128056167489, 15, 994646472819573284310764496293641680200912301594695434880927953786318994025066751066573, 994646472876989409095452165361904109521616960279468786900259395806548004744597208039493)
(989321614281272270817280514127507348386298354397556898558492925027880949970836768442907412739171353171314058873042160810416002036253622922205516857833356655171546098767545769, 15, 994646472819573284310764496293641680200912301594695434880927953786318994025066751066213, 994646481253579098250840066402302665364405085554656090406450896215097285759733975745013)
(989321614281272270817280514127507348386298354397556898558492925027880949970836768443265485472422641646684361296946989769947187867053299114751839180470791678045050330035750449, 15, 994646472819573284310764496293641680200912301594695434880927953786318994025066751066573, 994646481253579098250840066402302665364405085554656090406450896215097285759733975745013)


(989321605968336208157300902140962200353598487250358735417949044626298647599798758168318911766057544595961179081622764097432409796975885353571780173261004921461397463391800379, 17, 994646472819573284310764496293641680200912301594695434880927953786318994025066751066213, 994646472895899973229775212841434142672068417154370347048519145515323555917032117501983)
(989321772792413419413458890481849306691789626368265896075851085439396523928259394438440889923921328789252265860766778230778353584922356559047141466453559706615615820748829211, 17, 994646472819573284310764496293641680200912301594695434880927953786318994025066751066213, 994646640617881370652057371548534162839362936133261874106295857933544406541633134264447)
(989321614281310494010976231127963241363850836940652182312804894343289992743961827717732069489407858107705747290103626082377023193257000623330140450902714686945533212422668681, 18, 994646481253579098250840066402302665364405085554656090406450896215097285759733975745013, 994646472819611713234423426152810116921553460072414682655684998498658138959944865546437)
(989321772792451642613278806088289928327097355117655766989492612093670018260255603754133303855958117999424716800953935167189682425925315169234914908264481448087834702716625339, 18, 994646472819611713234423426152810116921553460072414682655684998498658138959944865546437, 994646640617881370652057371548534162839362936133261874106295857933544406541633134264447)
(989321614286700403669126301950870081003090559224479091484060521486257081717504668894454712863103898498303832786803566691422039104107873921706149667433161051591522049872447187, 19, 994646481253579098250840066402302665364405085554656090406450896215097285759733975745013, 994646472825030633182098730891642090356331991160457575767402521843217105179309330399399)
(989321772792413419413458890481849306691789626368265896075851085439396523928259394438798962714543766082687006514524250529400524241930330833725407975309635692970603749084030131, 19, 994646472819573284310764496293641680200912301594695434880927953786318994025066751066573, 994646640617881370652057371548534162839362936133261874106295857933544406541633134264447)
(989321772797841553135011273442468620533479151640815955133794324675592184523813027705173704910368476265205406920461838376347087622645248224691553342457860605014766582595867353, 19, 994646640617881370652057371548534162839362936133261874106295857933544406541633134264447, 994646472825030633182098730891642090356331991160457575767402521843217105179309330399399)
(989321772849522175047845557849520842051476699400645960962640314394193046821285440329494873139245056171614312124109146576811264229058801791087330543105172794933087235481805371, 20, 994646472876989409095452165361904109521616960279468786900259395806548004744597208039493, 994646640617881370652057371548534162839362936133261874106295857933544406541633134264447)
(989321781181268969200635290041228044308839219294974072700751121253785539808385873664421775605798005731591575393856191763550223389619913318785084568369684763633746744583452811, 20, 994646481253579098250840066402302665364405085554656090406450896215097285759733975745013, 994646640617881370652057371548534162839362936133261874106295857933544406541633134264447)
(1024193245402007715976691918495048217428675985953689908476709263891121122302699187560593203501171859140491453686033190563829354433595118373371622250178177582372278249784951529, 20, 994646481253579098250840066402302665364405085554656090406450896215097285759733975745013, 1029705794677109855575717590217468843180835630913940436164998332935617335603226442989733)


(993336817343702941373248553737707313316277043399066086630367628724865640812506924146569887955918441386032235504765652952372145091687260411565307587534084621215069161677393157, 21, 994646472819573284310764496293641680200912301594695434880927953786318994025066751066213, 998683295510858447889931817558497301034533736506605070975577519032735072537773611155489)
(989535896893650570771064451373293419571782131099727569720895715729825725688407150710547198080467059870714368317372268093406980872325183859297280209914992920820735391796590407, 22, 994861917208157644152789241376097456001214558840335364915465092540524909276813544390811, 994646472819611713234423426152810116921553460072414682655684998498658138959944865546437)
(989535896893612339298396882485216398364853373264071676630142339418387932362296205364095468001728064310330955440208627024214714842506875946753612906679688340091214115790460703, 23, 994646472819573284310764496293641680200912301594695434880927953786318994025066751066573, 994861917208157644152789241376097456001214558840335364915465092540524909276813544390811)
(989535896950733455280354074452292721275635576099118703620061839767782005824299496919351606464580224376811848625016130021363468954024591909761139329590622523295128764314298823, 24, 994646472876989409095452165361904109521616960279468786900259395806548004744597208039493, 994861917208157644152789241376097456001214558840335364915465092540524909276813544390811)
(993336817401043466088683113020029404442048047126971894419956119035079427829782356182387452357448371299935357435284823771226882330074448235676177324950298216145056500075727077, 24, 994646472876989409095452165361904109521616960279468786900259395806548004744597208039493, 998683295510858447889931817558497301034533736506605070975577519032735072537773611155489)
(993336984921070242186898644502195391491656154615066174981225565148812848881353572637457402292097629436634825276042452805405047178516618541709736003700298264575486521761599583, 24, 998683295510858447889931817558497301034533736506605070975577519032735072537773611155489, 994646640617881370652057371548534162839362936133261874106295857933544406541633134264447)
(1024193236776584773420858595835201392184869557551237542709976309248994144672868751302743143906711152794529432659134574695978645589785347800636836354111684319836586378457525369, 24, 994646472876989409095452165361904109521616960279468786900259395806548004744597208039493, 1029705794677109855575717590217468843180835630913940436164998332935617335603226442989733)
(989535896893612339298396882485216398364853373264071676630142339418387932362296205363737317711533127558435951313313231940054277601324355215384045473365099372751561239809768743, 25, 994646472819573284310764496293641680200912301594695434880927953786318994025066751066213, 994861917208157644152789241376097456001214558840335364915465092540524909276813544390811)
(993336817343702941373248553737707313316277043399066086630367628724865640812506924146929413942302350427272610959086711980744577236829638237116515494385869247328667661693369197, 25, 994646472819573284310764496293641680200912301594695434880927953786318994025066751066573, 998683295510858447889931817558497301034533736506605070975577519032735072537773611155489)
(1024193236717463057022161676554579740377059455745893798664221879458390426558434840848884506157400668467272095143159729279185862101448650924933344913949747573937765137162191129, 25, 994646472819573284310764496293641680200912301594695434880927953786318994025066751066213, 1029705794677109855575717590217468843180835630913940436164998332935617335603226442989733)


(989535905284283533099568568289080602296989553758356552486767283854881746688224279460830501602099638609872366559622779917374184714020503743206044866628438697051483650956275543, 26, 994646481253579098250840066402302665364405085554656090406450896215097285759733975745013, 994861917208157644152789241376097456001214558840335364915465092540524909276813544390811)
(993336817343741319697371189005930015247861274542726939612259410490193224269665630022222026739075454810199818685014028775878569910165500937014158814083124613023780872956942693, 26, 998683295510858447889931817558497301034533736506605070975577519032735072537773611155489, 994646472819611713234423426152810116921553460072414682655684998498658138959944865546437)
(993336825766603661996663276246916454124275167942244380949511263902019289500191994344857905247393796342044249762096819607523821908257129302573169040506534597213332406559326357, 26, 994646481253579098250840066402302665364405085554656090406450896215097285759733975745013, 998683295510858447889931817558497301034533736506605070975577519032735072537773611155489)
(1024193236717502627507536480913353711963946296807835822241713066055293792883724628942343683243708191488462730293147146379022286229989830529401631950796242292383688899025731321, 26, 1029705794677109855575717590217468843180835630913940436164998332935617335603226442989733, 994646472819611713234423426152810116921553460072414682655684998498658138959944865546437)
(1024193409500353230542731365847779629910114817137158813770430206942233767558762790439997575518445981121976100425786298994242125016300465566533144697854673960065837782527922651, 26, 1029705794677109855575717590217468843180835630913940436164998332935617335603226442989733, 994646640617881370652057371548534162839362936133261874106295857933544406541633134264447)
(1024415081052819039328114435929480322118487780502975981692740614198985807364431483077353237814965978119545045910733508277607128680042296224076431092923153822231476755012543463, 26, 994861917208157644152789241376097456001214558840335364915465092540524909276813544390811, 1029705794677109855575717590217468843180835630913940436164998332935617335603226442989733)
(1024193236717463057022161676554579740377059455745893798664221879458390426558434840849255200243484428015279353475638018062730962928577669481952744313806569814754926656638495009, 27, 994646472819573284310764496293641680200912301594695434880927953786318994025066751066573, 1029705794677109855575717590217468843180835630913940436164998332935617335603226442989733)
(989536063829758826360997532696468898803241306060199303258416794761383276026800603437750892828320571556318526155597750987979548297950334915194113984831671118834594105190796517, 30, 994861917208157644152789241376097456001214558840335364915465092540524909276813544390811, 994646640617881370652057371548534162839362936133261874106295857933544406541633134264447)
(1028349976434763435695348921663164139184645279786121369013258614798554650061899186147198738412107987143584726496369130194981615829409952029475034527371956408660427729893594437, 30, 1029705794677109855575717590217468843180835630913940436164998332935617335603226442989733, 998683295510858447889931817558497301034533736506605070975577519032735072537773611155489)
(1978514930303108101062628095083414068142612453594439781546246555182554990522727213080034672704513307995326285043574655122382842416068101882018515175636085303490201971870328761, 30, 994646472819573284310764496293641680200912301594695434880927953786318994025066751066573, 1989163973702650855129655910453207468402864869315302661858656835432206543592039691321757)


(1978514947079728620150928997374481915776028505365368953258820101925916777240901764173847274009765461951967257287405176010067932701044517404438067479865578836532716144771147841, 31, 994646481253579098250840066402302665364405085554656090406450896215097285759733975745013, 1989163973702650855129655910453207468402864869315302661858656835432206543592039691321757)
(993551978055693691831706307041890879314240722865124478408086498383487797553661807372659709341381266794094679020827647481208016781842779812431717155390490182689687892303811579, 32, 994861917208157644152789241376097456001214558840335364915465092540524909276813544390811, 998683295510858447889931817558497301034533736506605070975577519032735072537773611155489)
(1986673634687266926745363428055987602397507732657291153843540875195958996693921982192094640382638028888648496431075933782377519573310773218942396542163319150062922455475824597, 32, 1989292945639007429415177694821328675723641098356269455404976952579685911561781708325173, 998683295510858447889931817558497301034533736506605070975577519032735072537773611155489)
(1978943484519216504315523375696924303586700637953856128783986039094986752837242475376216856316512113987900345530983071442442797778143528121821062466523860796303223281955174927, 33, 994861917208157644152789241376097456001214558840335364915465092540524909276813544390811, 1989163973702650855129655910453207468402864869315302661858656835432206543592039691321757)
(1986673634687401912575036145206288140225838476679822429848815417956766359198411223547241774887305642696794799954138997631328719425737167618933799957481616168044684289662518931, 33, 998683295510858447889931817558497301034533736506605070975577519032735072537773611155489, 1989292945639142593215633241222541797982447931622730257923087937429982214436180593737779)
(1978514930303108101062628095083414068142612453594439781546246555182554990522727213079318573673980353687479608915811500433757811063114592923749398714880490947797067682994496241, 34, 994646472819573284310764496293641680200912301594695434880927953786318994025066751066213, 1989163973702650855129655910453207468402864869315302661858656835432206543592039691321757)
(1978514930417318187993944677629539991769242323308018395350496717571233018324910515119169182911685340650992357307560381624922683163032826869932710521041408332470515383826149201, 35, 994646472876989409095452165361904109521616960279468786900259395806548004744597208039493, 1989163973702650855129655910453207468402864869315302661858656835432206543592039691321757)
(2048386473434748274276719347312830482013052763730645859181328196165180666528498335209388486138311088730292939916536637750388447277197923204187812782926882323156344440583416971, 35, 1989292945638973859320946905519066593071126982904468733210936315819481601043957148549487, 1029705794677109855575717590217468843180835630913940436164998332935617335603226442989733)
(2048386473434765103103832769856217113607475903032851087599341689315587845310518130146275356167534919704170204963003544583138904483259982669926177352163169693539042229020161791, 35, 1989292945638990202656296105574115238573008854900740137436982415294844225901319105283027, 1029705794677109855575717590217468843180835630913940436164998332935617335603226442989733)
(2048386473434922020545836304382389759555475445175034974199737774096411539359081082929334872395320418814449977661783530408821307963183768431323383990293319469417234734191223007, 35, 1029705794677109855575717590217468843180835630913940436164998332935617335603226442989733, 1989292945639142593215633241222541797982447931622730257923087937429982214436180593737779)


(2048386473434782841597276647672219238801597590405445787823734290203854871594268724808126288777868179072511017674014565326538221534811599032652656522872195075407783350264448809, 36, 1989292945639007429415177694821328675723641098356269455404976952579685911561781708325173, 1029705794677109855575717590217468843180835630913940436164998332935617335603226442989733)
(1978482172630708726085200407381538010135778478820785238126420559454529918111345209451709242638474800709738492489970112716088432615443356636374287426081045197374506254555389799, 37, 994646472819573284310764496293641680200912301594695434880927953786318994025066751066573, 1989131039717265560199599577013197000875814698567117263319868609659280589647583744360963)
(1978515264081457394670925930959195054641190294628921368916194689941312009516472996106093651454275813050346583665935534361848809286864012992827921924746792737621966547402673379, 37, 994646640617881370652057371548534162839362936133261874106295857933544406541633134264447, 1989163973702650855129655910453207468402864869315302661858656835432206543592039691321757)
(1986673634687233400853026413338919494963020358324897765031773341699810762869277595450287320862100810437236096624103869542180737149996040343676510157360732677508889258368184143, 37, 1989292945638973859320946905519066593071126982904468733210936315819481601043957148549487, 998683295510858447889931817558497301034533736506605070975577519032735072537773611155489)
(2351579905247483865779172420330845736093536367946348263013290565487823844172787102914232789534694888564264071847844143077332076307567878798066089401378746048712513816415442169, 37, 1989163973702650855129655910453207468402864869315302661858656835432206543592039691321757, 1182195101226485699563940429713447307404175351713293503577868303767538689324967111163917)
(1977005605453827190211993265434672875832004079302230448989660832867636486937507863548514899592399653656946471785695790241988939288349945188188715104144880923668015799817227183, 38, 994861917208157644152789241376097456001214558840335364915465092540524909276813544390811, 1987216086230158683699817764583398155725233321321826284236864130622579064505614496432253)
(1978643545584822884702798479349239238731650867003836288264084081914557858787691594809600871530502032739957810358514021148818437504509194147144897530140260951452663441560443213, 39, 1989292945639142593215633241222541797982447931622730257923087937429982214436180593737779, 994646640617881370652057371548534162839362936133261874106295857933544406541633134264447)
(1979071793787069116052836070874119400094617318093405581373770940741960016018347874489892605624596648673416881592946111116730560037089910975928120760027690996567247772453064897, 39, 1989292945638990202656296105574115238573008854900740137436982415294844225901319105283027, 994861917208157644152789241376097456001214558840335364915465092540524909276813544390811)
(1979071793787220723616862637154424829018645150889972053975034329563178851621891278450078096760649000983800719461155887219675483527710148433885026398342855019707985698031148769, 39, 994861917208157644152789241376097456001214558840335364915465092540524909276813544390811, 1989292945639142593215633241222541797982447931622730257923087937429982214436180593737779)
(1986673634687249722669032591556439494635073422144615599058554904059777666178643941627859225520690868766968821561429234523246780468595823316418187093660607975456813161849585203, 39, 1989292945638990202656296105574115238573008854900740137436982415294844225901319105283027, 998683295510858447889931817558497301034533736506605070975577519032735072537773611155489)


(1978643545584655054101290344157741336838690494793871567700738528099242056088581802182811427680048610463873239669278919957040245161646256512644057445734236101555533964724188689, 41, 1989292945638973859320946905519066593071126982904468733210936315819481601043957148549487, 994646640617881370652057371548534162839362936133261874106295857933544406541633134264447)
(1979071793787052856690896989852753310615808536025368017645519504839394517707243219571715568244821208843445136396019152812619498256803421265834224476914244731390893033701563957, 41, 994861917208157644152789241376097456001214558840335364915465092540524909276813544390811, 1989292945638973859320946905519066593071126982904468733210936315819481601043957148549487)
(1978643211898915370163300089476956999530173815018792051126825264269407187183936700082968551507249600032950286059794549963383214246114118123431549837780581334395616923870057289, 42, 994646472876989409095452165361904109521616960279468786900259395806548004744597208039493, 1989292945639007429415177694821328675723641098356269455404976952579685911561781708325173)
(1979071793787086254299204291410153926842550899192147878276522454260880406130052781023960077696048746476652331424656198247709595481066128827485019532151678653493913755381185303, 42, 994861917208157644152789241376097456001214558840335364915465092540524909276813544390811, 1989292945639007429415177694821328675723641098356269455404976952579685911561781708325173)
(1978643228562389012777454317701435546036348676378381263220130250772373381071716399148034488511922701492685099203849682602228680764768198987326456123065167153232053326548794351, 43, 1989292945638990202656296105574115238573008854900740137436982415294844225901319105283027, 994646481253579098250840066402302665364405085554656090406450896215097285759733975745013)
(1978643228562406147312559294287846808405596340966665355937580443913763641625186253305005289815843841340252722601392173430542063753800775934815956642995024833856951717137112249, 44, 994646481253579098250840066402302665364405085554656090406450896215097285759733975745013, 1989292945639007429415177694821328675723641098356269455404976952579685911561781708325173)
(1978643211898881979787479286726583938842498169922301364515335896780977493970035454086984061730787696278190075842735715890979654713453772914287988669844400025566269699960890091, 45, 994646472876989409095452165361904109521616960279468786900259395806548004744597208039493, 1989292945638973859320946905519066593071126982904468733210936315819481601043957148549487)
(1978643211899049810360683847919248533351604701854662447220453507051768846703065401066776496627746854620525375341273893180643464370429194729409118718205203718776607709518106047, 45, 994646472876989409095452165361904109521616960279468786900259395806548004744597208039493, 1989292945639142593215633241222541797982447931622730257923087937429982214436180593737779)
(1978643228562372756936457288632276143275780379204880970129215964971567236444065511869667381929104270053641728904873390198667234784072716856451876457797502078523889833123958331, 45, 994646481253579098250840066402302665364405085554656090406450896215097285759733975745013, 1989292945638973859320946905519066593071126982904468733210936315819481601043957148549487)
(1978643545584671309944891917461629877074396080583841972572057338285542277815982488903846431086381311174756259435875639109534874933363998094541042171245015332410004451398641069, 45, 1989292945638990202656296105574115238573008854900740137436982415294844225901319105283027, 994646640617881370652057371548534162839362936133261874106295857933544406541633134264447)


(1978643211795554143774828127161793722764611471869163215771071071735384277692977817697137458987253954024272982564211025002461124963843897664108690992996080802071245287455771027, 47, 1989292945639007429415177694821328675723641098356269455404976952579685911561781708325173, 994646472825030633182098730891642090356331991160457575767402521843217105179309330399399)
(1978643228562540587511075264427381328533539555428586698797574267023133378275488185926209892064359330242624005609434796930491009428506755114437700564093470652020160023888946127, 47, 994646481253579098250840066402302665364405085554656090406450896215097285759733975745013, 1989292945639142593215633241222541797982447931622730257923087937429982214436180593737779)
(1978643211795520753399009068672424189817225651054293990288565063959205233050549137106950980469168068753229506648519811996784521720764024397897742033184766205609426987226558313, 48, 1989292945638973859320946905519066593071126982904468733210936315819481601043957148549487, 994646472825030633182098730891642090356331991160457575767402521843217105179309330399399)
(1978643211795688583972204862658465789631717539886926149950634734623684115332230136915495516672712195286925415808448560863631885685934460405814256953675473995514441136345194821, 48, 1989292945639142593215633241222541797982447931622730257923087937429982214436180593737779, 994646472825030633182098730891642090356331991160457575767402521843217105179309330399399)
(1978643211784697878163191935065323485160941311922434567496853559706124408468917756812462176091544357009648595660832461896603437672482725404836404363206404697143990876257679849, 49, 994646472819573284310764496293641680200912301594695434880927953786318994025066751066213, 1989292945639007429415177694821328675723641098356269455404976952579685911561781708325173)
(1978643211898898235628339414381370823650971839245592882997245194110870897245224218585665951596660577720215000704490405244138003934002604032331470050039054252428749413558585311, 49, 1989292945638990202656296105574115238573008854900740137436982415294844225901319105283027, 994646472876989409095452165361904109521616960279468786900259395806548004744597208039493)
(1978643211936516887458801950291835919350547288631752666049252415771542352283918460724056686154084828488107587278339547669908699480018943024190217016248436061847002405448742541, 49, 1989292945638990202656296105574115238573008854900740137436982415294844225901319105283027, 994646472895899973229775212841434142672068417154370347048519145515323555917032117501983)
(1978643211784664487787373059779669813195454580025825768963553662668613113798652278330475819387930364739466925376942555074448578497421093305768269458457726203361536483644182731, 50, 994646472819573284310764496293641680200912301594695434880927953786318994025066751066213, 1989292945638973859320946905519066593071126982904468733210936315819481601043957148549487)
(1978643211784664487787373059779669813195454580025825768963553662668613113798652278331191964848360395328822466262929419047954184211266702049724206532152739579737361057121998051, 50, 994646472819573284310764496293641680200912301594695434880927953786318994025066751066573, 1989292945638973859320946905519066593071126982904468733210936315819481601043957148549487)
(1978643211784774324549935144188139584770129438504010074773248292490142668980653347690593684603790119024338468074474222514705899014538578449191765643906178321636882938727558601, 50, 1989292945639007429415177694821328675723641098356269455404976952579685911561781708325173, 994646472819611713234423426152810116921553460072414682655684998498658138959944865546437)


(1978643211784697878163191935065323485160941311922434567496853559706124408468917756813178321551974399684238059630968140219863948467890982408782196066135091625306232291254742129, 51, 994646472819573284310764496293641680200912301594695434880927953786318994025066751066573, 1989292945639007429415177694821328675723641098356269455404976952579685911561781708325173)
(1978643211784740934174116267612423324386558916988956221027922419602023191854088541116060714334991254693037181338026633210958138589786801911242651835077959934985056416191027819, 51, 1989292945638973859320946905519066593071126982904468733210936315819481601043957148549487, 994646472819611713234423426152810116921553460072414682655684998498658138959944865546437)
(1978643211784757190014975457524285187994349828779179807719725805087028726770968775896404364440517763206204394289583267933429666010523897773516040408546272935401248239896424799, 51, 1989292945638990202656296105574115238573008854900740137436982415294844225901319105283027, 994646472819611713234423426152810116921553460072414682655684998498658138959944865546437)
(1978643211784908764747311147242997159472400222498832170116270885960728984779716911003820511706592855966332911676846829095355117442674222255806097899224958876597322655125743423, 51, 1989292945639142593215633241222541797982447931622730257923087937429982214436180593737779, 994646472819611713234423426152810116921553460072414682655684998498658138959944865546437)
(1978643211784680743628232249063474890336546804764964262986344402015822559888123629698058974139257407934327336440272691419478885109504768678087125020740657149438939131283956471, 52, 994646472819573284310764496293641680200912301594695434880927953786318994025066751066573, 1989292945638990202656296105574115238573008854900740137436982415294844225901319105283027)
(1978643211784704907715995908317996229952590794826487487706177213295459420929767006548249375159498620307612953548090426034812201366627592919102132572899506939743105102091662311, 52, 1989292945639007429415177694821328675723641098356269455404976952579685911561781708325173, 994646472819576818004894053062300846795913787431727089848721705024235237237469336305707)
(1978643211795537009239868347147511988752137169082585586905048251955502925836994678973862785906587780537150337818629027813134425957867193550154260236090896442094981072845700773, 52, 1989292945638990202656296105574115238573008854900740137436982415294844225901319105283027, 994646472825030633182098730891642090356331991160457575767402521843217105179309330399399)
(1978643211784687773181036222255273538397034439157076037214701312643059908567005941991376467034086889219077080072389345083036659843899976495278675910958304645688073478830335089, 53, 1989292945638990202656296105574115238573008854900740137436982415294844225901319105283027, 994646472819576818004894053062300846795913787431727089848721705024235237237469336305707)
(1978643211784680743628232249063474890336546804764964262986344402015822559888123629697342828678827371461371069842266009933592601921740502228609811351234513228114464253382066751, 54, 994646472819573284310764496293641680200912301594695434880927953786318994025066751066213, 1989292945638990202656296105574115238573008854900740137436982415294844225901319105283027)
(1978643211784832318360567932925981690706190521927201572117771566199261989641302446489909216997681688961842978356979900239422032549955005520704440611351839773045891139188560927, 54, 994646472819573284310764496293641680200912301594695434880927953786318994025066751066213, 1989292945639142593215633241222541797982447931622730257923087937429982214436180593737779)


(1978643211784840446280997527567396456065749760510617444562011753637593494226246720431383029684295052511703021151013066985424096280324734172313663442568904515059055665378029469, 56, 1989292945639146347765645895289242162489637010324576391326368798120268222849358340554913, 994646472819575492869595469274053659322788230242840219235799048310016646032818366841213)
(1978643211784867685798112925760896120764892554348198003115333120511573479385413533453390916941911598695800746979512634329166015681621225572370686740364763837970358061945189829, 56, 1989292945639142814071516338520582995894635524487544736358575046882351979636955755315733, 994646472819590952781412280136937513175919730779853709719896709975900210087079677264113)
(1978643211785084942914460737061691242008539320339822504931511871584009794140975652462972547808595552384139741819417897260475076076176737056846020501480257579522870482588146813, 56, 1989292945639129341862647403340069923251192359733861551793861370287796302389670899089441, 994646472819706902120038361608566417074405984807454888350629172470026940494039505436893)
(1978643211784832538034093057105492570127016092531784524739701170785035090264133140428486650783004482642161458085433706842272036542405968275631735090941783589489460992117293009, 57, 994646472819573284310764496293641680200912301594695434880927953786318994025066751066573, 1989292945639142814071516338520582995894635524487544736358575046882351979636955755315733)
(1978643211784836052810495043977520308896929160069265754320428289486822734691486822902714408804819800518744566136849397247764673267411018204897412427235261418998351515504084687, 57, 1989292945639145906053879700693159766665261824594947434455394579215528692447808017400057, 994646472819573505166647593591682878113099894459509913316415063238688759225841912643591)
(1978643211784836052810495043977666640860225222205111766690574844157404700229424243426226541895014289759966866083214972388749025289382928173254038666375584349735538803425223149, 57, 994646472819573284310764496293641680200912301594695434880927953786318994025066751066573, 1989292945639146347765645895289242162489637010324576391326368798120268222849358340554913)
(1978643211784862852980560193163845171995062925657076282794084292958203829234177612853116531640294518123368828375845081929954629131394943998238242951702084369671106304501924011, 57, 994646472819600007872619269356626627575611038237247325574868197523060583318861301940347, 1989292945639119845059674219524298413027125866546838979067915663835896398756338951258513)
(1978643211784832318360567932925981690706190521927201572117771566199261989641302446490625362458111780295400606323820015286695713805339188413556752268826633370242916152934161367, 58, 994646472819573284310764496293641680200912301594695434880927953786318994025066751066573, 1989292945639142593215633241222541797982447931622730257923087937429982214436180593737779)
(1978643211784836492157545292336395735775284239142585647194140943987786970399210790254777644686433418825485399088323602384894305323011964603569853974747450314026292907692000477, 58, 1989292945639145906053879700693159766665261824594947434455394579215528692447808017400057, 994646472819573726022530690889724076025287487324324391751902172691058524426617074221061)
(1978643211784839567586897030836573280254591384895067220414827560730342768088389219032723508453116866440426568753642794299186238684090678003581418353292379998801418953594788231, 58, 994646472819576818004894053062300846795913787431727089848721705024235237237469336305707, 1989292945639142814071516338520582995894635524487544736358575046882351979636955755315733)


(3957286423569665076068186114210985140254032185063569049479402341570070180528266280855045676701684635897487616838840968761522171261583505701732010961454568110710711857333640741, 232, 1989292945639146568621528992587283360401824603189390869761855907572637988050133502132177, 1989292945639142814071516338520582995894635524487544736358575046882351979636955755315733)
(3957286423569671226926889591237289764037148161991891722893431269971716997967525711101173041804945819940113964190205328836436840405021472029210341111797135682931712725501334089, 232, 1989292945639146568621528992587283360401824603189390869761855907572637988050133502132177, 1989292945639145906053879700693159766665261824594947434455394579215528692447808017400057)
(3957286423569672105620990087955333281720450444410223533381149688314809400458848486850525458925704246708948821293894669122045592315761341823312825967372628791530049374852735601, 232, 1989292945639146568621528992587283360401824603189390869761855907572637988050133502132177, 1989292945639146347765645895289242162489637010324576391326368798120268222849358340554913)
(3957286423569361487256464498126949780673093609529928525972688804031645119776247259394190323414190634362280721954244065172780524638610720162997814081060610243979500049548659779, 233, 1989292945639146568621528992587283360401824603189390869761855907572637988050133502132177, 1989292945638990202656296105574115238573008854900740137436982415294844225901319105283027)
(3957286423569619383974960284872722220722313499310314904118044587729265250979481941879354395234177341873004888949894343849095281671294624193563980858676946815857177563022472801, 233, 1989292945639146568621528992587283360401824603189390869761855907572637988050133502132177, 1989292945639119845059674219524298413027125866546838979067915663835896398756338951258513)
(3957286423569656289127181147030549963421009360880250944602218158139146155615038523359719206085351301417967940534663487180910599063695219632702920953438827007553924410887873259, 233, 1989292945639146568621528992587283360401824603189390869761855907572637988050133502132177, 1989292945639138396953854392559759037650883667191255167648832857834956675621452523766267)
(3957286423569666833456387107647072175620636749900232670454839178256254985510911832353945461651874125798882240887493203102059053894175805595173642551547672850736298239245397111, 233, 1989292945639146568621528992587283360401824603189390869761855907572637988050133502132177, 1989292945639143697495048727712747787543385895946802650100523484691831040440056401625543)
(3957286423569671666273939839596311522878799303201057628137290479143263199213187098975538920665805326459826434219206382775018531722293861950578734018003550711095060223844415233, 233, 1989292945639146568621528992587283360401824603189390869761855907572637988050133502132177, 1989292945639146126909762797991200964577449417459761912890881688667898457648583178977329)
(3957286423569664636721135865851963381412381043854403144235543132398523979282604892979323100051899231417975264036895387571146435564935951207186032326283613974697173310536414883, 235, 1989292945639146568621528992587283360401824603189390869761855907572637988050133502132177, 1989292945639142593215633241222541797982447931622730257923087937429982214436180593737779)
(3957286423569670348232789094519246246353845879573559912405712851628624595476202935351880303472556567568337752956293607051640143232377283961200711933448821713974880081213897887, 235, 1989292945639146568621528992587283360401824603189390869761855907572637988050133502132177, 1989292945639145464342113506097077370840886638865318477584420360310789162046257694245231)


(3957286423568756945715322756113009614561123305717642910422416983984072205746177543717962723129820855938575244979710334183763526088357686682365033342600180279775213630273865353, 236, 1989292945639146568621528992587283360401824603189390869761855907572637988050133502132177, 1989292945638686304961154223469426911402881072916017810206719808834047309634696774680889)
(3957286423569654531738980153594462928054404796043587323626781321452961350632392971859777031631646898714615635293895516359523160339031678923506076867777659961790068073858856141, 236, 1989292945639146568621528992587283360401824603189390869761855907572637988050133502132177, 1989292945639137513530322003367594246002133295731997253906884420025477614818351877455933)
(3957286423569189702559817389749442073587497396746059575623738017957080432722644600360033246315108902337525553012229033649686327022033685141122903021525967039815485267021650431, 237, 1989292945639146568621528992587283360401824603189390869761855907572637988050133502132177, 1989292945638903848006005062040006854907660044758279069161522619418266032398230928490703)
(3957286423569535908035413096658588040808596669568792907784794845135487014303818245673448562558327874892568870124342414479143866627067929734714061828668792723696026395961458641, 237, 1989292945639146568621528992587283360401824603189390869761855907572637988050133502132177, 1989292945639077882441885732896470809711483222232088076325364867885641010609058251538433)
(3957286423569638275898120964310657850913312571304448829603990582105751904542921620493463045779637576773533526863918179830935828447462456452284473656690748944509818981327043057, 237, 1989292945639146568621528992587283360401824603189390869761855907572637988050133502132177, 1989292945639129341862647403340069923251192359733861551793861370287796302389670899089441)
(3957286423569395756326383870130646970321882623844869134993707119412248816937835513624429018239624601169372812075654412952951688711474739715276969465220467602309098107142391621, 238, 1989292945639146568621528992587283360401824603189390869761855907572637988050133502132177, 1989292945639007429415177694821328675723641098356269455404976952579685911561781708325173)
(3957286423569650577615527918363267098479544525161094176432048438909045539421440480987130173977563738922507507151383871166650462202602856624772051651752457060467415504176275423, 238, 1989292945639146568621528992587283360401824603189390869761855907572637988050133502132177, 1989292945639135525827374127685223464792444959948666947987500434954149728011375423258799)
(3957286423567521941157074618902845510679765366752283269934180002767700504192016227756881907577290800318387268693977581009800044265449616521762902321012614328110926470932585053, 239, 1989292945639146568621528992587283360401824603189390869761855907572637988050133502132177, 1989292945638065479073767718675619580243557529922518928052455138222637330255717580406989)
(3957286423569328975574746119559339626390909160051651537927107325337226227597304556660456304832396624987962934974410862567222446376098973896967015774276401488063127637299543199, 239, 1989292945639146568621528992587283360401824603189390869761855907572637988050133502132177, 1989292945638973859320946905519066593071126982904468733210936315819481601043957148549487)
(3957286423569456825566368392034671449311391251918929963890137194257170790084768428216035500348976599271007867040788123060785798541315354303069381716126299224130174622512446031, 240, 1989292945639146568621528992587283360401824603189390869761855907572637988050133502132177, 1989292945639038128382928219249055185517716506565481957937685166459083274469529167593503)


(3957286422924507218172134053786279394160677009017511420155272012065489592800225747668823825651300222403550469053439101626894347092921494180340171850249281414218234268800234917, 241, 1989292945639146568621528992587283360401824603189390869761855907572637988050133502132177, 1989292945314827655104938321817632437760455966261129580619161042857752196953262801289621)
(3957286423569370274197469465307384957506116433713246630849872987462569144689475016887802023511383024499648640266811308496725724028549751302292184296748737401437072417156490687, 241, 1989292945639146568621528992587283360401824603189390869761855907572637988050133502132177, 1989292945638994619773958051534939196816760712197029706146724604342239529916822336831631)
(3957286423261830853800020136948369872440479147252903171354326578494066791683253785269883925513088385201514007654835134578533408256864974271754506793990065016561639894932247677, 242, 1989292945639146568621528992587283360401824603189390869761855907572637988050133502132177, 1989292945484397268452914201080730248799256084980640692654004821125557108909919399051501)
(3957286421826170786191804132879720144064885120105181044446346997742155727772497377432664306355583320648779332455558357599632067315893879725646090765179026697195727592261417927, 243, 1989292945639146568621528992587283360401824603189390869761855907572637988050133502132177, 1989292944762703628129393126983777020543613023466868831765114889563003588304355593289751)
(3957286423478283086351778679480254871024916384601107852983190705817942089187895269370627327790925683777066600775384321395603789834412338948887034827367176594834881919831764059, 243, 1989292945639146568621528992587283360401824603189390869761855907572637988050133502132177, 1989292945593205894666693832441623250436257607400102547217244501233039044407223449026667)
(3957286423566641050321326659064219033169227242374643255996465613817567006640933538855385412472227261327652338562119903729616301145836767534915197137950240577714544320834432279, 243, 1989292945639146568621528992587283360401824603189390869761855907572637988050133502132177, 1989292945637622663028157636103017766307433835969489664900800686221258102701518617575527)
(3957286422009741846155925237864151674636263122267871370408137517376783598733208926341320974137692611023766343744319496068470669993929721285899224614887847413638412374617606897, 244, 1989292945639146568621528992587283360401824603189390869761855907572637988050133502132177, 1989292944854983179196287875643377076148976950305950096037596044864888132587792023683361)
(3957286422673410713320091408952622696017150864101014639252327871637461269912504786947285152568568201202519091596138485183190825247022500263921058174094294796557652517325897211, 244, 1989292945639146568621528992587283360401824603189390869761855907572637988050133502132177, 1989292945188603659085404350716119268483006681760785174155392605584805119531367721336843)
(3957286422285732633569140401588707858416752460942891078861591735955666903286489646924410254957486841632138749514464504860693914528889882821233585853389937598282054824001273433, 245, 1989292945639146568621528992587283360401824603189390869761855907572637988050133502132177, 1989292944993721311263880948355246345799813140924271614071960272313471016331892406353929)
(3957286422840074820096555162061730482169312855141339371024031051831172805331688139197594362057564756313499312360330401252020294552596179821814859043916581427233306633928957919, 245, 1989292945639146568621528992587283360401824603189390869761855907572637988050133502132177, 1989292945272384234058948876154341267285421984809107284012927814793385207585036327452847)


(3957285300894037414343332045767153267850194257944923470548108729027540500681387122561123636296059022909435698432346127963649236800883032831154522808171996677172730523163802313, 246, 1989292945639146568621528992587283360401824603189390869761855907572637988050133502132177, 1989292381280017063984137742287990788308365361995060929808249640744603215091487832277369)
(3957286385939145163734334312877156013416861080394370496184480518657077420801806849606020357473362866200918832937647823666967083499286596821956614983919160438770687879996761347, 246, 1989292945639146568621528992587283360401824603189390869761855907572637988050133502132177, 1989292926722612699778361547003670643519732592352478610285537701242333438662606600536211)
(3957286399533189617276528030575745714636352533394828019077004058639626417756214991294753519902626388793368606979900947378916234236164276051498299906861160528034624494391785123, 246, 1989292945639146568621528992587283360401824603189390869761855907572637988050133502132177, 1989292933556218822668682164383717054383106649322184838489019135665939797702851426254899)
(3957284381080294077568566235959787413475153218743262814175945660595950408270840113967380230870538384433373168335933080803919870288499706001803407637386853252060698696788995257, 247, 1989292945639146568621528992587283360401824603189390869761855907572637988050133502132177, 1989291918897769465330567457988951842094462333678932536047174730452018222931259410088041)
(3957286376085649653054740000068776586698789803229582371823456840789482237915720677155449338220881993003698642512913564505390928984573995409971442328428399626375694910262080811, 247, 1989292945639146568621528992587283360401824603189390869761855907572637988050133502132177, 1989292921769347504584230971213787244183873607804063663944454827620014185656563305283643)
(3957101428111378062570012811540180411136807611467162437873130007640056088205803390322318069734077186610404416751140371587710647276811576306377036372987822832227355155916378791, 248, 1989292945639146568621528992587283360401824603189390869761855907572637988050133502132177, 1989199950055615232772993866608248262532318139738288583502555671619769834892032932315383)
(3957281663726322654032725766388317480571882690796102632391510488737339886112567062162601767361923307944498492193704343716859340780224028501125573500650802359906877575652173623, 249, 1989292945639146568621528992587283360401824603189390869761855907572637988050133502132177, 1989290552907919966081418213010574576330614823258935454252707731374327276667840982155399)
(3957286412594491063975616814029020965356687717211070848413529574301015151870575339845660414745626026765386432889453636907648229244733108157303256153151044555982202581364504791, 249, 1989292945639146568621528992587283360401824603189390869761855907572637988050133502132177, 1989292940122019739688764220266040302727312282416444242168807925012028765998445802553383)
(3957229747908279107303384980633489806435111229366725454982048529764013224720294080926187063659806498964073166552203666096142999666660318770576002069042207196452832323651498931, 250, 1989292945639146568621528992587283360401824603189390869761855907572637988050133502132177, 1989264455284562202389694823308635435144541079534352927380310778134646604462271953371203)
(3957286350807531102085692001450657182374427515704372618471426759424236099038782639050150808629775146401866162450082206893160223814252760829157471024423784682904892717033057747, 250, 1989292945639146568621528992587283360401824603189390869761855907572637988050133502132177, 1989292909062260493401291829867089690194273551793052451600004479686470441030573266829411)


(3942593824196783289698499210426191812041316316602319766698894647038136034029077114765184671779928541950514521968633081987535402981117650646303784269126582839154765947859876647, 251, 1989292945639146568621528992587283360401824603189390869761855907572637988050133502132177, 1981907105657610505319924786688097827188809273284573962691281476396415377225184482165111)
(3957144641586816728469549621074214464238307033018710092368503134690528718847881918311592785762485002597092283829341875890428606485429729776376992545909236427951690089010030203, 251, 1989292945639146568621528992587283360401824603189390869761855907572637988050133502132177, 1989221673088179841651055858647742766591796622548328635139246649698280574260135906508939)
(3956820733155784272633107022676804504957675318428498378127211045048680253242416927563785308893686903140745976572773021845135358841443415011543348324734992891264339893247010239, 252, 1989292945639146568621528992587283360401824603189390869761855907572637988050133502132177, 1989058847179737087778132065107510573960741684112959693622663014227093444362550445605007)
(3825817785612909395613637710091838917451894830674445477742750640700270776907813161257740272714199909284237063481993433452672587340679579927225979355620830049723891039996991529, 253, 1989292945639146568621528992587283360401824603189390869761855907572637988050133502132177, 1923204822095068372554448804136569341088408824030378206911301029992950118462226232770777)
(2450952682700255589574823778942887226961575039593400145419002935588408671486515555859168951071446405849470239497580862919631968681595046784799145034681209849495375664279186147, 254, 1989292945639146568621528992587283360401824603189390869761855907572637988050133502132177, 1232072273755930312973585602625463062583415448082895672682360132796302696697178668138611)
(3955662561110533915761653198299808240481652053045591959237692667780261831741225247949838346410614191011246855383453753551965969850443167207186649131576208255777989010892258059, 254, 1989292945639146568621528992587283360401824603189390869761855907572637988050133502132177, 1988476644318268515128916466159904870334555996325884033733347875179143897682815892848667)
(3956964345261417452170400814763076020271556957641570476252841118909059836222690418901491017299463571091643572989814437538328200787975176644591622169402247503380503860825006451, 254, 1989292945639146568621528992587283360401824603189390869761855907572637988050133502132177, 1989131039717265560199599577013197000875814698567117263319868609659280589647583744360963)
(3956472488712395500896108197291089342087053406286465269503137336810093610858109449204343992709488545519662762626546645073445223944785128736735868679232130994070299581253403451, 255, 1989292945639146568621528992587283360401824603189390869761855907572637988050133502132177, 1988883787772749202885332830331138622005803142160929801495448109843873639101814257221963)
(3957029860606216202125256190166828136285224907188879563092493110365109981045454426158141845518508747312031933509920152207883308773769675484695991877738362466239717482849874989, 255, 1989292945639146568621528992587283360401824603189390869761855907572637988050133502132177, 1989163973702650855129655910453207468402864869315302661858656835432206543592039691321757)
(3957198763782179167988475205086626385676992928505259127141771736238239650379050010946517794575988940007979498723623530385247388926021797410444870219251754871810649388727891581, 255, 1989292945639146568621528992587283360401824603189390869761855907572637988050133502132177, 1989248879837935368692436882738749593578112222597675189281919319757309207926551980540653)


(1986300400774536241171279212653085859076022504678260035174581499949195788313053633603868792178168327141384396488769357241535707942912378013368173105042721376058145908587494531, 256, 1989292945639146568621528992587283360401824603189390869761855907572637988050133502132177, 998495674118198391979514245770783836122561833395483180455197837368317735017183900074003)
(3427386872913662470990660618799608677755462968377384952242047832610139477114765099198496214618844881866114334282623562017870055049890547798863180726091556310142343559673531591, 256, 1989292945639146568621528992587283360401824603189390869761855907572637988050133502132177, 1722917120088849410596278830611329669704260424565886452350742784525652682147558540181783)
(3691539771579389518105808891673459894318302619384929238329361701773185739466428550817674207805992716349242493002986308737657444546510925134378346058676305496462049580555416527, 256, 1989292945639146568621528992587283360401824603189390869761855907572637988050133502132177, 1855704450001617226120295485087415911812240786650212881478532465700490349730269690331551)
(3957254603925768786732417653504872092998543402053138274446315842624949708537221692554741458145865533582171683186710852095580469198526044585671010375843406026316292440130052157, 256, 1989292945639146568621528992587283360401824603189390869761855907572637988050133502132177, 1989276950185096670105424243201704709662255915770766152452344353934852198020123950317741)
(1980072418060853786555138505354784118400563848864798592291981404722865421897949456541605201841675264024983061314759220251444849736387004602498283492039915752749668740712358983, 259, 1989292945639146568621528992587283360401824603189390869761855907572637988050133502132177, 995364922195845676217098613494495990688766874129866895634244530540402451975989706621079)
(2057734059435780310718746749435000633177673640824788489315628395050322396148621287642289613847149735644267345919422726197203201312677360653644561040703069535996657643137531669, 260, 1989292945639146568621528992587283360401824603189390869761855907572637988050133502132177, 1034404743628467484593014203507806747976386905073090533258332589005857643453963506286597)
(2351732375239004791676025729113519854707423815584849706279465602943831511079612307771381570106076209455524448579431571304896161893001116247113463614229347735372633099647057309, 260, 1989292945639146568621528992587283360401824603189390869761855907572637988050133502132177, 1182195101226485699563940429713447307404175351713293503577868303767538689324967111163917)
(2377312776570296671475421043065687934638964774512831329067120903733861229014318589119918645835119363913503689416062318107693223503342090187750942763831720225823461362936828207, 260, 1989292945639146568621528992587283360401824603189390869761855907572637988050133502132177, 1195054143122435854504965614904216694261049576664205463875202743457851965259351259611391)
(3892681981640307533355085167460387514782826002258433435220827786720144793018723397427311188771186077629520948280047963737812047562023742202678846852746198073781438669054279069, 260, 1989292945639146568621528992587283360401824603189390869761855907572637988050133502132177, 1956816863083790180482611807373875489698615093485928975200974616683220257288560295542797)
(3953154941798288658338044369781435429414933091796366356585398227769023480721190087249990145439227945060801324575228393714334387412876526076887992277920522604237955934931904781, 260, 1989292945639146568621528992587283360401824603189390869761855907572637988050133502132177, 1987216086230158683699817764583398155725233321321826284236864130622579064505614496432253)


(2062200046082504119260965854905591058512698898846929853788270867802810149236724417208560036606361197762889599683558509055983696378911756752095233472176558015881740813965717981, 261, 1989292945639146568621528992587283360401824603189390869761855907572637988050133502132177, 1036649755684893853103480232235740433392340489828438722642728283919124777188400379723853)
(3289256166835841415916678118876494968776264712036062199599426907047876866657866780479212823874384038739585595254731401373315492009443269523969358194769192958887735469176506087, 261, 1989292945639146568621528992587283360401824603189390869761855907572637988050133502132177, 1653480033720737558881685300536231759396991224724683439696985718383353684571022971371831)
(1978758196988395439401205192440789841732536459654328574296979590390592720296258427787817455168074891336287046547243610799849596361360567836446870415357747527012031314438127099, 262, 1989292945639146568621528992587283360401824603189390869761855907572637988050133502132177, 994704274866180463595481028554719905491151555287917081370522013906921008088661073330187)
(1978808306064867212278832693315218756960879239931521308252026899417861986466393304912358690243033157714966574566352938956433704961456616770190864602195076264422913532953090559, 262, 1989292945639146568621528992587283360401824603189390869761855907572637988050133502132177, 994729464256502095267098786008217450039892205568313344127153381038068487008486906921167)
(2048386473434926114044323353109159480754118911491787597328443758916780853116869681697512615571926736580505836606355308816419696130799730681261605242998526431310326890019938741, 262, 1989292945639146568621528992587283360401824603189390869761855907572637988050133502132177, 1029705794677109855575717590217468843180835630913940436164998332935617335603226442989733)
(1983553621883643475233938988234887683514314136258713471381541744810209108521112199256706554790152684225860667964961534126077184099549749320136894417797678462585811946910503027, 263, 1989292945639146568621528992587283360401824603189390869761855907572637988050133502132177, 997114892621479091956210747443491313232916618077239375441501483796501573895600883106051)
(1999219677976839813749325002134215960437025888021783891435463745256239366596496976625602112213301642105573426420666743755189700724745537633599713873219730003425392021076959293, 264, 1989292945639146568621528992587283360401824603189390869761855907572637988050133502132177, 1004990080701514704346512611811923307755040768523412839267504810453488563271315998376109)
(1978654276767002487855329667721772701398512515525839150279925019551002572005641632554425179239784176498282606753142206587146210581945456566220591203957978549800387758337813219, 265, 1989292945639146568621528992587283360401824603189390869761855907572637988050133502132177, 994652035088413814616001327146301298824097228740509987522808552664019167471895557701747)
(1979021005207945900593758303911661216404925885749971515179370452958886345327054313544678395244714982272776792407237205549731921739137796217954372508824502110561539107890121739, 265, 1989292945639146568621528992587283360401824603189390869761855907572637988050133502132177, 994836386237774365600056320137640929022484063583059253664358449794156223383609985204507)
(1991981590388093245762016687548148955806960456999772165257258713106127745746393859570703422563537092169736009565221815469493151872846822105868503294296422967290931624454113751, 265, 1989292945639146568621528992587283360401824603189390869761855907572637988050133502132177, 1001351557976838264762105443489281047638666382432320938795950491921876932818517327085863)


(1978644115298920472012982085852284210354784197355773088647093583568297185872915998110490939224838106290237867090244209755165238280778672720038419285529705821283456517261973789, 266, 1989292945639146568621528992587283360401824603189390869761855907572637988050133502132177, 994646927008126146863598236131055913449242821936704042285403950667943005896188780086157)
(1978646001428953330655793895208560619451180689229877380375798256521355196699324711662366473699072024552201212696176319727863419758672511892903685392416297536346667830550192377, 266, 1989292945639146568621528992587283360401824603189390869761855907572637988050133502132177, 994647875149040733298126450756801178095045078839073949809716386482985112142660797202601)
(1979071793787224678596793764970432796729706746528143353260284678836775864724592410727226914805681423863477858105523815613564252777497466924904140138687608043093195907066225547, 266, 1989292945639146568621528992587283360401824603189390869761855907572637988050133502132177, 994861917208157644152789241376097456001214558840335364915465092540524909276813544390811)
(1979510387919259899943561530479333590371287072396015411512778906710338010923229806654178667284396136679732209490098751765559485837995420649937910317098158435499805407591791653, 266, 1989292945639146568621528992587283360401824603189390869761855907572637988050133502132177, 995082394605916828371145466899403234358508998171055303281345970662790465368901201952789)
(1986673634687405882746497107475414626632554086798132173260735257449731281625013848292891103771254679018539877986959240076786691282984376160457696372829018209368232694177069553, 266, 1989292945639146568621528992587283360401824603189390869761855907572637988050133502132177, 998683295510858447889931817558497301034533736506605070975577519032735072537773611155489)
(1995683378247477323170469251312322642348439796271519317649254055314091135879569356997160919596848620016315060908153035425521325189960587310783699041738750951044960185416152081, 266, 1989292945639146568621528992587283360401824603189390869761855907572637988050133502132177, 1003212414050097358150450256449776896509611298728185891755085403438034083177035189977153)
(1978923642025991260978832883857128566933743467955022718377260740498989018302306847398971613303646929220153244702410144079276945845852194563996826619825800245444581744730697077, 267, 1989292945639146568621528992587283360401824603189390869761855907572637988050133502132177, 994787442625840248237918997911027205259468175618646703177325431202328811469813684633701)
(1978643228562544541634561028255014696772596708795113797116985850055761899941673536885567158504510565147163658569550148257156267206204136477899827442509154086188918437574583301, 270, 1989292945639146568621528992587283360401824603189390869761855907572637988050133502132177, 994646481253579098250840066402302665364405085554656090406450896215097285759733975745013)
(1978643257078647777504663278722644758116112560577809456133595762723365154527618868611773979877346892549848581303754517838994087687010418674024971946556663257608082112540307651, 270, 1989292945639146568621528992587283360401824603189390869761855907572637988050133502132177, 994646495588372421869684090291324656528105674218035493699155443151582386921123851796563)
(1978643513164295574269276720335679788613065358980515343655416154333894140030605873789009133253045640844432398900979362570287656458945432856423249858955767236130630864503550457, 270, 1989292945639146568621528992587283360401824603189390869761855907572637988050133502132177, 994646624320366549806432552914280726702883142059247881646444359559133719006122361225641)


(1978643212011537593023972429948652776903310157580136929689000129896835757145752763951999457508812250386076956885033880251501256108848528117291695968372487582331897385897163719, 271, 1989292945639146568621528992587283360401824603189390869761855907572637988050133502132177, 994646472933534036565437896359599577350080174406310232487456938775683533205340080308247)
(1978647124250178408097702901668163820834959627883691248029715273617246682501838627284674829826402164886265914974933047905945362519649691759362223781411245367545524489241487347, 271, 1989292945639146568621528992587283360401824603189390869761855907572637988050133502132177, 994648439581357018764534131352175495088652676525638884610678760699072587572799686574211)
(1978643211899053764484136311402845343169882080879246870634971984780661836688922127566210331976654895477702306792013800533131429064206135598675182585785065301652963561522066261, 272, 1989292945639146568621528992587283360401824603189390869761855907572637988050133502132177, 994646472876989409095452165361904109521616960279468786900259395806548004744597208039493)
(1978643221522748800531326437880262644258543903817297194436638485407695476386080404845901406884658514431084685710345610833314972865587249136505652421623198614699523904764848951, 272, 1989292945639146568621528992587283360401824603189390869761855907572637988050133502132177, 994646477714735934635541000703219539137028003614938051708743207423178992302377406563463)
(1978643545584826838826917780963698613383579252736531792151702170878793047856518788876634112834328805117212169436017971455009705798747530911441815264281666856002364991065811119, 272, 1989292945639146568621528992587283360401824603189390869761855907572637988050133502132177, 994646640617881370652057371548534162839362936133261874106295857933544406541633134264447)
(1978643211936672416314601804281924400707196974500717470835898089252597295199597516336390156560364010098588144135248011093339474558080332490728479079288694277499453929525606991, 274, 1989292945639146568621528992587283360401824603189390869761855907572637988050133502132177, 994646472895899973229775212841434142672068417154370347048519145515323555917032117501983)
(1978643213000984934029598305825435435655311343187013951599946440695014293718126089119357195958361708861192611422022201465195527705587639166130551063541080167897370444339062047, 274, 1989292945639146568621528992587283360401824603189390869761855907572637988050133502132177, 994646473430920478906499452768840844257344722985792094909835088390715486135876442915311)
(1978643243246907782837102363072086546796204124639296900531726232815018229849142722246107997827387914271371075603764080812160180076572596416900350337186308231618747506628739899, 274, 1989292945639146568621528992587283360401824603189390869761855907572637988050133502132177, 994646488635278849106063286662383793933239895319206098259718087637607104502962382176587)
(1978643211791745004849175613774335305245246306943554678998568671307192388877579268022504522774782714086796344329456076636726046610643531772036477027256558385429218378303662349, 275, 1989292945639146568621528992587283360401824603189390869761855907572637988050133502132177, 994646472823046243072469507991478849350810100802368832915724092300876776214482556813437)
(1978643213847613290063939866140049680029188524023907446953908147798007701897481576962016030165915389418982133421963725429082432483077148070862405171908559959765254344336733389, 275, 1989292945639146568621528992587283360401824603189390869761855907572637988050133502132177, 994646473856513078473239237627835598431609113457954455102056446713803857883863655120957)


(1978643211803896904911994975957163106474161011263327818900435147103572642625906496112603272983657460613598908982370994503636225143763795578604191658169431647879274401238086579, 276, 1989292945639146568621528992587283360401824603189390869761855907572637988050133502132177, 994646472829154895943057674512971902547441148706027880053684435396212464454676628111427)
(1978643211880252346815808035425697473550945175833497864923974697632525729855489414926925383279995918419611377356514917462396071513146355203645381739329824579303907826933426821, 276, 1989292945639146568621528992587283360401824603189390869761855907572637988050133502132177, 994646472867538102434186392986880655365767903408678618664897491094816002772332661702773)
(1978643211925288934242666822028152813526128245012112602443788454490523020113037681208418321937772126048783890914903513145796377260180300193255240512037257778577695050850881369, 276, 1989292945639146568621528992587283360401824603189390869761855907572637988050133502132177, 994646472890177597298724220593996237891537289811234083577513234614707203832595645202697)
(1978643211785102077449420425365341619479991224355067391847325997528629554477394601594985251089046270593333499032864022629034304569296112045580608853731029938864145799418206061, 277, 1989292945639146568621528992587283360401824603189390869761855907572637988050133502132177, 994646472819706902120038361608566417074405984807454888350629172470026940494039505436893)
(1978643211825391080651295444378670916572942387286910064224525446658376184117985493179268718514847094757648378599205438094681862610352019404205170734132860816633723497658438781, 277, 1989292945639146568621528992587283360401824603189390869761855907572637988050133502132177, 994646472839959828311826786582497360501046874024756379389540173682235381977906482774253)
(1978643211784912718870763382626963558728349363204562231744006844592216817597336427571766667113809186864436200676563854633038422239494017581457002504223014918826662925705403349, 278, 1989292945639146568621528992587283360401824603189390869761855907572637988050133502132177, 994646472819611713234423426152810116921553460072414682655684998498658138959944865546437)
(1978643211786208353321945793382130382757564789034816795884814691481964291052769270250000557025223611617527414622755423508396642292429979210213631210576801392674473227979841127, 279, 1989292945639146568621528992587283360401824603189390869761855907572637988050133502132177, 994646472820263017233677358076302759962764818410311588907170773537095716045896357511351)
(1978643211784889433477100219598810340120838879118769253819468758500268151577282870209141374586503090846209088672631333299279706609613793605094128517852680541722120511763245419, 280, 1989292945639146568621528992587283360401824603189390869761855907572637988050133502132177, 994646472819600007872619269356626627575611038237247325574868197523060583318861301940347)
(1978643211785305934480735663951437722006120745408047424997999053126066932464278575485255984649996861686429163493838407241487504080294659949187529049054631122331167086363009273, 280, 1989292945639146568621528992587283360401824603189390869761855907572637988050133502132177, 994646472819809379249795507899682248329449074081372882416647958369597993653714477383849)
(1978643211785685530332150246146237361192706750127389555692355777341984808715717699280878469113795767601294408874750751716814267383970809838477230707410052680008258268960913341, 280, 1989292945639146568621528992587283360401824603189390869761855907572637988050133502132177, 994646472820000198732791573407277244459529309281082250677510525217075127123454080319533)


(1978643211795692538095657119584838497480750071299213295073563077649810581145149322774769061214712021672109258800962579336438220867736322645631803148044101754694499929499361623, 281, 1989292945639146568621528992587283360401824603189390869761855907572637988050133502132177, 994646472825030633182098730891642090356331991160457575767402521843217105179309330399399)
(1978643211784840665954522651747395108697562204901353771751096540458639813308868816110879755217883713149431326298164174622775134949196897868887873604981789681794518891897010701, 282, 1989292945639146568621528992587283360401824603189390869761855907572637988050133502132177, 994646472819575492869595469274053659322788230242840219235799048310016646032818366841213)
(1978643211784836272484020168157177520281050792809694719312504448743177800852254937363401524153661486540553290342386051184986718538349368185261181200378174463104787584372419421, 283, 1989292945639146568621528992587283360401824603189390869761855907572637988050133502132177, 994646472819573284310764496293641680200912301594695434880927953786318994025066751066573)
(1978643211784838029872221161593264555647655357646358340287941285429362605834900488861983022232548712990968469752224320187859309234431365539540915845259657125042352605943027471, 283, 1989292945639146568621528992587283360401824603189390869761855907572637988050133502132177, 994646472819574167734296885485806471849662673053953348622876391595798054828167397376223)
(1978643211784841544648623148465438626380864487319685582238814958801732215800191591859850228093079423777090849835276756503186736536124404615996082126303336296687229908839034229, 283, 1989292945639146568621528992587283360401824603189390869761855907572637988050133502132177, 994646472819575934581361663870136055147163415972469176106773267214756176434368689995877)
(1978643211784837151178120664875221037964353075228026529800222867086270203343577713112021881470424707372135424776803271193967598995115542139291303081966936792100675104939179797, 284, 1989292945639146568621528992587283360401824603189390869761855907572637988050133502132177, 994646472819573726022530690889724076025287487324324391751902172691058524426617074221061)
(1978643211784838469219271409952286314489306498855524245531800494600908807080561876736384708366429724148916127303091945226928233394561164496565022157802379636990602507324487801, 284, 1989292945639146568621528992587283360401824603189390869761855907572637988050133502132177, 994646472819574388590179982783847669761850265918767827058363501048167820028942558953513)
(1978643211785301980357283428720241892431260474525554277803266170582151121253326084612123739517177750131577382277135464908676760740687626278231610991581704551924281942160177367, 284, 1989292945639146568621528992587283360401824603189390869761855907572637988050133502132177, 994646472819807391546847632217311467119760738298042576497263973298270106846738023186471)
(1978643211784836272484020168157177520281050792809694719312504448743177800852254937362685378693231393775849539905054629175242061681201187472146913073652024787406739523604835701, 285, 994646472819573284310764496293641680200912301594695434880927953786318994025066751066213, 1989292945639146568621528992587283360401824603189390869761855907572637988050133502132177)
(1978643211784836711831070416516199279122701934018860624556363657914724002097916325237262122606328649831835892007269935150026346406411652825710062706061139442303401173173927607, 285, 1989292945639146568621528992587283360401824603189390869761855907572637988050133502132177, 994646472819573505166647593591682878113099894459509913316415063238688759225841912643591)